0.000000000000000000e+00
7.157706682949971366e-02
6.262554837408274011e-02
4.927298113560318882e-02
3.568366674305067932e-02
5.287201607290903382e-03
5.266478850533218292e-03
4.210880503555181065e-02
2.502975258283868243e-02
3.283888882287477884e-02
1.041975525168847838e-02
5.748769625233407510e-03
5.347365205269305477e-02
1.819909586336265761e-02
3.262492254761273358e-02
4.433792277655346226e-02
4.871922777823556316e-03
1.371916231989498414e-01
6.726879648863892669e-02
3.970773062478638593e-02
6.370296623617210940e-02
4.216684961514705066e-02
3.770316441425425324e-02
1.332573659427538360e-02
8.895414408433222064e-02
1.116868552619418864e-01
1.122381011848316845e-01
2.693320858616399249e-02
1.818248985945380980e-02
2.076953917320789600e-02
2.120766927072912367e-01
1.109389336332133880e-01
9.267757813946086998e-02
1.062084293157203874e-01
9.690999851920611974e-02
1.029209002457616151e-01
3.470144997089885663e-02
3.711881208515874775e-01
6.945043078658752478e-02
8.083401892695896152e-02
1.773342058642528585e-01
1.260069236481884403e-01
1.434531683254913759e-02
3.947547695415387636e-02
2.963317713456703473e-03
2.053621806211403111e-02
1.616445845454981267e-01
1.041620867164549935e-02
4.401272954790957925e-02
4.400913968620514538e-01
4.650040186960247013e-02
7.656569782608446673e-02
1.095313899386143319e-01
5.034389889435431087e-02
9.268637133020618535e-03
7.644107025907231900e-03
3.382677472714767930e-01
4.151908014135141656e-02
4.600994677518865927e-02
1.729914407254860009e-01
9.895220909294710765e-02
2.085211747987614217e-02
1.156894859747126247e-02
1.611924424966204583e-02
2.543816168021706403e-02
6.599998061471890054e-02
1.244302658495666236e-02
4.548896525288359527e-02
1.024603226475688800e-01
1.424436034817615493e-01
9.633212558624038024e-03
2.706606404817790690e-03
1.902267187451123220e-03
2.064518347606902893e-02
8.917387874248206003e-02
2.041819627691054961e-02
5.654894719291547744e-02
1.160968989090349623e-02
1.445914673027637321e-02
9.163611718413200435e-02
3.550553064392403257e-02
4.425489994538445160e-02
1.145099702637670802e-01
2.751774721854873818e-01
2.702280329397117598e-01
6.714681332348426679e-03
6.974094390519969267e-02
1.434322388085504940e-01
1.240235013380681650e-01
6.107335914069089711e-03
3.056514009830557654e-02
4.445350241725964935e-02
9.231505688588370617e-02
1.792553449541500754e-02
3.978093458346876332e-02
3.840697077086296929e-02
7.796302109129626956e-03
3.163562048157597673e-02
4.406619907201925201e-02
4.329366146085966705e-02
5.256851346673219183e-02
6.977443858205134575e-02
8.173084822265863636e-03
4.648955458591697010e-02
1.478700017958605173e-01
1.010314888590269078e-02
1.056950009610080343e-02
6.865157904041030434e-02
1.901290308152425723e-02
2.357591643201812914e-01
3.854822411678782146e-02
3.019307370922419409e-02
6.474900357144264262e-03
2.416741026124924474e-02
4.457790297248021005e-02
1.795589704388689256e-02
1.155924043595693007e-01
4.746430214724206564e-03
7.045945693286093103e-03
3.173716014251670714e-02
4.521736646963070427e-02
6.232726807975641492e-02
5.395178295054314788e-02
1.983301874524645569e-02
1.768706662992780565e-02
4.238048857694298732e-02
2.165702109860738744e-01
6.616928445065450859e-02
3.913511801947944235e-02
8.862263281594007225e-02
4.534619504251935496e-03
3.175966077597180970e-02
2.194473809928316754e-01
1.229303020457050977e-01
1.550128007137541175e-02
9.109489269787029997e-02
1.377092680369429445e-02
2.435364626779294994e-01
3.331414132832222208e-04
1.160748620692899635e-01
1.111517865629174651e-02
3.030298930817387770e-02
1.355158708669863543e-01
3.886782120326781609e-02
3.912852561097501791e-02
3.349336974611549778e-02
2.483377910064099581e-02
3.308923427526089256e-02
2.993365642855660980e-02
2.644856868239742198e-02
7.890053739521007969e-04
3.455861891044609280e-02
1.683869024472439690e-02
1.057149416188440938e-02
4.521920850456062624e-02
5.050380878022231457e-03
9.167127159924071123e-03
4.102275455490023148e-03
6.340546954361592213e-03
3.895768709739932945e-02
6.264467779762306066e-02
2.385977038669029326e-02
0.000000000000000000e+00
2.318411763845613649e-01
1.884299597759726552e-01
2.704885159060310684e-02
2.280524907795156153e-01
3.537013048546304717e-01
2.267025556813742071e-01
2.085293152718969978e-01
4.049914043725664214e-01
2.765159165432420352e-01
2.681629755953274241e-02
1.889564274688027012e-02
5.210355152716505955e-02
0.000000000000000000e+00
5.202265866130506566e-02
6.562375677800602602e-03
1.590914116003130374e-01
2.537569545475983901e-01
2.311919715302934719e-02
3.449839609437965748e-02
2.577831394071656845e-01
6.773748700814152812e-03
9.213398390746441180e-02
1.062580943636657338e-01
5.998509455048317562e-02
1.535912654048026127e-01
4.011090958882235213e-02
3.311082454933877983e-02
1.953209842202250357e-01
5.832230597866949751e-02
1.137466101998541035e-01
7.345199075861685856e-02
2.085191823764924735e-01
0.000000000000000000e+00
8.297125788374160038e-02
3.714501596290631369e-02
6.178771455271636626e-02
6.175852164118644794e-03
1.154649136945451460e-01
1.327783194341218831e-01
1.100111184352314808e-02
1.813145030486262854e-01
2.999328276079538114e-02
1.203946203774792778e-01
1.271744664547638237e-01
9.386979067291001400e-02
9.684582731970170499e-02
9.722801929202962157e-02
1.598260312859896004e-01
6.159280326019356266e-02
1.245477590034189674e-01
1.564326495880141721e-02
1.632387038732296958e-02
1.093804270799481060e-02
4.921402317135115112e-02
1.079233461061868127e-03
1.205830057863428451e-01
4.543237907805774967e-02
5.181958933299313230e-02
0.000000000000000000e+00
1.069872060003724812e-01
2.553254060733083364e-01
9.967978365230845128e-02
1.623206768851899184e-01
6.573252609214286224e-02
4.636569026453774001e-02
1.337870677776873407e-01
6.408456109807847412e-02
8.149943458062125501e-02
1.880707199888886905e-01
1.311608465297684489e-01
2.412990054793731076e-01
4.524522132216475256e-01
2.823597342876116301e-02
2.784664464628328062e-03
2.398823406073891107e-02
1.114433638309080266e-01
8.567624283746599900e-02
6.416677129608405750e-02
2.134033822371428357e-02
3.041940021137001793e-03
1.368699744702892573e-01
9.268547902502533020e-02
1.795333446409053124e-02
3.172929950731706583e-02
4.004614516593640872e-02
3.771875170330662996e-02
3.727061641221229848e-02
3.666630749366461828e-02
1.358634286818061199e-01
2.710341553352169086e-02
2.527509102122849072e-02
8.974509166056954257e-02
9.438610892351650961e-02
3.530321397399660555e-02
1.927536447125888230e-02
4.830691895595951024e-02
2.248328185794967737e-02
2.460123217705447729e-01
3.324599999349064916e-02
1.222091497313737563e-02
5.801502238582578741e-02
3.716917055954649385e-02
3.453747957688957371e-02
1.383268626725975281e-02
2.403111280219567547e-01
4.321339149013780911e-04
2.685079268323065094e-02
2.360256430448437470e-02
7.504837148108922662e-02
1.418369673357311456e-02
3.865638618381339597e-02
2.376309328075620897e-02
3.013233027564865552e-02
5.116445821995885268e-02
1.108934187092902590e-02
6.318672127277746853e-02
3.545233542244563552e-02
4.260069097694341167e-02
1.673190214674669107e-02
4.097446978567464981e-02
4.194720503085669350e-03
7.211490884095006493e-03
1.416605194269582313e-02
6.026225337258406256e-02
1.405291631696297117e-01
4.750907949419236331e-03
1.995603192803319104e-02
6.405419951592605798e-03
1.061489102399093554e-02
1.095722969994916696e-02
2.591257725306483906e-02
2.431075091690590995e-01
0.000000000000000000e+00
6.246146107024230787e-03
5.482373054321687533e-02
1.143560316369818253e-02
1.052500175140416161e-01
4.012922070275326547e-02
6.916453213920448206e-02
1.822203888873552557e-03
2.538415203052473146e-01
8.751477711701483031e-04
3.332572581332549078e-02
1.258852588212189261e-02
6.737379817041944108e-02
2.194061097341748479e-02
1.584787602231241266e-02
1.292301294996889283e-02
1.757961318035761167e-02
6.026764906462034332e-03
1.021900502395123311e-01
9.694547416841015064e-02
8.632275446236903349e-03
5.294103816723705336e-02
2.015958862573183907e-01
1.446511165276795907e-01
6.855827291905036702e-03
1.757012637583921233e-01
4.989088317615930634e-02
8.990950439970912811e-02
4.029174193946705174e-02
1.097959988364580752e-01
9.052092903220465558e-02
4.110760931437074106e-02
3.464595565517214482e-02
4.370818693080025241e-02
5.277405665239687238e-02
2.654561469148131181e-02
7.698655867583070744e-02
4.550129636504252062e-02
4.013454285787254605e-03
2.822142038137753772e-01
4.123790612301991843e-02
4.394841351794198658e-02
1.194344017122617174e-02
6.291094531695762271e-02
3.124680232516574563e-02
1.087371836647754719e-02
1.427792735316479877e-02
1.673236113146536752e-02
2.760722594290765386e-02
2.233264082215464796e-01
5.389809243944831962e-03
1.126477254927795713e-01
1.750474767780598739e-01
1.229997731670895433e-02
2.946957752389245400e-02
1.040269035139189668e-01
7.863896198002695570e-02
1.487387187921740406e-04
3.989378295626355708e-02
1.017398135362412859e-02
1.054295234221820365e-01
4.531780438133914402e-02
8.330041823903400200e-02
1.692995442875417922e-01
9.921463412219111433e-02
9.862261192986387925e-02
3.361245083764696773e-02
1.721480294329236216e-02
7.313459955557988224e-03
9.440507517870333487e-02
1.155009163517917159e-02
5.122052392144027522e-03
3.482069391598052732e-02
5.417917541278161053e-02
1.269412321929079823e-01
2.037476771193169611e-02
2.380933908769362617e-01
1.572950582394758712e-01
9.516278661278310125e-02
1.977153799291642144e-02
8.679014953406394284e-03
5.838005898866516219e-02
7.155824121277909455e-03
5.842608184255393411e-02
1.974938072550003199e-02
2.545608593549584242e-01
4.008200150130925010e-03
8.153611109583458472e-03
5.705482174057152633e-02
3.078226668508676767e-02
2.233513102620410251e-02
3.716622081920029075e-03
2.341083506440355677e-03
1.063125952301904320e-01
3.660067093985830411e-02
1.088161487981196274e-01
2.739808687610079119e-02
5.682655722941909460e-03
7.129941008353490872e-02
9.455990120557888901e-02
8.067328905417436857e-02
2.592378225947111758e-02
1.617146677345022709e-01
3.256133051442233750e-03
6.527124882724510968e-02
2.369865012318594921e-02
1.115797416551167487e-02
3.782138101060983360e-02
9.658915944232226991e-02
1.209147277179294377e-01
4.595229615719809146e-02
0.000000000000000000e+00
5.088512210001194802e-02
3.764513356553234047e-02
1.226059521486355663e-02
6.902497998160406212e-02
4.409272920093076920e-02
4.491334416356078663e-01
7.452364062894467622e-02
1.322284665897406342e-01
1.702538101878552368e-01
5.499432994673369990e-03
2.589299434881375817e-02
2.351981726532965666e-01
2.410772807034886611e-01
8.617490592471721556e-02
1.527391826575597022e-01
4.547442581777261239e-02
7.654324464953710105e-02
8.968910092441717552e-02
3.746527583495851133e-02
2.169630445933989904e-02
2.937744633419647755e-02
4.608377568201316166e-02
2.220522931920854148e-01
1.983185270143676959e-01
3.741440639028681403e-02
1.164958809910681126e-01
8.683462140206543722e-04
1.253584227033694987e-01
7.620663343455014171e-03
6.441466398014128458e-03
7.465477824913246963e-02
1.632047844266271142e-02
2.732454780285742402e-02
9.375165598507706477e-03
6.631549787173263155e-02
1.126962211530608826e-01
1.127215008260060713e-01
6.315626442988886424e-03
7.030123015260514308e-03
1.766606335873381894e-01
2.424937781552687355e-01
1.017917699679609100e-01
1.961114472350988791e-02
1.710759208251033670e-03
3.836450841240868215e-02
2.369555832890668512e-04
8.199519049485015643e-02
1.096488434863296391e-01
9.076001545870227005e-02
7.070728122820924000e-02
1.094195365942525200e-01
3.581000481906304600e-02
2.061542594828500441e-01
2.150543723735065527e-02
3.780965931349644649e-02
1.225267804258312054e-02
1.113541714616639311e-01
7.674745593559073598e-03
2.256491813980687766e-02
2.832115665137102667e-02
9.439264825440218942e-03
8.540017591783133355e-02
7.142125681259159364e-03
4.887941806344642259e-02
6.284144069873054406e-02
5.902265473588919065e-02
7.333981451968529797e-02
1.230632196677738932e-02
0.000000000000000000e+00
3.917150122854096139e-02
2.802949746182203938e-02
2.757763846618388470e-02
3.238059338069376736e-02
3.062063256152480761e-02
7.731776873152540475e-02
2.797081930544642603e-02
1.354040945128058837e-01
1.114621039195551333e-02
1.350954190207165340e-01
4.681737319279921650e-02
1.553241411550185802e-01
7.451006736696186294e-02
3.108324151464891827e-02
1.357523981916042288e-02
6.224686103773091617e-02
9.716453756854370738e-02
1.449042614565039244e-01
4.617501273952306917e-02
3.312665448965468329e-03
5.606058025747184814e-02
3.918414256498614634e-02
1.338452928583766521e-01
1.716888099744018348e-03
1.715485148342832389e-02
0.000000000000000000e+00
3.805177386026326047e-02
3.850852799342963095e-02
1.921236346727095423e-02
1.525756299446179298e-02
3.179946210844253329e-02
4.427760839493277700e-02
1.655106885772248404e-01
1.045196143061044580e-01
2.087309761365041538e-02
4.441546218950875868e-02
3.311862726338787866e-02
2.719168363953716749e-02
2.134547482285054087e-01
3.506916907577917186e-02
1.392193285670693115e-01
8.939036705245051451e-02
6.308486060245233062e-02
1.874156963422368705e-02
7.340212489410369301e-02
1.654716813517875806e-02
2.147569248041492074e-02
5.980185989841402261e-02
1.261658594090686591e-02
1.551834317016602682e-01
6.624809077721049988e-02
2.459520035715190289e-02
6.026541278604380381e-02
1.106498264530211273e-01
1.425725398042487768e-02
0.000000000000000000e+00
1.711290354342587250e-02
3.409644019188640129e-03
4.964746594350266662e-02
4.198609413875775687e-02
6.061265379831937139e-02
2.452145120100190923e-02
1.859534683476926631e-02
1.584398485553517588e-02
4.841428922683466141e-02
3.746727640742886223e-02
3.493338375620602676e-02
4.303595869685405972e-02
5.870083705702633381e-03
1.798303200429707260e-02
4.192610069177504784e-02
3.072465631995147106e-02
1.628549775230734298e-01
1.287259488742353852e-02
4.048699497180763274e-02
3.657013757803539988e-02
1.244192122359333297e-01
9.202404932891816713e-03
6.426449892334318292e-03
4.351567480124618470e-02
8.234458165270464036e-02
2.851644025244493008e-02
3.570140847234171133e-03
1.074906858880826377e-01
2.848737895998532110e-02
9.660042897964693509e-02
5.478782364665324423e-02
5.771051664320925312e-02
2.270473179956766785e-02
2.090183414525448313e-02
4.453933189156433770e-02
1.043008510460126104e-01
1.367301369763307406e-02
6.300878839685086774e-02
4.903157412361736078e-02
3.542891509032042308e-02
9.258732863814156389e-02
3.610884340701225881e-03
2.888047477409916297e-02
7.937228224707837398e-02
2.044140831634244648e-02
1.696926806209653193e-02
1.502529268585535149e-01
5.874846931188404398e-02
2.777351048605147810e-02
2.653193495306993555e-02
2.605271791822705296e-02
1.960348910130438327e-02
1.181202512860402010e-02
4.265429500519868355e-02
5.834524240949434670e-02
4.767168591291248703e-02
7.373287860064969834e-03
2.016018988871159934e-03
3.441683135136486271e-02
6.805550193220977206e-02
2.465733062119994656e-01
5.006810812704998170e-02
4.910731089755415724e-02
3.611775783159387743e-02
7.709768700574581857e-02
4.371209291698541222e-02
1.774026990103720891e-01
1.156254042995250586e-01
3.218303848571579806e-03
5.648768764779266149e-02
4.895233640734986125e-02
4.806061635261649201e-03
4.591917101892661890e-03
3.393845773457293546e-02
6.447802411515546339e-03
3.155028869833564897e-02
1.731044997224717719e-02
9.490592422752008872e-02
1.340525089875752585e-01
1.410318815169020468e-01
6.863022782273464628e-02
9.661143928408222337e-03
1.213521586310353229e-01
4.720563530668187013e-03
1.319947461199966199e-02
5.099183797084982928e-02
1.200958296438869866e-02
1.074519294574605155e-01
7.610901628951793896e-02
0.000000000000000000e+00
3.864103574923927198e-02
1.980892330994432626e-02
5.877559376048946405e-02
1.133108366639072884e-01
1.425031298711756378e-01
3.599715230245692510e-02
2.608462899643182453e-02
3.480907800528676432e-03
6.419511667658639453e-03
1.508305871768467199e-01
3.191339845253349239e-02
4.862933441536476664e-02
1.176244824994121529e-03
0.000000000000000000e+00
8.343854490201607632e-02
5.357825652279935014e-03
1.161570055755092312e-01
2.048922159766295437e-01
8.449415193083620323e-02
1.753167611974593143e-02
7.784586709441931873e-03
7.734557275787157238e-02
3.985188102283387934e-02
1.511865482522090076e-02
1.155458966411604393e-02
5.774380432738368540e-03
2.368700427059877711e-02
1.788910234200624672e-02
1.678434138688622568e-03
1.482667270422401984e-01
1.717181596482131312e-02
3.632179712445449127e-03
0.000000000000000000e+00
8.643339224786839026e-02
3.696460220446162737e-02
3.457645671010478594e-02
6.270775414356855038e-02
5.495402104587299164e-02
2.951952765411824942e-03
1.694241061054402309e-02
8.826408595715218297e-02
3.497568171480036625e-02
3.825761627415147359e-02
4.542476184654020699e-02
2.078308613348234246e-03
1.208730974604295128e-01
8.537743864067071087e-02
9.527149359030939735e-02
3.525587362630044908e-02
4.586394532589022077e-02
1.146311758520210944e-01
4.640971254680081870e-02
3.558679562902788973e-02
1.346642294260069761e-01
1.853862023676979831e-01
7.090896797086987391e-02
3.089571436296534301e-02
7.858338928905972409e-02
1.037683077766082818e-02
1.392203846033659431e-01
5.031055901730336899e-01
1.633783445027106040e-01
1.133321506349416197e-01
1.823728682859870887e-01
9.523648569232179284e-02
1.527146773663101698e-01
3.371322266408594004e-02
7.476429018289199036e-02
3.874497175167057605e-02
1.619429360490443059e-02
4.202529581962721750e-02
6.067800958253499743e-02
1.415001950162864119e-02
6.971278676777803440e-02
2.321718839488084996e-02
4.592081091267630200e-03
1.215148187670607172e-01
2.196017872774014279e-02
3.769519680610056156e-02
4.143295405567126721e-02
7.774498967239917846e-02
5.537703410497574197e-02
7.626865683042982624e-02
1.839445582754972719e-02
1.906498533340261758e-02
6.828894962925602385e-02
8.737113185413569738e-02
2.740134509518643569e-02
4.003845480979251192e-02
3.561018403166471558e-04
1.594121129524506131e-02
8.912519746589797620e-02
1.827582818583195490e-03
9.740166929608928825e-02
6.307524834383215762e-02
9.113069780391302999e-02
7.989053591691686051e-02
4.911395347060132366e-02
5.830822617292774623e-02
4.990112208888497491e-02
1.431341393612228785e-02
2.022032048536841486e-01
9.421904706450767719e-03
5.846708255255972375e-02
2.101815560649047399e-01
5.253887467802531575e-02
0.000000000000000000e+00
2.032252969928816100e-02
6.987853119074571850e-02
9.689781664401486694e-03
3.619498562473655312e-02
8.266907389432187614e-02
2.840192805787378205e-02
6.874019277887200019e-02
1.927047520299396410e-02
1.001902891182995248e-01
5.054994124275236089e-02
4.619579134771356621e-02
3.190828370248688373e-02
5.116446669873830899e-02
5.723889594303788186e-02
1.297109047675242266e-01
3.452779651974058339e-02
5.358577890924198783e-02
3.642561285015410988e-02
1.047105473723739522e-01
6.885959800618035587e-02
2.468593565933296929e-02
4.134671323681171629e-02
1.479459813491219577e-01
5.531376137053900521e-02
8.475520066776542905e-02
1.409813079705379835e-02
1.013976255879205368e-01
2.752758813595157505e-02
1.735358193378733205e-02
8.084203484132235218e-02
6.756506852106447525e-02
8.049135578765742594e-03
2.197128668273151675e-03
6.704831708015834835e-02
3.545647238328619721e-03
2.929136229614215381e-02
5.453025731875360549e-02
1.360031541775441610e-03
3.322382675920820816e-02
3.845468531174134341e-02
3.509325479163916128e-02
3.839075902528410467e-02
6.231626991480787581e-02
9.171484299604237833e-02
5.461929502746265541e-03
9.296223368543188315e-03
3.167547738853384587e-01
2.652598394711898067e-01
1.418132281082016277e-01
1.209568999530867828e-01
1.197653598963110966e-02
3.677944725643946811e-01
4.246018451397937099e-03
3.774367703339631674e-02
1.861890858857684350e-03
8.529868714975119559e-02
2.797425730564206958e-02
1.169261453332852696e-01
1.233740485381504826e-01
8.014057933050011684e-02
3.519841484882491045e-02
1.873986724099641066e-02
8.426327397419353105e-02
1.811974853924480655e-01
1.528288811043623241e-01
2.084875999601987218e-02
1.801712940540722840e-01
2.733036908031394319e-03
9.078537872531100561e-03
1.592251264012363166e-01
7.098824368015410613e-02
2.503797705460719669e-03
1.723934860380182954e-02
1.266265446036074493e-01
4.367633895176936676e-02
4.243283118087948225e-02
4.225104025532466778e-02
1.994628346470417313e-02
2.337269258094742952e-03
9.786222055688842403e-02
8.716824560700686675e-02
3.293782391612687377e-02
3.832165143959809228e-02
5.667507134560700877e-02
2.254107425707108092e-02
1.065625142950121784e-02
1.045806494534939901e-01
1.236894346104566722e-02
2.240306454486873378e-01
6.330807647344105504e-02
1.384603887873581129e-02
1.176194008151281167e-01
1.478177265222546666e-01
1.066023068973072085e-01
3.092731458637310027e-03
3.291003117187329963e-03
5.878253158020996239e-02
1.088822804304800940e-01
6.850683422357839447e-03
2.990625632293575364e-02
9.135829264098926927e-02
3.414413055991349921e-02
4.170907309402682728e-02
1.691566858330340040e-02
6.125238596323079321e-02
2.397771256565661702e-02
3.150433437266730863e-02
4.737645567162562799e-02
7.195754389896258374e-02
2.257939893059379699e-02
4.348732105090036271e-02
1.983816201261845436e-02
4.541622984096971294e-02
8.351110604016831473e-03
7.617417355454580985e-02
9.239622859827711920e-03
2.818264214927523881e-02
1.050410374919703571e-01
1.542368305508645676e-02
3.704708381219390390e-02
3.197307840996170825e-01
9.916110063080463277e-02
0.000000000000000000e+00
2.303119125421826396e-02
1.857937169798340449e-02
0.000000000000000000e+00
1.184538026289594370e-03
1.897015350620483431e-01
1.646231759646070714e-01
2.030540694035387617e-02
1.411733141025903748e-01
3.099131437041524606e-02
4.406615992112783431e-02
3.278116503484529431e-02
6.298625302398441761e-03
6.028994219554384415e-03
1.300238932039547990e-01
1.462334798694886473e-02
4.184198702167485351e-02
9.087140255891057450e-02
4.614658510690894389e-02
7.819320734112356064e-02
1.478906361767506894e-02
3.767241969140924240e-01
2.104819891483167282e-02
2.393857182500624958e-02
1.657113312373326153e-02
4.358875098280545757e-02
1.283210078027714474e-01
9.765446863551385803e-02
2.749802661660272207e-02
1.133982754899589551e-01
8.461031592644729926e-02
6.697841122259440283e-02
6.219202776231380625e-02
1.494325211853775315e-01
1.571344594591819188e-01
2.724662706009883806e-02
4.816417480880730295e-02
6.715850176354898338e-02
8.028355547645382728e-02
2.066702135233278170e-02
2.053437835700577807e-02
1.032975944760039511e-02
3.146193855822421170e-02
5.281359523626871777e-02
2.387762830744044606e-02
1.103624411023096386e-01
8.677597802793002302e-02
2.412843713174339655e-02
4.352744957240517465e-02
7.812655496641340847e-03
7.970878873772058171e-02
2.866087733574840257e-02
1.122954391333248481e-01
9.003949819662704357e-02
3.270131231794870530e-02
8.536037127541362679e-02
1.844386166890465972e-02
4.771827060484579164e-02
8.668401987034268785e-02
1.332077719205582156e-02
7.828530081200302249e-02
4.859167957863874676e-02
2.296003615617037141e-01
7.004910206965764274e-02
2.055371180655045649e-01
6.489936608933710716e-02
1.188678228511585999e-01
3.112223737582198169e-02
1.130854783663703955e-02
0.000000000000000000e+00
2.278405025113450222e-02
3.516910514740345661e-04
1.479523917010183709e-02
6.476569748236649104e-02
1.085373657218218213e-01
3.452147416482720388e-02
7.097709152088871321e-02
4.300533464252254134e-02
9.882502351154620612e-03
5.568373944744742232e-03
7.243062248766918287e-03
1.247418872292005432e-02
1.170253826725886626e-02
7.527108251523806359e-03
2.762404287696718086e-02
2.131355109554711191e-02
1.820194717638834447e-02
2.030875813230093030e-02
2.633950107319904532e-02
2.520036843874606802e-02
1.676834187373721363e-02
2.549576414974463745e-02
2.044484527352885550e-02
0.000000000000000000e+00
5.931806118569582509e-03
1.104471938404483211e-02
1.997163051469641459e-02
1.293951669727100295e-02
1.102465850153322435e-02
9.542640957049819406e-03
2.959812197228117725e-02
2.221228431105171097e-02
1.730094276465443670e-02
1.029080948512017812e-02
2.660798387691354350e-02
1.049496835777485870e-02
1.358199131987003483e-02
2.314100553327946841e-02
2.507872272294697780e-02
2.979252214478247396e-01
7.335759103308525653e-03
5.851693451960571224e-03
6.269727746949449454e-03
2.050717817454472680e-02
1.002216960869306561e-01
2.454223705835616443e-01
1.430992521177163468e-01
2.891221671759502954e-02
2.082272457521225917e-01
2.846553545968966148e-02
9.071257306587199309e-03
1.167482774902506293e-02
3.700810930731597281e-01
2.501422581304080239e-01
1.681668669554081674e-02
4.133184010090218408e-03
4.542485200196288986e-03
3.877930738073143146e-02
5.313850753919719949e-01
3.506997390246295865e-01
4.821338011448590422e-01
2.617340666102441205e-01
2.697557956124940759e-01
1.600633646726468129e-02
7.425778275114147675e-03
2.847637549638371013e-02
1.975871206343260411e-02
8.497959667091059544e-02
1.833408970506145153e-01
8.437453870345557050e-03
3.517453578201568121e-02
3.323802334670036274e-01
3.090238160800531375e-01
4.601214066556735816e-02
2.006832335261510281e-02
5.442454469886470747e-02
1.921554504521694184e-02
8.549098851038294811e-02
3.724547457092253211e-02
3.749389982110518105e-02
3.850397731056176553e-02
2.230121464793821673e-02
1.170635282290728441e-01
7.327175282900277864e-02
2.583180166229492869e-02
4.986660404241050060e-02
2.369065726317653997e-02
2.985468352405540315e-03
2.887074843888992604e-02
2.043930287185480310e-01
3.893759464774682044e-02
4.562813809410926069e-02
3.683941539343038585e-03
2.537517124498123167e-03
8.315332459153257361e-02
5.850029477547113999e-02
3.452407010198843551e-02
1.435062075753883448e-01
6.599660945811081092e-02
5.561938368342289607e-03
1.277613070013394747e-02
3.897679777550511204e-02
1.259946605009147902e-01
4.982523647507264286e-02
1.138350784739206034e-02
1.670414035269196518e-02
9.767924098963565172e-02
1.401654318658289711e-01
1.667961420688754970e-01
7.856762555513618906e-02
3.044374984593645195e-03
4.999544098395070080e-02
1.026301756439451651e-02
5.261856852424529052e-03
3.618596695601450364e-02
1.503439330236666649e-03
2.895781477084025113e-02
9.310222034561554949e-03
1.359210630353597793e-01
3.314795485983079715e-02
2.021105875781730177e-01
6.546537312560740673e-02
2.505136677534469669e-02
1.388217189215890102e-02
2.353720906951473069e-02
8.081239716140053986e-02
2.982301206318282993e-02
1.011146953713790708e-01
1.279458534331956443e-01
7.648502591198180767e-02
5.521163888109459350e-02
1.167593222386642537e-02
5.113192242799069476e-02
2.072526700942223243e-02
8.934598676402760731e-02
4.923480073260133594e-02
3.741589605085149373e-02
2.338671399649472349e-01
4.163572013107241787e-03
2.129721452973054596e-02
1.220725461786553723e-02
2.664018909854508621e-01
4.730438956570219844e-01
1.231145436689118355e-02
1.565473695057484349e-01
1.100373977959741012e-01
6.989459789153773528e-02
7.548919559905442611e-02
9.431616737350800861e-02
3.318377571510833235e-02
2.557656617350456685e-02
8.025506827468564808e-02
1.322480354597921348e-02
5.889372200549569669e-02
7.249455065276855237e-02
4.473643664267257236e-02
1.323700905456082211e-02
1.491169115014514546e-01
2.617996081647468998e-01
2.182562030688632859e-01
2.163819942620603953e-01
1.096675435138116939e-02
9.134565353535961663e-03
3.025179737136340918e-03
0.000000000000000000e+00
3.549595324844823097e-02
8.385592193209046030e-02
5.100063972165624904e-02
2.551113580305663930e-02
7.197948166302214901e-02
7.563269550136286767e-02
1.749787181774742351e-02
1.055513380652550737e-01
2.516777395746405688e-02
2.305920093921542957e-02
6.104042173054935461e-02
3.949903970339629922e-02
1.231142305387535885e-01
1.345401365086758005e-01
1.203234708070706205e-01
3.720027141170412222e-02
4.681759206553159913e-02
1.796646584271410774e-02
5.603413388746769641e-02
4.308946227325627376e-02
2.876086394566979010e-02
6.037302593755278224e-02
9.560893724913555047e-02
3.836972294479146228e-02
7.782629613751446129e-02
9.073530706242038946e-02
3.151113982176756423e-02
2.067376155742728372e-02
9.156743156679780782e-02
2.421258006153337305e-03
2.387199896463165771e-02
6.944138737080507440e-02
2.448508557286821485e-02
0.000000000000000000e+00
0.000000000000000000e+00
2.390729236974209471e-02
1.663413532481596846e-01
7.437265632893641509e-02
7.623978715997914435e-02
2.758582458874236920e-02
9.340556310177827726e-02
1.389186084718208036e-01
4.733192533758590059e-02
3.938116795923818358e-03
2.958067328725189071e-02
8.436598799035799345e-03
2.621990519204242531e-02
1.697507690481092624e-02
2.841729838204987146e-02
3.512973369387495381e-03
6.020521445134097149e-02
6.621267033626399012e-02
2.276488778356622333e-03
0.000000000000000000e+00
6.825117672361713517e-03
1.772660187087371497e-02
5.486902945178240287e-02
5.682035302976906621e-02
2.398037028048172203e-02
1.472256956804285366e-01
4.595945522369238034e-02
7.926765476777752895e-02
3.755800048076718411e-01
9.469233982772351510e-02
4.077753944656858920e-02
1.380142245910063181e-01
6.512122001126385840e-03
2.382878566905688444e-02
4.637308336128498354e-02
4.416731037291121709e-03
3.394106002684438295e-02
4.682218983269592627e-03
3.266210646952671937e-02
2.839293149866763954e-01
3.688377192781544522e-02
1.542384072379539006e-01
2.706831872845061326e-02
1.612021518741979520e-02
1.600169421959405369e-01
2.260228817182952099e-02
1.449656446896785411e-02
1.080537229365674534e-02
2.255923754800193137e-02
5.524281519644702598e-02
8.687009447111648797e-03
4.314922076828064945e-02
2.412302380567554749e-01
7.185849965953394758e-03
7.066593118729347367e-02
1.200016794714997559e-02
3.714850122815427369e-02
1.065301107963598781e-01
4.470148522537620295e-02
3.241321002223962466e-03
3.153119313569785476e-02
0.000000000000000000e+00
2.775588066497292061e-02
8.685813487694815649e-02
1.170853083880540879e-02
3.576747001261804115e-02
4.827444531592561816e-03
1.430600884947086371e-02
3.381499377911545423e-03
2.101652552392323514e-01
2.832348222817060446e-02
4.988650270139416421e-02
4.998523349617833844e-02
2.136633584445402079e-02
1.017864378550079607e-01
9.120657349251715118e-03
5.002295382665966628e-02
2.734428378081767974e-01
4.693102010625338494e-02
5.382457061793743947e-03
1.535576607738509125e-02
4.418784485800131279e-04
1.751153624933721176e-02
2.003034749135768067e-02
2.841626491327975401e-02
2.204017382659539948e-02
1.180256654266305105e-01
8.632452801841772327e-03
2.949914257580310561e-02
2.481085635793967015e-03
5.308814362820424293e-02
2.574805534169843924e-02
1.196950289130533918e-01
1.785703691491562495e-01
7.158614089959769444e-03
2.057058319844617955e-02
5.752099695590651152e-03
2.165649625728605088e-02
8.237326849668491491e-03
2.418432602987508062e-02
3.470394268285659223e-03
1.302386086455609160e-02
4.077288821450331113e-02
1.722205099588451915e-01
1.766408190108341714e-01
6.872047042334283873e-02
4.601802806694621495e-02
1.123014705124356638e-01
6.517475118526583344e-02
2.052378278565765157e-01
2.059140685575897578e-01
3.101285148689569837e-02
7.578210388764716754e-03
1.309500809780850261e-02
3.689113958282419503e-03
1.594030212228148002e-03
1.200937053936153021e-01
3.935741173127915715e-02
4.324387818719799270e-02
1.438827729235914177e-02
9.802949714369013634e-03
9.171945529575786793e-02
4.773483317259064052e-02
5.732741801542040605e-03
1.707205263198297018e-02
5.147164078547739052e-02
0.000000000000000000e+00
1.300481769723482728e-02
1.128553647947798666e-01
1.497539221710653123e-02
8.110423372509334428e-02
1.521900404074116864e-02
1.497017496655068669e-01
2.367560167536106874e-01
4.032277564793051994e-02
9.467962973557053630e-02
1.866983866483904464e-01
1.986308482785847929e-02
7.351614909626125183e-02
3.716713275494143431e-02
4.911378223298434875e-02
1.713261015023093137e-02
2.073145488570471429e-02
2.834896880488102511e-04
4.556148462595288606e-01
7.699998606505076282e-02
0.000000000000000000e+00
1.819795492755105215e-02
1.068473255199284822e-01
5.547742658571053198e-03
1.457510794600036519e-02
4.970177990440305393e-03
9.067907580885847807e-02
0.000000000000000000e+00
4.099739083531162009e-02
1.346619498242862534e-02
2.310932147569211281e-02
9.381526521468508406e-03
2.455793909869630198e-02
3.380638565450233557e-03
2.585252615078204030e-02
1.696389119720720373e-02
8.990320309329113968e-03
2.207898586202130531e-01
1.056228742027620626e-02
2.814484070596812160e-02
4.680640229123245177e-02
6.018047281165372908e-02
1.830517017471011698e-01
3.934601647830060500e-02
5.347905805408625923e-02
7.240025939917060782e-02
1.205717720485921518e-02
5.397122183081659585e-02
4.168997943583363508e-02
1.654729018414169417e-02
0.000000000000000000e+00
1.360445219448678245e-01
0.000000000000000000e+00
0.000000000000000000e+00
7.301602387756567225e-03
3.762914222724509372e-01
6.989893571517935555e-02
1.603838907398733582e-01
3.893392495172687262e-02
7.618222285228348767e-02
8.288185636276779178e-02
4.174490554827769984e-03
7.861218469935593589e-03
1.867401127171053332e-02
1.848804199692493100e-01
3.525927934251527063e-02
4.330167391395978171e-02
7.821311097099936660e-03
3.035457303978894572e-02
4.235519023308498276e-02
1.347990320998526670e-03
1.226713479570840093e-02
5.965917214568072779e-03
1.338002746669708642e-02
1.987076002486807269e-01
7.633504189144524332e-02
1.853703826859032233e-02
1.252123485353955346e-01
2.750125703533612409e-03
1.185547931117181264e-02
6.427886484192590899e-02
6.114987091373969008e-02
6.099515504936725563e-02
0.000000000000000000e+00
2.229884516216085188e-02
4.135713011353203683e-02
2.676012562084473245e-02
1.736868258428803102e-02
6.280806426929608222e-02
4.133361984216321616e-03
2.504766339559001409e-01
2.443370674939959741e-02
1.245424653283642158e-01
2.580161848558848448e-02
1.449438927504695940e-01
1.559432527676687386e-01
5.755942425540538920e-02
4.925075927981037438e-02
1.044289701110363566e-01
2.978877321339012951e-02
4.482206512840747337e-02
9.148190488497132122e-02
0.000000000000000000e+00
0.000000000000000000e+00
5.231536855119589546e-02
2.107509028279341834e-02
9.608591021488699369e-02
3.136838698226718236e-02
8.021496789815962813e-02
1.316572736800081245e-01
1.319479729544310587e-01
6.670570228281391678e-02
2.565109835906849156e-01
1.163686808799635486e-02
4.306184873022722570e-02
5.048464741530001021e-02
1.469903469836975063e-02
1.959325790922514798e-01
3.171104046955175448e-02
1.511175262189157209e-01
8.838787502960521181e-03
1.042324845263866706e-01
6.619014864129013631e-02
9.721959513964151256e-03
1.055722958512372855e-02
1.014538428136111392e-01
1.225901348715510153e-01
5.059653608176883921e-02
3.802709273274196278e-03
7.478102462359359492e-03
3.522982441555555511e-02
4.637462030755905573e-01
1.730121598010949668e-01
1.596700149559904247e-02
3.335274849631719718e-02
6.813071918865709620e-03
3.195996336396866866e-02
1.128786651110491590e-02
9.780358844841963162e-03
6.494646367745193771e-02
1.775017816181190256e-02
7.734094316150219584e-02
1.089252771274189513e-01
6.298246629068415814e-03
6.588166092658909179e-02
2.986503410355867416e-01
1.829594592989636226e-02
1.159351688349268272e-01
4.064773116086950466e-02
1.688255602796751020e-02
1.102286504567118186e-02
2.719337421282919109e-02
4.575697876816153808e-02
8.866255205211626134e-02
1.409093169073534213e-01
1.217602328854461291e-02
7.697779295951701073e-02
3.125266892400357932e-02
5.677918258646386107e-04
1.440522298882473962e-02
3.064239558352177539e-02
3.107439901797448556e-02
4.185311256235380029e-02
1.959699926068481091e-02
2.136922535599783401e-02
7.247711864053041353e-02
1.363375045482140280e-02
9.705272597942826707e-02
1.108689564840723563e-01
1.264106686063248830e-01
2.125105963134128473e-01
3.144812513124417563e-02
4.578740689554017251e-02
8.390669932935956865e-02
4.178815961404236390e-02
0.000000000000000000e+00
8.187629272885121878e-02
2.792574065361819180e-02
6.000194462519026217e-02
8.789699309983145525e-02
7.019049609026772885e-03
1.036267806796589142e-01
3.589445305621286053e-02
2.383222243017790731e-02
1.254240479978063760e-01
1.684716282559595157e-02
1.158306428043331948e-01
2.733872549336791025e-02
8.847067543649167476e-03
1.341761597623012392e-01
4.175558612027696626e-02
2.229159671751101968e-02
9.056774689646918119e-02
1.919785547484842425e-02
4.107594073921827516e-02
1.018207343762567163e-01
6.866690765128247165e-03
2.163383430780463357e-02
2.679881870975986402e-02
7.547889465174240087e-02
3.860607698162255019e-02
4.944212165191252950e-02
3.285904270454853560e-02
3.547582391355472708e-01
9.616248987533992931e-03
1.816957644283156981e-02
1.558820205173372386e-02
1.115740936860998289e-02
4.190456178778045881e-02
7.608218304873215487e-02
7.885125292305339428e-03
2.116545970562979662e-01
3.243427253881936423e-02
3.108390610235289842e-02
0.000000000000000000e+00
4.012586812434904004e-02
2.219821042723957305e-02
4.530046910878926525e-02
1.057196826168826931e-02
1.054201252053248439e-01
1.547647158296250325e-02
1.342161750296098077e-01
3.045141612964288313e-01
7.101512582733082724e-02
2.764903638542204334e-02
3.010274044584537734e-02
1.538062526338279667e-02
1.588614876862948222e-02
3.350050991072350826e-02
6.845340565765756224e-02
6.971865396672871640e-02
5.758814719836102825e-02
2.050378509835306673e-01
8.130480727904920712e-02
1.333815938485480856e-01
8.773735729935339123e-02
4.735578875470380922e-02
1.214493989413334418e-02
3.028033794661855183e-02
6.634182501352725581e-03
1.008729038102007536e-02
1.288263858175833221e-01
2.057032593853147517e-02
4.514934497195532970e-03
1.456945598490122507e-02
3.784154315565224636e-03
6.404673972720154040e-03
7.776562292790600850e-02
3.355014367848241363e-03
5.927284021389755964e-02
4.221756700581114075e-02
2.379132352530630712e-01
1.210400024232525240e-01
9.493844154238040289e-03
9.069386113026212115e-02
4.465386568688334279e-02
1.767070838318485215e-02
7.261496959408386687e-02
2.316625185976217693e-02
2.847500569520367009e-02
4.834928211326250391e-02
2.691153782805866257e-02
3.662958206709987508e-02
2.079991576250179719e-01
5.000492799302058700e-02
1.210741234258794208e-02
3.761801640852002748e-02
2.223640326091391728e-02
5.450289627144222493e-03
4.209852548968484598e-02
5.035163582334334365e-02
2.030772187972695875e-01
5.455823214063570958e-02
7.957939802373203975e-02
9.109695844049614522e-02
2.358214509049982865e-02
3.802264478752004351e-02
1.139284814239145405e-01
2.367606119467158265e-02
2.426305426013186661e-02
3.691276161814283086e-02
2.345062807050357634e-02
5.577205160590192889e-02
5.877428811486140603e-02
2.462966698905599827e-02
1.558820627630019828e-02
4.409217771613249681e-02
1.690570258286783201e-02
2.246604387085149312e-02
1.927991305615073259e-02
2.203331106659600636e-02
1.145618502196503741e-01
3.957910388645125010e-03
4.514163874573551283e-02
1.943563378436570233e-01
1.057214680251998828e-01
3.068340536220404147e-03
4.233052357848876568e-02
2.102702901472728314e-01
7.735079785296861132e-03
2.506186371247220990e-02
1.261483564020604575e-02
3.366820225952338319e-02
9.142947375639032259e-03
6.203297737448032478e-02
2.595776802153348939e-02
0.000000000000000000e+00
3.957727409138698249e-01
1.705998224878335634e-02
6.536070765482007161e-01
7.961827312828972936e-02
1.415511144482470840e-01
7.961605841818375495e-03
6.441625194611599881e-02
2.245554783747314431e-01
1.161882659875281831e-01
4.182161768611702968e-02
1.533373409884752903e-02
2.337930273870076903e-01
1.211008552369960967e-01
6.827573975039769039e-02
8.939333843179930739e-02
9.098510121094260938e-02
1.823098909047988769e-01
2.109490875615627203e-02
3.048506826495334110e-02
2.811156027610728358e-03
2.814861240486621341e-02
3.549712598726184609e-02
9.257905578044400841e-03
1.171724659590269724e-01
1.506208171334364465e-01
9.415754094850026235e-02
2.731349347130240801e-02
4.634004556851234469e-02
2.952715429610375253e-02
4.677838737724915319e-02
1.558717181203865820e-01
2.209728359133666942e-01
5.742890724719007522e-02
2.115001880939360035e-02
9.387560544039885713e-03
4.205135022997730232e-02
9.507012962689742608e-03
1.378306508072579817e-02
1.792228545212406488e-01
5.295425238826645398e-02
3.224858425602672440e-02
1.915860037270089578e-02
1.494284980135258678e-01
2.952019117384008240e-02
4.855902044247129012e-01
3.166677200357259636e-02
9.812743167060844485e-02
1.586661988693700565e-01
7.689317012531660112e-02
1.140645856321800267e-01
2.094772544704506245e-01
3.327501977495739283e-02
1.060053152594564452e-01
6.981843275582200192e-02
6.567736688375003240e-02
3.063027223548520084e-02
4.482183347747970004e-02
3.826644961558045566e-02
1.128492605238040625e-02
5.489781991961173446e-02
7.219470582734377473e-02
1.655706121270830167e-01
1.782916630960595938e-02
4.561778711504427264e-02
3.077636897678370786e-02
7.028375054567259639e-02
2.382329586848452863e-02
6.172281961703429687e-02
2.950464934868879396e-02
6.844893167376220333e-02
1.445886964487108628e-02
3.102174558416903594e-01
1.448146728851718024e-02
8.573431070643433571e-02
7.063159166550114776e-02
5.907327262733907958e-03
1.125843273584985482e-01
1.816673853899315461e-01
1.000656642751689418e-01
1.141084260604658951e-01
2.427932953393963089e-02
1.116393548701433147e-01
3.482709771750691630e-03
3.063701947898929134e-01
2.216655558694746730e-02
8.374635582314660098e-02
5.551893507802585503e-02
5.048452553733628889e-02
1.632188305688382357e-01
3.303366210356006860e-02
6.877731657781716024e-03
3.054314187943063530e-02
5.005874424303957682e-02
3.055084213119219072e-02
9.161121791951920557e-02
4.329234916641766517e-02
5.094369786508678999e-02
1.769526487867345566e-02
1.434876405447518266e-01
2.558766833280312625e-02
1.582654239785084016e-01
5.669531928077731209e-03
9.167910166117287929e-03
1.470521976510941187e-01
7.112165939702030926e-02
1.784260401284232245e-02
7.909971023811213087e-02
1.432176524042247934e-01
1.220154619161677445e-01
6.086528106566468921e-02
6.271437275174207571e-02
1.292573633179383563e-02
2.687681457021895426e-02
1.924530502842092261e-02
6.223982758781332336e-02
2.972574674739014711e-02
6.041054973844861564e-02
2.209775975979955120e-02
3.038749295400311468e-02
9.676916881315111851e-02
2.973415425751824159e-02
7.713860437859487718e-02
0.000000000000000000e+00
3.394480983380265826e-02
0.000000000000000000e+00
1.182805151681796119e-01
4.718690163626693135e-02
3.944774910126280787e-02
2.733083548123893536e-02
3.114063442905568024e-02
1.462636178924281438e-01
4.798075421698211329e-02
5.829870405621129237e-02
9.718895149311013171e-02
6.385704739594100232e-02
4.167113347745043939e-02
4.004891524624154542e-01
3.030808508240490085e-01
1.933579456818108611e-01
2.620588192930473070e-02
1.335589419757532426e-02
4.439583821994919077e-02
0.000000000000000000e+00
1.757267051722948281e-01
1.205684979709165106e-02
5.513988098478339595e-02
5.993415898673415398e-02
3.004171409888023447e-02
2.904152789247049782e-04
3.506098467605944791e-02
2.192284087052431829e-02
4.818011986636072663e-02
1.642353909262341816e-01
8.508916461883320181e-02
1.239529274453907703e-01
3.013048423390785047e-03
3.175093249674265650e-02
1.287446774586253895e-02
1.145881159085018197e-01
1.513478570057404937e-01
2.079138009891057237e-02
6.817360881236567138e-02
7.749358262445671386e-02
3.136803469070859052e-02
3.019955284597397593e-02
1.246550898335287982e-01
4.970517709674293627e-02
5.603391758580045234e-03
4.060333536387261688e-02
1.256344631904475762e-01
1.001265209153956448e-02
1.987459633608779086e-02
4.650213024125449124e-02
2.046811787086433299e-03
1.681826215178894302e-02
7.314375987277799140e-03
6.205371470141773926e-02
0.000000000000000000e+00
5.027479175693905233e-02
1.443896003219826696e-01
5.030982485517565550e-02
3.901019168598285347e-02
2.222508687068991406e-02
1.094669289011775959e-01
2.480607976679127802e-02
1.343107128374398940e-02
1.291042592409752388e-02
7.369688649395378377e-02
2.240668893422892438e-01
1.163525171582975304e-01
1.612545265819900209e-01
4.331730796243782322e-02
0.000000000000000000e+00
2.393032475974887774e-02
9.663264972127549868e-03
1.232833349489226293e-02
4.184530032534716781e-02
6.464472660187325914e-02
6.756004786222025160e-02
3.028062422182564717e-03
1.058840745674682893e-02
2.688458572776930566e-02
2.334167004985321370e-02
3.929749010857541691e-02
3.020944302966732664e-03
1.916924016797061370e-02
4.179689495044325298e-02
7.948015335420777205e-03
5.175643086331920273e-01
4.399558270564618567e-02
1.017740808062903568e-01
1.429966752384626005e-02
3.638669069969155956e-01
1.317179873924958500e-01
9.289311855308568511e-03
0.000000000000000000e+00
7.789259970578310543e-02
1.405194725638896358e-01
4.615793300443282732e-02
6.974261307974405355e-02
5.679455539768518690e-02
2.046099841963133770e-02
9.613481779160171214e-02
8.606717208296643662e-03
2.808485111143710355e-02
6.816145440976661973e-02
1.217502329757458313e-01
1.197086147812003176e-01
8.810719765725671948e-03
2.083767810981740354e-02
2.301037002652783769e-02
3.429703778165738015e-02
1.308582106192179850e-02
1.771867514404235067e-02
8.225112372367071600e-02
1.873769942670211464e-02
3.455522440015457164e-02
2.599594879028988004e-02
2.300276865827255435e-01
3.730385102918987172e-02
4.216502013457734677e-02
2.403041547943551848e-02
8.167846663503386395e-02
7.089185374555029284e-02
3.018440520589127374e-02
1.684265919172034387e-03
2.907716342941490950e-02
1.031977812211515300e-02
4.350387222817175825e-02
5.468584507478535528e-02
8.587817482460735619e-03
5.634916097993958317e-02
1.215922362534005430e-02
1.211971005570733340e-01
1.165532252156777915e-01
6.290860387312413593e-03
1.787905177898085896e-02
4.056636975918248567e-02
1.711079792965159996e-01
1.637995897827071445e-01
1.052425107565415630e-01
2.945467127656264950e-02
6.841884659738539654e-02
3.720472427995780151e-03
5.919403985785720579e-03
3.101587218840595739e-02
6.877712376227673730e-02
1.591418135116473564e-02
3.673939974828366317e-01
1.562646603307742410e-01
8.690692826408863425e-02
1.481911957185033657e-02
7.036113560521251031e-02
7.157388459742364262e-02
2.741779120677101389e-02
1.516680236381962033e-02
4.610705911855728090e-02
8.808965343320984687e-03
1.375736148809725279e-01
2.524533015748469111e-01
4.846779393059819085e-02
2.260408442952055452e-02
1.999873604026243257e-01
3.597731671278836529e-02
4.548644071176877191e-02
1.876583241783080780e-03
3.429892459884253952e-02
7.142349647977486171e-02
1.041340874374885317e-02
3.128148292980776901e-01
1.971969358095879699e-01
7.350795852398839259e-02
3.967933060082362573e-02
4.000668023342290880e-01
4.432752225485003805e-04
1.307633902665719106e-01
9.538660049695835141e-03
1.107660961751006923e-01
1.153226366048372142e-01
1.137270444854552309e-01
1.905092642900800826e-01
0.000000000000000000e+00
3.245455998838941980e-02
2.797016329410251245e-02
4.911910636164407151e-02
1.855386051859042595e-02
1.285839168152635992e-01
2.727084642251726976e-01
8.544761253681443236e-02
1.505671755662785216e-02
3.354691663700402060e-01
1.674586655887164710e-01
2.738097793666209867e-01
1.286838942276418152e-01
1.100760914297183035e-02
3.367066554018727231e-02
4.779829520796319287e-02
2.355335420290316506e-02
5.216625035971489410e-02
1.521125356562311737e-01
5.244488627802024183e-02
1.263255234511468927e-01
9.977908892722098244e-03
1.701391836493026943e-02
5.065381702813009923e-02
4.084576575912635121e-02
6.064110132695255118e-03
2.549333042041457276e-02
4.687083928355484375e-02
1.244985893887360362e-01
7.848594748932047338e-02
5.797062744797010225e-02
1.962052453036466915e-02
3.771142872806620971e-02
5.163333955557458665e-02
2.042474317327958033e-02
2.156662231723327494e-02
5.236337445190919482e-02
1.422650131858116396e-02
0.000000000000000000e+00
8.712276111641159559e-03
1.001547558356161716e-01
3.751076240715356391e-03
1.603226901843850527e-01
1.609621952607032114e-02
8.512321237394626650e-02
2.355400141398433789e-02
9.659929630608043993e-02
3.167762366691739828e-02
1.217763278831540674e-02
7.402665384088980005e-02
5.334594311430329583e-02
1.608863458823233117e-01
3.373122432673030247e-01
3.116916392602355756e-01
3.141360434911710797e-02
2.378709626528108245e-01
1.072060260485763195e-02
5.086673928513363308e-02
7.414032349372767783e-03
6.267129980188990146e-02
7.072409956920289176e-02
1.784207595371789523e-03
1.817043096582615647e-02
1.068352141523742915e-02
8.067323133594150875e-03
5.606322584726708413e-02
2.329865519551708175e-01
7.577274596440020105e-02
1.292129745105947691e-01
3.350998878958755256e-02
1.978257813585670988e-02
1.934326657122564797e-02
2.064155810752854592e-02
1.122748779005622310e-02
9.542974667736459082e-03
1.265748490964391237e-03
6.015563800390033578e-03
3.563939112497305217e-02
4.539207431311886864e-02
6.247420916887858056e-02
3.024792617936622463e-02
6.624079770497193209e-02
2.234459085051021532e-02
3.212838119301508755e-03
5.163803497180907698e-02
3.802738731351098522e-01
8.560623993296267997e-03
8.534063177638273601e-03
4.117297309768908065e-02
1.144090941210951229e-02
1.310032977618948991e-01
1.358355830677000498e-01
2.841860782950700326e-02
9.174533242018156898e-02
0.000000000000000000e+00
4.243775585008702222e-02
1.094042042997562802e-01
4.176565047039826339e-02
3.398711204743891656e-01
2.633053854357925161e-02
6.649740611732291029e-02
4.335273037885034597e-02
2.208077185910184426e-02
4.295454755646765932e-02
8.406155282825622521e-03
8.218580142862563775e-02
8.671902306028034246e-02
9.008592353597588698e-02
2.540568129961506827e-03
1.708413742236736255e-03
1.422480603224496321e-01
2.505708017521017794e-01
5.289200645753755481e-02
2.788828557416245246e-02
1.051873750610399227e-01
2.710728907604487148e-02
4.911661009744605622e-03
7.410704322055483573e-02
3.518665180487801081e-02
1.859450270373486092e-02
5.762007540294700192e-02
2.629701590441158032e-02
3.945058629450404197e-02
1.579717768195010308e-02
2.365684929560085692e-02
2.412433784193268593e-02
1.695432265063523403e-03
3.968210789324899679e-02
6.537139376662448598e-02
3.339133626417467582e-02
6.761405047852875327e-02
4.911032770833045902e-02
2.761599615696308518e-02
8.262908286635806121e-02
3.609242476752694273e-02
6.115265390071122908e-03
4.360579407698139676e-02
4.890907567102420472e-02
1.956067831910335286e-02
1.345035110452119653e-02
2.013776784969234512e-02
6.221652668774169115e-02
1.436607243579768323e-02
1.007895357237664768e-03
6.130399897938509923e-02
1.017527169122889319e-02
4.402836349691874318e-02
1.988969194533218854e-02
5.437369607741882049e-02
7.085519185507749285e-02
2.586897293182754964e-02
9.397816513667223148e-03
1.726726423845192926e-02
2.002413233705633289e-01
1.352368500517995287e-01
3.483858404044681834e-02
1.718859901592484363e-02
1.875542259022200398e-02
1.740258394321347879e-02
2.517168537751945934e-02
1.733200967807677628e-01
4.096755689567999070e-02
4.741281029312283124e-02
2.355609632047954705e-01
2.163269195051054083e-02
2.724364238351864032e-01
6.181420381060309666e-02
3.331893408184045668e-01
0.000000000000000000e+00
1.560242518163352798e-01
1.044021390846783248e-02
2.980295125121390498e-02
1.337150797112389711e-01
8.478462925372909353e-03
2.179750785903333821e-02
0.000000000000000000e+00
3.109383989987435370e-02
3.268758492244137059e-01
4.222353823312285925e-02
4.488207460541104865e-02
1.368293528534838543e-01
1.310363957320257455e-01
1.665005851552248117e-02
5.501089185014418348e-02
9.910134341811982495e-03
3.656507130827346685e-02
6.236308847228855257e-02
1.964591195991900463e-01
9.062983151148440442e-02
4.154120327739008189e-02
6.126150262881235875e-02
4.966420361915613313e-02
1.726732293542720953e-02
4.746601868525068824e-02
1.380303953719650423e-01
3.936812983627646645e-02
9.156634008822273074e-03
1.955382470691535701e-02
1.267510395011157698e-01
1.539335404994588430e-01
8.354104642555437721e-02
9.874454129074639042e-02
2.726337623831565082e-01
8.520542389575957998e-02
3.055617857130688009e-02
9.641374375344469172e-02
7.367180240596571394e-02
1.122492876377494397e-01
6.166284260534560246e-03
3.316063216439157912e-02
4.997259612514781679e-02
3.797834746825046182e-03
1.377525772263696879e-01
2.997601864871413113e-02
9.598583157858175952e-02
1.748993844773671924e-02
9.985756707023885070e-02
9.409081325344281765e-02
5.854837804271095791e-02
7.053140455761752747e-02
1.193745778467736329e-02
1.684254214969627128e-02
9.564395786727963866e-03
1.001838539569455122e-02
1.309461160697100723e-02
0.000000000000000000e+00
1.429869830972059219e-01
1.825558889690626074e-02
5.503501063851512498e-02
1.346800841053941156e-02
3.352386186731237672e-02
5.579255503951063844e-02
4.003721103266677517e-02
2.748409264397455587e-02
2.470866318433095898e-02
1.134573050301055375e-01
1.492402855731977951e-02
0.000000000000000000e+00
0.000000000000000000e+00
1.409619923242821926e-01
4.658698212680612016e-03
2.343662349550079682e-03
1.132253633558706341e-01
4.007405500071570259e-02
6.896526801244640126e-03
4.404965584291442582e-02
1.962267132463946240e-02
1.308993993970339886e-01
3.539352526372407937e-02
2.483639914540436422e-02
3.185449747666879716e-03
4.194719490644871485e-03
3.033967497906431277e-02
2.847254062603266078e-02
1.627847132173076972e-02
6.594383798208092173e-03
7.234311448692398727e-02
1.452323044917402939e-02
0.000000000000000000e+00
1.081162157167536719e-02
0.000000000000000000e+00
1.274538189285401302e-02
5.745901593000368734e-03
3.188602142864205291e-03
1.375141456416999475e-01
4.925074616160429741e-03
1.383707275716323792e-01
1.674843017099565401e-01
1.162665390954096267e-01
4.042182672820970879e-02
3.378453856934200417e-01
2.471638973363141645e-01
5.949312685854835081e-02
2.330892634149606124e-02
1.492841182433117808e-01
1.882405080634246275e-01
1.093772646348076805e-01
1.088647959580963942e-01
5.335805270240356890e-03
1.729477568641382135e-01
9.924967104795534567e-02
1.370366552494086676e-01
5.730659765411783013e-02
1.782567415290792212e-02
2.561150149301392176e-01
2.161368519719113479e-01
9.268299537671609301e-03
7.801096803157214765e-03
1.969385180790705903e-02
6.223585455095292929e-02
5.465724263343574307e-03
3.997929112903086946e-03
8.371312263152574928e-03
2.350336685793230629e-02
5.988127743902982303e-02
1.486480172255788545e-02
6.531276301169075538e-02
5.197968691289034382e-02
1.804305136116637343e-01
6.772344002943242458e-03
3.072677489775088588e-02
1.075860479577945839e-01
1.663938510298379470e-02
2.197189063007698451e-02
5.988111056804967802e-03
2.139320417417156506e-02
5.108320497344198685e-02
2.050970416489850123e-02
3.762825593361718290e-02
3.341655195771853215e-02
2.350863779586909175e-02
5.652496770509607416e-03
8.915889542864086081e-02
6.484927075685931186e-03
2.283500778137437237e-02
5.508299333888899696e-02
8.048344736827139911e-02
1.879171864838991013e-02
7.631013631959504551e-03
3.151815356894260844e-02
7.246961106382165951e-02
7.658408914874215156e-02
4.563612289296692381e-03
1.422145061222845897e-01
2.213774165512356618e-01
1.899994062859544641e-02
3.370140777766561513e-02
2.960984661268817320e-02
2.307771081460874285e-02
6.811371123784848436e-02
8.364963534331959494e-02
5.031053319299072513e-02
9.527806001806027325e-03
1.184606497893803123e-02
1.919900512973704565e-02
3.741967591584050012e-02
8.979297506818362251e-03
1.271586197193919077e-02
6.025404710237314276e-02
2.553152321900498123e-02
3.007543300485249205e-02
1.727970827930658260e-02
4.383968513823965907e-02
1.483498319481650896e-01
5.492702817924310921e-02
7.061173781346496980e-02
1.159844271281684769e-03
7.277654203570538272e-02
1.571649028550048399e-02
2.601050871620103067e-04
3.505680344303829798e-02
2.675949187492410175e-02
1.578596147405075811e-01
2.632418844570700855e-01
0.000000000000000000e+00
9.134972308535438401e-04
3.489754652476140251e-02
3.227539150315639205e-02
3.453028994691909048e-02
3.360211530965084847e-02
4.263327841524233719e-02
2.229935523728165947e-02
1.205858171892248976e-02
1.460356954823716080e-03
3.113220534137539630e-02
0.000000000000000000e+00
9.413869158518828328e-03
1.571076479362343292e-02
0.000000000000000000e+00
9.125045820015387221e-03
1.404928293465967926e-02
7.126311293196874175e-02
3.071638370931495388e-02
7.493778291731345575e-02
4.964077516339315821e-03
4.446079437166439163e-02
1.954166237318384347e-01
2.571395647099095072e-02
2.306201782880989981e-02
2.972849028917146086e-03
6.133936057562561217e-02
0.000000000000000000e+00
1.071867960194801128e-01
7.121765423698356301e-03
2.670133637329019649e-02
4.411497773407608847e-01
1.103111110016197216e-02
6.062321948685500672e-03
0.000000000000000000e+00
2.056583628188057844e-03
2.785185646579257934e-02
6.874504038753581625e-02
9.660272328575025824e-03
0.000000000000000000e+00
9.474934964654924130e-02
5.962577814395686460e-02
2.650399493626842684e-02
1.786511964724901702e-03
8.967549217736792144e-02
2.652705046661374411e-02
5.225734830767159167e-02
7.729209159277772301e-03
6.279522864367059753e-03
2.838938038410976361e-02
9.315961745472822741e-02
8.474776773550996012e-02
5.456706732164029461e-02
2.737986689195626155e-02
3.927051416232885117e-02
2.887309512442737258e-02
3.600942257175265837e-02
0.000000000000000000e+00
7.613387621951162032e-02
2.482464285342267374e-03
2.878711516028165107e-02
5.826104637685070031e-03
9.406239826347739807e-02
8.772714937912873268e-03
1.263897341857678214e-02
4.555857446162825397e-03
4.938484055901959380e-02
2.146680118139165927e-02
2.195608146043515063e-02
1.470564939649232628e-02
7.524775226716506893e-02
7.432881204393559926e-03
1.278666619461654719e-01
1.602487132150454130e-02
1.001378494841276279e-02
7.672084734919693005e-02
2.477336887382008968e-02
2.519843898571405560e-02
1.466905355505865316e-02
6.588075543218518959e-02
3.342838187440637654e-01
7.846283571722345584e-03
1.461705696805637444e-01
7.865245500660744682e-02
2.504785432682510304e-03
7.895174627538636969e-03
6.422509273043441880e-02
0.000000000000000000e+00
6.738196702702836660e-02
1.113445219392747987e-01
1.251902930852821783e-02
2.061530036165564184e-01
6.279070619588189572e-02
2.250734117869868101e-01
2.565752393184217439e-01
3.426606721837455183e-02
3.965071292511268553e-02
9.035024252748691254e-02
3.678830232378160758e-02
6.774522393217186078e-02
1.448327577626926654e-01
1.371332009460335399e-02
5.826502202154770771e-02
0.000000000000000000e+00
1.500557772491895037e-02
4.827637527714756516e-03
2.962374760917985128e-02
5.566424069304076738e-03
2.636346754215423971e-02
5.284919128996801163e-02
9.329915327085025467e-02
2.098532128096586291e-02
2.655636330326061056e-02
1.854863935029982258e-03
9.130988114829197144e-02
1.514397359622066119e-02
2.316861937226910584e-02
9.683800589733237985e-02
2.655279324318726708e-02
1.073005735350678336e-01
0.000000000000000000e+00
5.002463548912228219e-02
6.943073407155697652e-02
2.765498296421364799e-01
1.986588229845356324e-01
9.010579050686828850e-02
6.375882714175773458e-04
2.579355891008461299e-02
1.947789884141748473e-02
7.444554593920216234e-02
1.888881142459819529e-02
3.961531511585647536e-02
1.132758197003624900e-02
4.538591691702453801e-02
3.343288237981489885e-02
2.325768173990816479e-02
5.084500270316016923e-02
2.572118971305492607e-02
1.446329652039413105e-02
5.040629166682020212e-02
2.833676901674309079e-02
3.911524267698318624e-02
4.276376760503657337e-01
2.421410537772672456e-02
6.220679396595230060e-02
5.787128665662777394e-03
7.392489843031846419e-02
5.084758886713025561e-02
3.214318299070839657e-02
1.038469162999238193e-01
6.337257356451431178e-02
6.908056491512937214e-03
1.069209503358248270e-02
6.021048747787016708e-02
5.027463641191332044e-03
4.981138311222466086e-02
1.375113741694544700e-02
1.173255883452029025e-02
8.155086957105872614e-03
1.634347387202481627e-01
2.230275452900301048e-01
1.399220590882146453e-01
1.697071648318653203e-01
1.498731412898823834e-01
4.202270824296050478e-02
0.000000000000000000e+00
5.733798066255513248e-02
2.027138722639953983e-02
1.490973345315804721e-02
1.115933352428388758e-02
4.711302974702391566e-02
3.444886323755014246e-02
8.964439060324380648e-02
6.558375150614637050e-02
2.216581432342668023e-02
0.000000000000000000e+00
1.362780544229114099e-02
4.121583648691373725e-02
2.785160300501754449e-02
9.900497302617772277e-03
9.836581478541717161e-03
1.421921163798094412e-01
6.673621111665895000e-02
4.941475644640114240e-02
2.796204320148909517e-02
9.198218783739520177e-02
4.945758436467873054e-02
0.000000000000000000e+00
2.084274965160659576e-02
2.899628282310739991e-02
1.927272848142713713e-02
4.920361503045800333e-02
1.356565417282356023e-01
6.504386125413930131e-02
8.698464788361892630e-02
2.431655846970404156e-02
5.704030895863532180e-02
1.744089913891766486e-02
2.937915045247940782e-02
5.560560219400656479e-03
3.253136714979545374e-01
9.658093584523630426e-02
2.458833198598346925e-01
5.377656182320489364e-02
9.719274407013767103e-02
1.011872660554065106e-01
1.519021566787870370e-02
1.160107529824676575e-01
1.508281378245168725e-02
9.778969836068984733e-02
2.218845445737027688e-02
9.068315911886859482e-02
1.011826362134220503e-01
2.520858013613747062e-02
1.390005553025375207e-02
4.574575356802155213e-01
7.831759553658557138e-02
2.483645387738935284e-01
2.207877860134033199e-02
2.924269309088973756e-01
2.393145712602784414e-02
1.921205127187786132e-02
9.490531622944331502e-03
1.024634869781637647e-01
1.475693757182128252e-02
3.608963068464809965e-03
1.934032417647557622e-02
2.892252055651134413e-03
1.338256389119063527e-02
1.780108540870628531e-03
1.556330120691740149e-01
9.367484511183299389e-03
1.049122781638329727e-01
3.917646159891408075e-02
1.594286269491806962e-02
3.061840388504499799e-02
6.493006981130200472e-03
2.827140031066122106e-02
1.057162939747868791e-01
4.448322484384981124e-02
2.561222815200636660e-02
2.532800939923074424e-02
5.563680903781875742e-02
3.484418986261594853e-02
3.042245179261193755e-02
9.140974639909593691e-03
3.146096047530910766e-02
8.226918896233392786e-03
2.091864002018617441e-02
6.631376772505248596e-02
9.917995295984027848e-03
7.721085244391634461e-02
9.053418737030582975e-03
8.006100175601105207e-03
3.053784057938102592e-02
1.644431111772242105e-01
1.892999239912995790e-02
6.675098446421490195e-02
1.856520018333638333e-01
1.072858414526081106e-01
1.187692855559001615e-01
6.509347357264960721e-02
1.973673784325669089e-03
2.261490522596645292e-01
2.258832906652852301e-02
6.879890033299318475e-02
3.812772486281090778e-02
3.004251895501575120e-03
1.615130871015058034e-02
5.651814811602662303e-02
1.720439260088912903e-02
1.789801384667280004e-01
3.647250141854296857e-02
6.854228155917674314e-02
9.637974251201342213e-02
1.626375576662741906e-02
3.729155978505271918e-02
7.746939687289433607e-02
6.552891937545357592e-02
1.523151055642824048e-02
4.092148682684726424e-02
3.449108959017355147e-02
7.731831576175629550e-03
4.593159842647409619e-03
7.047254300361593948e-02
9.184871122342386229e-02
0.000000000000000000e+00
1.939491373318995571e-01
1.460025783943663669e-02
2.569226164190210326e-01
2.161185033845169912e-01
1.540510341452616672e-02
5.068389297370856639e-03
1.057454290331110158e-01
5.950883722192035208e-02
6.116118503527445682e-02
6.784097808548494868e-02
8.410104035950105583e-03
4.488873395556147727e-03
2.727974371186423497e-01
3.712756893040047856e-02
2.829569944957022187e-02
7.346867820068680999e-02
4.852701651089041945e-02
3.550468786643090624e-02
5.295424567611739519e-02
2.021001015920020905e-02
9.679999416407536472e-02
2.137500102693135062e-02
5.661538299864599111e-02
2.500212505459042944e-02
0.000000000000000000e+00
2.476710728253106453e-02
6.283997660757645320e-02
2.257413955504272707e-02
1.316772211177035246e-01
1.246980232613408290e-01
6.499484138730782234e-02
2.781750025717144581e-02
1.115025538827811857e-01
7.205272398266338030e-02
6.280398059184744142e-02
1.345402451189610105e-01
6.802989138789339307e-02
2.363698236520050955e-03
1.716587795007740169e-02
1.142807790685473890e-02
3.583810794207220596e-02
5.315653227595529273e-02
3.059599317901362525e-02
8.642399753855745104e-02
2.303834476668686904e-02
6.430274415821557454e-03
2.293616854854807485e-02
0.000000000000000000e+00
7.504898929244863126e-02
3.017997233398119761e-01
1.174008400564385823e-02
6.572841430648423966e-02
1.078540241054142257e-01
2.691098846674844225e-02
1.045726951975858299e-01
1.633311628157194662e-01
5.526705117734387329e-02
5.544015134720314819e-02
1.098448228016390971e-02
3.882083357690468972e-02
2.420066241919931471e-01
2.107272775585489200e-02
3.259026833502076670e-02
3.288568166749339383e-02
2.133397366542943985e-03
1.491261878897987003e-02
5.237845807139773768e-02
2.246102209631395397e-03
2.662176219922969267e-01
1.813260976364361454e-02
3.935042769065333346e-02
4.834123810495860596e-02
2.322786740628313140e-02
7.621428373609706597e-02
6.454850973819503679e-02
1.914981816807221904e-01
4.835256269192544920e-02
2.903895413065153974e-01
1.685115405700843283e-01
6.330006540284749406e-02
6.523856703892771947e-02
1.815809517061968137e-01
1.525188812297919583e-01
2.226178859125305110e-02
1.922302293873858758e-01
2.532266970036456399e-02
4.220346038599398497e-02
1.331917824840456177e-02
3.365940154025324205e-01
6.270757380023717076e-02
6.846078696689428256e-02
3.310881801584919515e-02
1.003976081422841560e-02
7.681660113743848939e-02
3.019838227838622657e-02
4.676206608039734647e-02
6.641914037359342160e-02
2.001042563105936978e-02
2.967583590393996218e-02
2.519424203836866383e-01
1.291594288659592138e-01
3.756129679712660874e-02
8.475696955254008458e-02
4.448670603092264031e-02
2.649597739465319179e-01
2.605942066357957998e-02
2.416806387172965032e-02
4.241159720654863463e-03
2.211811751368042422e-02
1.494543208376342136e-02
8.888063469571072517e-02
3.609113896374349650e-02
1.936103250622149829e-01
7.199737664714334073e-02
1.797998628730201887e-02
5.478367203103573502e-03
3.102516598296745087e-03
8.026045098163514524e-03
2.027814071843279109e-01
7.927848046475816091e-02
7.558803741089636929e-02
5.578719042675484019e-02
6.209748678391147081e-02
1.622506333079654084e-01
8.434853035796052723e-03
6.782086301905909664e-02
5.130916297896614964e-02
3.109560282549495014e-03
1.353229584822894793e-01
7.208839676127176688e-03
3.181642509521331874e-02
8.192775091675574828e-02
3.011702550953643254e-02
2.781165407385266519e-02
1.721819496078769163e-02
0.000000000000000000e+00
1.633146319339928709e-02
2.791411063421200822e-02
1.052404169424123737e-01
7.171528143155470048e-03
2.893005170655715830e-02
3.138568101569205737e-03
1.690189529889716269e-01
4.618053247691378260e-02
2.652726435942209804e-02
9.793075192418410069e-02
4.602805264900933224e-02
4.171342272314948474e-02
2.649511243957656248e-01
6.331097029297527712e-02
6.037168703675099835e-02
4.212140580474343921e-02
6.378240017635405934e-02
1.148025260335101549e-01
0.000000000000000000e+00
5.258841058486751763e-02
5.081028441174773036e-02
2.465768214094055111e-02
1.288719304560101975e-01
3.096671633048231342e-02
5.769843859576706535e-02
2.049972473513061999e-02
4.285691862625640169e-02
8.099199242761478956e-03
3.702942455525448651e-02
2.289253256143197746e-02
2.238574027060469263e-02
3.156001802656049904e-02
5.154348083660753588e-02
1.895814430060305256e-02
1.383353125759718694e-01
7.747092929865750932e-02
7.617381938524392382e-02
6.649116261342502554e-02
1.231501404664925303e-02
1.524405347977886294e-02
4.978375389737443868e-03
1.172171690754169049e-01
2.335457067143664744e-03
3.173040847206642923e-02
4.157470614771341388e-02
1.154475923432594087e-01
6.835449146418426380e-03
5.368213844554947656e-02
4.368154572017779458e-03
4.536361480651507350e-03
4.144010214242044299e-03
0.000000000000000000e+00
1.640310442812698000e-02
0.000000000000000000e+00
2.613540713085171774e-03
4.762863706152309362e-03
9.680360565154089159e-03
4.978878707028755457e-02
1.955074433610439755e-01
1.063379413787579608e-02
6.820552233227417105e-03
8.408555959132524293e-02
4.489700147525432783e-02
4.983928491307398900e-02
1.316934681488568515e-02
1.342930209775232697e-01
3.953879719193409414e-02
2.084958175858062646e-01
6.574029457554253497e-03
5.019228431100586363e-02
6.955389202470652066e-02
4.602101910079081648e-02
1.775618421086466725e-02
2.295363420441178803e-01
2.039325884574338943e-03
4.643856226685727506e-03
3.950257738577445110e-02
1.673742484888034454e-01
1.455755371660227837e-02
3.889114247015967862e-02
5.059838249296610968e-02
6.587544763932218217e-02
3.088488229694696940e-02
1.232457740334886864e-01
1.780927720373259859e-02
4.422283245767566484e-02
6.967800858080330784e-02
1.797143664197697888e-03
5.446365756146320791e-02
1.742040017532886509e-02
1.149932010538368132e-02
0.000000000000000000e+00
2.057582614887021322e-02
0.000000000000000000e+00
7.805651239997324353e-03
1.830527253693148282e-02
3.545015803642748153e-02
2.878494933579567316e-02
5.941446955529627871e-02
4.263524089502812586e-02
2.167683120473640201e-02
1.205387399768831358e-03
6.806431248094213515e-04
2.152903643029109304e-01
1.012369707973093114e-02
6.422650199289225981e-02
3.035208509561346801e-01
2.415521866558272279e-01
4.804840124972287185e-02
1.467274888267944277e-02
1.366797508337569411e-03
2.046656890279674457e-02
0.000000000000000000e+00
8.891870901870824184e-03
0.000000000000000000e+00
0.000000000000000000e+00
3.808398877835639240e-02
7.092719097888178226e-02
1.450881624021871374e-02
5.476681520397352898e-02
1.979988038486357738e-01
3.916907678799930181e-03
5.192256597283329000e-02
1.783297476289593675e-01
2.694983276160201058e-02
0.000000000000000000e+00
5.257567306923416339e-02
9.818157762975232572e-04
8.299894714427047404e-03
1.429535725526731582e-01
2.217024823054716265e-01
3.377013116520455327e-02
7.013237012040818286e-02
1.019469899991065631e-01
3.133275897243237296e-02
1.522846387650833577e-02
1.936409336077815624e-02
2.194660722119428087e-01
1.717880205327384502e-01
4.229543839269211958e-03
8.458067247769207597e-03
2.391829174641202371e-03
1.031988093459279554e-02
2.891846070593118156e-03
6.883788497257015138e-03
1.422803335792179880e-01
5.593935290731444354e-02
2.069908720591673301e-02
1.613596892936719485e-03
5.996580228598258344e-02
1.345892163683375387e-01
6.254450930855526281e-03
4.686920689593065958e-02
1.387883247512000651e-02
2.504909464136773067e-02
3.870930585244991562e-02
2.968816556895959025e-03
1.532894427424924544e-02
3.104298115310566430e-02
1.470864150607997800e-02
0.000000000000000000e+00
4.307205375236504707e-01
4.199645579746746904e-02
7.203250064270783071e-02
1.831257868351787721e-01
1.094890344387939862e-01
5.066304188726711288e-02
1.409019663956190271e-02
0.000000000000000000e+00
4.439097711380757261e-02
1.274872741164454482e-01
3.126554878912113367e-02
1.535587030448137824e-02
2.170934621381777063e-01
3.286481374743743800e-02
1.643000066866573405e-02
2.768970819393423710e-03
4.443170140524976830e-03
4.736873944871433650e-03
6.333026584351308941e-03
2.947916752914458982e-02
9.845067753123437626e-03
1.061045528864834608e-02
3.170573998376724489e-04
4.010989013225341182e-02
1.161547285079578273e-02
4.388489003170903402e-03
1.129649792987121870e-01
1.532205286583803172e-01
3.218698719205459469e-02
6.827128319073860752e-02
5.304151697568126878e-02
8.503704366906017498e-02
5.809548102253003776e-02
0.000000000000000000e+00
5.772114312682674608e-02
2.249814554873630357e-02
5.454690560696651147e-02
2.694559348658209785e-02
2.864717859623677754e-02
1.825638446334654219e-02
1.054814806866106736e-01
7.599679338463616318e-04
1.854366406938368073e-03
2.923372644953836641e-02
1.276382580570079028e-02
5.366379189167602703e-03
7.824546763937512139e-03
1.508547833870110821e-03
9.192499281425625668e-03
6.822071231848525485e-03
5.456409455870669944e-04
9.315898366035746392e-03
2.567045138020151995e-02
5.923663141854440539e-03
2.183377026168553670e-02
4.627605192302386428e-02
3.195392289633502969e-03
6.198559005539117095e-03
3.024774303936528241e-02
3.182408126901048462e-02
7.012471031922462572e-02
2.346415690354408667e-02
1.066282709913757287e-02
1.164151391425187754e-01
1.424429584712694208e-02
1.194433517902471209e-02
9.250041772979500365e-03
9.160584519803727233e-03
6.727954253525503248e-02
4.478724693392166500e-03
3.916798335875171233e-02
0.000000000000000000e+00
7.607629750124189627e-03
1.784618584505182071e-03
6.784232293476932796e-02
4.881127147830000013e-02
6.834596528412983929e-02
4.506911455790962862e-03
6.184123597394730609e-03
4.330705387745581447e-02
1.424604945067695638e-01
1.190557872807929130e-02
3.227721720797660510e-04
2.716598323067920262e-02
2.304039574657235079e-02
4.208698636988295050e-02
5.736347906665173468e-02
4.093344626499284544e-02
2.472801409836655750e-01
6.646590630309745507e-02
2.601385288137159080e-02
8.226406668988239801e-02
3.057522024653724912e-02
1.653921175905548324e-02
3.618995001247604648e-02
6.812398485501169887e-02
3.887655296786363124e-02
1.032796834632625504e-01
1.549100993103484925e-01
7.378502378413109852e-02
0.000000000000000000e+00
2.907837186838184707e-01
4.189966755929930287e-02
8.834258859593013824e-02
1.097046016112335209e-01
4.446369797608911156e-01
1.220575268616377329e-01
5.815790130361264687e-03
7.314471676108436071e-02
3.344613582126498841e-02
6.314703068893123827e-02
1.749886419889623568e-02
5.165872881853594834e-02
4.828032961305783743e-02
9.817857325937318080e-03
1.807551168158738619e-02
3.688434198455414759e-02
6.427798331447576174e-04
3.582580047567329729e-02
4.970819404331905389e-02
4.041452997364824995e-02
2.643257908968621450e-02
2.603766984157118713e-02
7.945529384508720483e-02
5.901689573328816607e-03
1.312705749066056526e-01
0.000000000000000000e+00
1.152757789756719831e-02
7.145721092521206685e-03
1.941277046652789551e-02
9.526956104866446395e-02
1.280380628544897093e-01
7.846881861001797631e-03
1.901199575681848941e-01
1.960984059521120315e-02
3.990484053298359868e-02
3.642211372979975437e-02
3.015577158483191411e-01
6.779686196873413451e-03
1.197472980373870399e-02
7.297859804407202944e-02
3.905315260466224458e-03
3.387073415798802500e-03
2.430864467480287061e-02
5.752443479797442194e-02
6.942498702981136915e-02
9.672128461923978904e-02
2.161791123990886021e-01
1.403564206114067403e-01
3.325022056428217354e-02
3.581333266004627092e-03
2.517903602344810920e-01
1.196315339102298481e-01
3.048073587781097160e-02
5.217409556314045460e-02
4.251046400083069443e-02
2.033332887874372830e-02
3.196126255002873506e-03
1.902919835807797000e-01
1.113479604745304385e-02
1.044662178071398273e-02
3.518495345224081916e-03
1.750077946406412011e-01
2.275294263296068209e-02
2.513413992302027111e-02
2.760921876390654006e-03
1.031992498246063761e-01
1.895438740354826734e-02
2.969559080225119274e-01
3.917014037415960104e-01
4.583867970505473011e-03
2.082416251815732977e-02
1.912810203130081987e-01
1.923760347834884143e-01
1.544942648896308057e-01
2.085811471620058200e-02
