0.000000000000000000e+00
2.414080962786680656e-04
9.444016125788124501e-05
5.301855116445694922e-05
0.000000000000000000e+00
0.000000000000000000e+00
0.000000000000000000e+00
2.724235420900419669e-05
5.029357700123849716e-05
0.000000000000000000e+00
5.433784936566834572e-05
0.000000000000000000e+00
1.387062624628107588e-04
0.000000000000000000e+00
7.728225746659614858e-05
4.540392368167366115e-05
2.724235420900419669e-05
0.000000000000000000e+00
0.000000000000000000e+00
9.881698669601524088e-05
0.000000000000000000e+00
2.724235420900419669e-05
5.448470841800839338e-05
0.000000000000000000e+00
4.441254557341443995e-04
1.879722440421289619e-04
3.547054681686299753e-04
2.724235420900419669e-05
0.000000000000000000e+00
0.000000000000000000e+00
2.104986949174736247e-04
2.589456737112805110e-04
8.172706262701259685e-05
4.086353131350629843e-05
2.724235420900419669e-05
2.714383066219168070e-04
2.724235420900419669e-05
3.665214458253827651e-03
0.000000000000000000e+00
2.139426386002298041e-04
1.878936681171133763e-04
6.269316840532016205e-04
0.000000000000000000e+00
0.000000000000000000e+00
0.000000000000000000e+00
0.000000000000000000e+00
4.289894288681685153e-03
0.000000000000000000e+00
9.275372980684762933e-05
3.466283143617028550e-03
7.954767429029225136e-05
2.109760760935610658e-04
5.107986558030661733e-04
1.514511905576648731e-04
2.724235420900419669e-05
0.000000000000000000e+00
7.734727060277942629e-04
1.055896167416373559e-04
1.221098465133011802e-04
2.772433432193273503e-04
2.497215802492051329e-04
0.000000000000000000e+00
0.000000000000000000e+00
0.000000000000000000e+00
0.000000000000000000e+00
0.000000000000000000e+00
0.000000000000000000e+00
7.491647407476154260e-05
0.000000000000000000e+00
3.812060015932519337e-04
0.000000000000000000e+00
0.000000000000000000e+00
0.000000000000000000e+00
3.632313894533892892e-05
7.900282720611218870e-05
1.804464973767879219e-05
7.627859178521176700e-05
0.000000000000000000e+00
0.000000000000000000e+00
1.328759725704490528e-04
1.144554552423377922e-04
0.000000000000000000e+00
3.632313894533892892e-05
1.656898656265927850e-03
9.261099103842398289e-04
0.000000000000000000e+00
1.498625344166925493e-04
3.361492843867910224e-04
2.960102983410861904e-04
0.000000000000000000e+00
0.000000000000000000e+00
5.346804101855020028e-05
6.810588552251050189e-05
4.903623757620757031e-05
4.767411986575734590e-05
5.448470841800839338e-05
0.000000000000000000e+00
1.831539417176040433e-04
5.039835528665776083e-05
1.397341786163568947e-04
4.540392368167366793e-05
0.000000000000000000e+00
7.913255270234553437e-05
2.434742734569148612e-04
3.713739108271399306e-04
4.540392368167366115e-05
0.000000000000000000e+00
0.000000000000000000e+00
2.724235420900419669e-05
4.939550519540758305e-04
2.724235420900419669e-05
9.487030369276026182e-05
0.000000000000000000e+00
1.575155803153428162e-04
2.724235420900419669e-05
0.000000000000000000e+00
3.559897865359473441e-04
0.000000000000000000e+00
0.000000000000000000e+00
9.262400431061427011e-05
2.724235420900419669e-05
8.808361194244694126e-05
0.000000000000000000e+00
0.000000000000000000e+00
0.000000000000000000e+00
0.000000000000000000e+00
2.834601881542026945e-04
8.172706262701259685e-05
0.000000000000000000e+00
8.853765117926365111e-05
2.724235420900419669e-05
0.000000000000000000e+00
2.660001644886698783e-04
9.988863209968211552e-05
2.724235420900419669e-05
3.511159961564309321e-04
9.448970446625445127e-05
6.693284098852232689e-04
0.000000000000000000e+00
5.396709601764584311e-04
0.000000000000000000e+00
0.000000000000000000e+00
1.052836599849609357e-03
5.200813076264440630e-05
9.988863209968207486e-05
1.007967105733155352e-04
0.000000000000000000e+00
7.241165474438022217e-05
7.394353285301140941e-05
2.724235420900419669e-05
0.000000000000000000e+00
2.724235420900419669e-05
2.724235420900419669e-05
0.000000000000000000e+00
2.724235420900419669e-05
0.000000000000000000e+00
2.724235420900419669e-05
0.000000000000000000e+00
6.923383934666489084e-05
2.724235420900419669e-05
0.000000000000000000e+00
5.448470841800839338e-05
0.000000000000000000e+00
7.355235756317489437e-04
1.073212185837478256e-03
2.724235420900419669e-05
2.598050468013143183e-03
2.103270759833458271e-03
8.668243208020781328e-04
1.403060670773862480e-03
1.007616183389486476e-02
2.993542267940807423e-04
2.724235420900419669e-05
0.000000000000000000e+00
3.632313894533892892e-05
0.000000000000000000e+00
1.465789297607805102e-04
0.000000000000000000e+00
0.000000000000000000e+00
1.611839290699414954e-04
0.000000000000000000e+00
7.083012094341089649e-05
5.724615709513154564e-03
0.000000000000000000e+00
2.651318248377834089e-04
2.847805516483780676e-04
8.077119054950368266e-05
2.201441671080005854e-04
2.724235420900419669e-05
0.000000000000000000e+00
8.758505688950605746e-04
1.179433688107476132e-04
4.204244020910066749e-04
5.369232855200779808e-05
2.379221396832058419e-04
0.000000000000000000e+00
0.000000000000000000e+00
2.724235420900419669e-05
2.856687082005045231e-04
0.000000000000000000e+00
1.176207717490280753e-04
2.724235420900419669e-05
0.000000000000000000e+00
2.996325177314220585e-04
1.574565810792993880e-04
4.205348166063949404e-04
1.797995377794276968e-04
1.372595538992134507e-04
1.217554047089162164e-04
3.717989124437572762e-04
3.632313894533892892e-05
5.405855453794291876e-05
3.524930780249666972e-04
0.000000000000000000e+00
0.000000000000000000e+00
2.724235420900419669e-05
1.992322851038763588e-04
0.000000000000000000e+00
6.810588552251048834e-05
6.810588552251050189e-05
0.000000000000000000e+00
0.000000000000000000e+00
1.991439123653987399e-04
6.928469845325257092e-04
1.684544257563124858e-04
3.771988894253278514e-04
0.000000000000000000e+00
0.000000000000000000e+00
1.626319214046589466e-04
1.959427311489369964e-04
0.000000000000000000e+00
4.216444693571797832e-03
1.645491930974796559e-04
4.057687764270242179e-04
2.126429789445940036e-03
0.000000000000000000e+00
0.000000000000000000e+00
5.448470841800839338e-05
3.125462725434789680e-04
2.724235420900419669e-05
1.154556916476844768e-04
8.983490614159720267e-05
0.000000000000000000e+00
1.902268456568193553e-03
1.465400171188723356e-04
1.395948084958123373e-04
5.392874200557978457e-05
1.574524775028447829e-04
0.000000000000000000e+00
3.632313894533892892e-05
0.000000000000000000e+00
1.652702822012921686e-04
0.000000000000000000e+00
0.000000000000000000e+00
2.909085135910904332e-04
3.534822363995044248e-04
6.129529697025944764e-05
0.000000000000000000e+00
2.724235420900419669e-05
0.000000000000000000e+00
1.165992492622223205e-03
0.000000000000000000e+00
0.000000000000000000e+00
2.724235420900419669e-05
0.000000000000000000e+00
0.000000000000000000e+00
0.000000000000000000e+00
6.933278119645827934e-04
0.000000000000000000e+00
1.480167912022561374e-04
1.322250850632154795e-04
0.000000000000000000e+00
0.000000000000000000e+00
1.739195480558359023e-04
0.000000000000000000e+00
1.339088861706574907e-04
2.724235420900419669e-05
0.000000000000000000e+00
5.176047299710798523e-05
2.724235420900419669e-05
1.810819323108659698e-04
0.000000000000000000e+00
1.065015337742257359e-04
0.000000000000000000e+00
0.000000000000000000e+00
8.636474911735495528e-05
2.724235420900419669e-05
0.000000000000000000e+00
0.000000000000000000e+00
2.724235420900419669e-05
4.358776673440671335e-05
0.000000000000000000e+00
0.000000000000000000e+00
5.384203609251461459e-05
1.211170146750403407e-03
0.000000000000000000e+00
0.000000000000000000e+00
1.410096294070630266e-04
2.724235420900419669e-05
4.007027829132864608e-04
0.000000000000000000e+00
4.716664830843020871e-04
0.000000000000000000e+00
1.714503442860204271e-03
0.000000000000000000e+00
0.000000000000000000e+00
0.000000000000000000e+00
2.009492669584379300e-04
0.000000000000000000e+00
0.000000000000000000e+00
0.000000000000000000e+00
0.000000000000000000e+00
6.810588552251050189e-05
7.718667025884525445e-05
0.000000000000000000e+00
0.000000000000000000e+00
2.692333190313558736e-04
9.549642616375049421e-04
1.249880224744280783e-03
0.000000000000000000e+00
2.400595218090853696e-03
0.000000000000000000e+00
1.095748024851057558e-04
1.225905939405189495e-04
3.868299632446777522e-04
1.294011824927699360e-04
7.083012094341089649e-05
0.000000000000000000e+00
0.000000000000000000e+00
1.011858870620155993e-04
0.000000000000000000e+00
0.000000000000000000e+00
7.429732966092052041e-05
2.724235420900419669e-05
9.437017357725483585e-03
0.000000000000000000e+00
0.000000000000000000e+00
0.000000000000000000e+00
0.000000000000000000e+00
2.724235420900419669e-05
3.632313894533892892e-05
0.000000000000000000e+00
0.000000000000000000e+00
5.448470841800839338e-05
8.595144130902181981e-04
0.000000000000000000e+00
0.000000000000000000e+00
5.156875382168359242e-04
0.000000000000000000e+00
0.000000000000000000e+00
2.166582101835761083e-04
0.000000000000000000e+00
5.448470841800839338e-05
2.724235420900419669e-05
2.724235420900419669e-05
2.262972832588871358e-04
2.724235420900419669e-05
2.433462990722848383e-04
2.724235420900419669e-05
2.395607067736075656e-04
4.098078105483473417e-04
0.000000000000000000e+00
5.200813076264440630e-05
0.000000000000000000e+00
3.180247092162810023e-04
0.000000000000000000e+00
0.000000000000000000e+00
0.000000000000000000e+00
2.724235420900419669e-05
7.692785154384808267e-04
0.000000000000000000e+00
3.340663696270194938e-03
5.045938590816129339e-03
2.128362974868550214e-04
0.000000000000000000e+00
0.000000000000000000e+00
2.724235420900419669e-05
2.724235420900419669e-05
4.994431604984102388e-05
0.000000000000000000e+00
5.431922506367864575e-04
0.000000000000000000e+00
0.000000000000000000e+00
4.425446064857207042e-04
7.900282720611216160e-05
2.724235420900419669e-05
0.000000000000000000e+00
0.000000000000000000e+00
4.673230250812327293e-04
2.724235420900419669e-05
1.180502015723515122e-04
0.000000000000000000e+00
0.000000000000000000e+00
7.264627789067787140e-05
5.469085915224006439e-04
2.724235420900419669e-05
2.724235420900419669e-05
1.749257844813667041e-04
0.000000000000000000e+00
2.498513057454385057e-04
1.358321425966101483e-04
0.000000000000000000e+00
2.283778905013412986e-04
9.955842174563357216e-05
1.290109435589525825e-03
1.301967213265085724e-04
2.709593741466604364e-05
8.957927060490205641e-05
0.000000000000000000e+00
0.000000000000000000e+00
4.086353131350629843e-05
6.356549315434311884e-05
8.303865586185989189e-03
1.128611817230174144e-04
4.147799031016147523e-04
8.307526365786390083e-04
0.000000000000000000e+00
0.000000000000000000e+00
5.821196209583310612e-03
9.743955791812267120e-04
4.474305086720513293e-04
0.000000000000000000e+00
0.000000000000000000e+00
9.700414753637578427e-05
2.724235420900419669e-05
0.000000000000000000e+00
8.082075117570550226e-05
5.448470841800839338e-05
0.000000000000000000e+00
1.751335447320771864e-04
5.368251100423844903e-04
0.000000000000000000e+00
2.331318939459532333e-04
0.000000000000000000e+00
5.203830176820775037e-04
0.000000000000000000e+00
0.000000000000000000e+00
0.000000000000000000e+00
1.006147235588876601e-04
1.197012533425942154e-04
0.000000000000000000e+00
2.724235420900419669e-05
2.537430706324390927e-04
1.455237030291898722e-04
0.000000000000000000e+00
0.000000000000000000e+00
1.254576817953853172e-03
6.035634571839733993e-04
4.727202210233367183e-04
2.724235420900419669e-05
0.000000000000000000e+00
0.000000000000000000e+00
2.724235420900419669e-05
2.955491397816572630e-04
2.345869390219805679e-04
5.230532008128804789e-05
1.193474565346850638e-04
4.843085192711856738e-05
0.000000000000000000e+00
6.829606118284128370e-04
0.000000000000000000e+00
1.079465951267956217e-04
8.760286451522918550e-05
1.550881251255394359e-04
0.000000000000000000e+00
5.346845624023491977e-05
4.953155310728036501e-05
0.000000000000000000e+00
0.000000000000000000e+00
2.724235420900419669e-05
5.442871180093061725e-05
0.000000000000000000e+00
5.333808178874271293e-05
4.090342467018169212e-04
0.000000000000000000e+00
2.724235420900419669e-05
0.000000000000000000e+00
4.086353131350629843e-05
7.264627789067787140e-05
0.000000000000000000e+00
0.000000000000000000e+00
2.724235420900419669e-05
1.554983641828970901e-04
5.602175588663211745e-04
5.407810611638132024e-05
0.000000000000000000e+00
0.000000000000000000e+00
1.197405936530913711e-03
4.670117864400720594e-05
1.469889661167150265e-04
0.000000000000000000e+00
1.568738464595797837e-04
1.299503542958176875e-04
5.510462151380295928e-04
2.724235420900419669e-05
0.000000000000000000e+00
2.498667265054681534e-04
4.540392368167366793e-05
1.452123132063656331e-04
0.000000000000000000e+00
0.000000000000000000e+00
0.000000000000000000e+00
1.675404783853757856e-04
0.000000000000000000e+00
0.000000000000000000e+00
0.000000000000000000e+00
4.086353131350629843e-05
2.116408700645755622e-04
3.486686503603614339e-04
1.211636134819520794e-04
4.540392368167366115e-05
0.000000000000000000e+00
0.000000000000000000e+00
2.621086358406878730e-04
1.955228353726662805e-03
0.000000000000000000e+00
7.135025424026238735e-04
1.247094437123303344e-04
1.031317695055158928e-04
0.000000000000000000e+00
4.100293460703822719e-04
2.724235420900419669e-05
5.292800246320813692e-05
4.670166769425013512e-04
4.994431604984103743e-05
1.099567579007210746e-03
5.448470841800839338e-05
5.448470841800839338e-05
2.724235420900419669e-05
1.031907356401674000e-04
0.000000000000000000e+00
0.000000000000000000e+00
2.724235420900419669e-05
2.724235420900419669e-05
5.363338484897701329e-05
0.000000000000000000e+00
1.904805726930745553e-04
0.000000000000000000e+00
0.000000000000000000e+00
7.783529774001200991e-05
2.724235420900419669e-05
0.000000000000000000e+00
0.000000000000000000e+00
2.724235420900419669e-05
0.000000000000000000e+00
0.000000000000000000e+00
4.994431604984102388e-05
0.000000000000000000e+00
1.227351562481336904e-03
2.724235420900419669e-05
0.000000000000000000e+00
6.810588552251050189e-05
1.761394936184012693e-04
0.000000000000000000e+00
0.000000000000000000e+00
5.924080261085064129e-04
0.000000000000000000e+00
2.724235420900419669e-05
0.000000000000000000e+00
1.834747241733335080e-04
0.000000000000000000e+00
1.239527116509691197e-04
1.054602426096900111e-04
1.751788704224877577e-04
0.000000000000000000e+00
1.021588282837657461e-04
4.994431604984103743e-05
1.116936522569171949e-04
0.000000000000000000e+00
0.000000000000000000e+00
0.000000000000000000e+00
0.000000000000000000e+00
1.230713413677365833e-04
0.000000000000000000e+00
9.815895881657069988e-05
3.554645865279559207e-04
2.724235420900419669e-05
0.000000000000000000e+00
2.122427050646963971e-04
0.000000000000000000e+00
3.632313894533892892e-05
0.000000000000000000e+00
3.632313894533892892e-05
0.000000000000000000e+00
0.000000000000000000e+00
2.724235420900419669e-05
0.000000000000000000e+00
2.724235420900419669e-05
0.000000000000000000e+00
0.000000000000000000e+00
0.000000000000000000e+00
6.356549315434311884e-05
1.821975174612982206e-04
0.000000000000000000e+00
5.085239452347451811e-05
4.843085192711856738e-05
3.632313894533892892e-05
1.271309863086862377e-04
8.638310083392703722e-04
1.078465968479882251e-03
5.448470841800839338e-05
0.000000000000000000e+00
1.116936522569171949e-04
0.000000000000000000e+00
0.000000000000000000e+00
0.000000000000000000e+00
0.000000000000000000e+00
0.000000000000000000e+00
2.724235420900419669e-05
6.538165010161008019e-05
2.120564534117970305e-04
1.767925126238160873e-04
9.988863209968204776e-05
0.000000000000000000e+00
3.492541676301171038e-04
0.000000000000000000e+00
0.000000000000000000e+00
0.000000000000000000e+00
0.000000000000000000e+00
0.000000000000000000e+00
3.632313894533892892e-05
0.000000000000000000e+00
2.724235420900419669e-05
2.724235420900419669e-05
4.358776673440671335e-05
1.403766422398812573e-04
3.558902238895382390e-04
0.000000000000000000e+00
2.724235420900419669e-05
0.000000000000000000e+00
0.000000000000000000e+00
5.349768868525541578e-05
2.724235420900419669e-05
0.000000000000000000e+00
0.000000000000000000e+00
2.724235420900419669e-05
1.346719786477237847e-04
0.000000000000000000e+00
3.196436227189825962e-04
1.033835126345931206e-03
3.168791974403435880e-04
0.000000000000000000e+00
0.000000000000000000e+00
1.957148078699512102e-04
4.086353131350629843e-05
2.724235420900419669e-05
0.000000000000000000e+00
7.995898074677302843e-05
9.310752661475678099e-05
2.724235420900419669e-05
0.000000000000000000e+00
8.561882751401321090e-05
1.612978139941800815e-04
2.724235420900419669e-05
0.000000000000000000e+00
4.172025028854533667e-04
0.000000000000000000e+00
0.000000000000000000e+00
2.724235420900419669e-05
1.315575446568330905e-04
0.000000000000000000e+00
5.405569496589790923e-05
5.775714524823687482e-03
1.919643626148949866e-04
7.832176835088707650e-05
4.903623757620756353e-05
0.000000000000000000e+00
2.324302067623046201e-04
9.537383743337909427e-05
1.442311653576282607e-04
9.681907106204772149e-05
5.448470841800839338e-05
0.000000000000000000e+00
5.448470841800839338e-05
4.767411986575734590e-05
2.303046027484710037e-04
1.314199253900064004e-04
3.611784607962133914e-04
5.029357700123849716e-05
1.459575352158292826e-04
0.000000000000000000e+00
4.690687693195962028e-04
1.629289737170125374e-02
1.677927224058295148e-04
4.403547442067039719e-04
3.708637649654812022e-03
1.849343411723494311e-03
1.055048813524075415e-03
9.807247515241509996e-05
4.086353131350629843e-05
1.725566343557578971e-04
0.000000000000000000e+00
2.724235420900419669e-05
5.448470841800839338e-05
7.586675328373169178e-05
1.697720527810803149e-04
0.000000000000000000e+00
0.000000000000000000e+00
3.945495687727898861e-04
8.172706262701259685e-05
0.000000000000000000e+00
1.326852028630753585e-04
7.567320613612277085e-05
1.029155603451269879e-04
1.052789501328266002e-04
0.000000000000000000e+00
1.572696508463525625e-04
2.824193411074119096e-04
0.000000000000000000e+00
0.000000000000000000e+00
2.191025230976008159e-04
0.000000000000000000e+00
2.724235420900419669e-05
1.860263615986286955e-04
5.189019849334134446e-05
7.491647407476154260e-05
2.724235420900419669e-05
4.475213302445339085e-04
8.614952272587692484e-05
5.391118517150313025e-05
0.000000000000000000e+00
1.760068735367644431e-04
0.000000000000000000e+00
5.191254905330271218e-04
0.000000000000000000e+00
4.358776673440671335e-05
4.953155310728036501e-05
0.000000000000000000e+00
0.000000000000000000e+00
0.000000000000000000e+00
2.844739888617725076e-04
0.000000000000000000e+00
0.000000000000000000e+00
9.145647484451407776e-05
2.186386838603263073e-04
0.000000000000000000e+00
0.000000000000000000e+00
0.000000000000000000e+00
0.000000000000000000e+00
0.000000000000000000e+00
9.262400431061428366e-05
1.507410266231565862e-04
1.338417860176810317e-04
3.143143590899367132e-04
1.921425067625421581e-04
2.724235420900419669e-05
4.670117864400720594e-05
6.226823819200959437e-05
7.123513318706234951e-04
1.604158495737333459e-04
2.076289783408803258e-04
3.146092251782902217e-04
0.000000000000000000e+00
3.280251384702734057e-04
0.000000000000000000e+00
9.735985025244224631e-04
6.356549315434311884e-05
2.724235420900419669e-05
6.356549315434311884e-05
3.562332318143615053e-04
0.000000000000000000e+00
1.813219766220244426e-05
4.391556779381472356e-04
0.000000000000000000e+00
1.343091304335984290e-04
0.000000000000000000e+00
0.000000000000000000e+00
3.127623747477509633e-04
0.000000000000000000e+00
1.531194530904348902e-04
7.394353285301140941e-05
0.000000000000000000e+00
7.965563938070587349e-05
3.632313894533892892e-05
0.000000000000000000e+00
3.857273367975988694e-03
7.117980203830363275e-04
3.062170338588306282e-04
5.375154739452487349e-04
0.000000000000000000e+00
5.889155983417082877e-04
0.000000000000000000e+00
1.785430388219267403e-04
0.000000000000000000e+00
1.089694168360167868e-04
0.000000000000000000e+00
3.108230773956153635e-04
1.729889492271766561e-04
2.659461529529661339e-04
7.809474873247871480e-05
4.767411986575734590e-05
1.049730586593170759e-03
1.513545971418349227e-03
3.990845526508290876e-04
2.724235420900419669e-05
5.037621462193606677e-04
0.000000000000000000e+00
0.000000000000000000e+00
3.824456697320515299e-04
8.964023885153916526e-04
1.597206784368574697e-04
2.724235420900419669e-05
1.054553550506201346e-03
1.044290244678494173e-04
0.000000000000000000e+00
0.000000000000000000e+00
0.000000000000000000e+00
0.000000000000000000e+00
4.670117864400720594e-05
3.310398980194552247e-04
1.908409905425873074e-04
1.026910142125167530e-04
2.839771589965467587e-03
5.357576060002239196e-05
0.000000000000000000e+00
5.528901386554356577e-04
1.007128879449801378e-04
9.783936316413782350e-04
1.316124125422020864e-04
4.670117864400719917e-05
0.000000000000000000e+00
0.000000000000000000e+00
2.724235420900419669e-05
0.000000000000000000e+00
0.000000000000000000e+00
4.501191509422434772e-04
7.264627789067787140e-05
2.724235420900419669e-05
0.000000000000000000e+00
8.475399087245749630e-05
0.000000000000000000e+00
2.724235420900419669e-05
0.000000000000000000e+00
0.000000000000000000e+00
0.000000000000000000e+00
2.724235420900419669e-05
7.264627789067784429e-05
5.448470841800839338e-05
2.724235420900419669e-05
2.734834198947367484e-04
0.000000000000000000e+00
0.000000000000000000e+00
0.000000000000000000e+00
3.926534392503374608e-04
0.000000000000000000e+00
0.000000000000000000e+00
6.810588552251050189e-05
0.000000000000000000e+00
4.843085192711860126e-05
8.132382541271162505e-04
3.006232559889888099e-03
0.000000000000000000e+00
0.000000000000000000e+00
4.086353131350629843e-05
0.000000000000000000e+00
2.724235420900419669e-05
1.032401585879412107e-03
2.724235420900419669e-05
0.000000000000000000e+00
1.683350470498051125e-04
0.000000000000000000e+00
1.284282412710197757e-04
2.724235420900419669e-05
0.000000000000000000e+00
0.000000000000000000e+00
1.525571835704235340e-04
0.000000000000000000e+00
1.447626254394136867e-04
0.000000000000000000e+00
0.000000000000000000e+00
2.706203761848992653e-04
2.724235420900419669e-05
2.779625374148228870e-03
9.622125726022017877e-05
5.405904663349270673e-05
0.000000000000000000e+00
0.000000000000000000e+00
8.626745499517995280e-05
0.000000000000000000e+00
9.080784736334730875e-05
2.908208622835601579e-04
4.903623757620757708e-05
1.924035490611911061e-04
1.816156947266946717e-04
2.315600107765356820e-04
5.552238967789179663e-03
0.000000000000000000e+00
2.724235420900419669e-05
2.724235420900419669e-05
1.420494183755218571e-04
0.000000000000000000e+00
0.000000000000000000e+00
4.994431604984103743e-05
0.000000000000000000e+00
4.843085192711856738e-05
0.000000000000000000e+00
1.489248696758896113e-04
2.372741100153858177e-04
0.000000000000000000e+00
4.358776673440671335e-05
0.000000000000000000e+00
1.137053835376105487e-04
0.000000000000000000e+00
1.338767121128206191e-04
1.406145757656681672e-04
8.988315769812293152e-05
0.000000000000000000e+00
0.000000000000000000e+00
1.049827308542113032e-04
3.230782668482336402e-04
2.724235420900419669e-05
4.327297987492944318e-04
0.000000000000000000e+00
9.861042513560681379e-04
0.000000000000000000e+00
1.501527496989331638e-04
7.567320613612279795e-05
8.008439851943259438e-04
0.000000000000000000e+00
0.000000000000000000e+00
0.000000000000000000e+00
2.724235420900419669e-05
0.000000000000000000e+00
2.724235420900419669e-05
9.080784736334730875e-05
2.848771897284438966e-04
9.627627597379935270e-05
2.845757687224899249e-04
2.724235420900419669e-05
0.000000000000000000e+00
0.000000000000000000e+00
0.000000000000000000e+00
0.000000000000000000e+00
4.086353131350629843e-05
2.724235420900419669e-05
2.458862177518710695e-04
0.000000000000000000e+00
0.000000000000000000e+00
6.356549315434311884e-05
6.442613469278708478e-05
9.626997352054110025e-05
4.540392368167366115e-05
2.221878136935897402e-04
0.000000000000000000e+00
0.000000000000000000e+00
0.000000000000000000e+00
0.000000000000000000e+00
1.272738073513881760e-04
2.724235420900419669e-05
0.000000000000000000e+00
0.000000000000000000e+00
0.000000000000000000e+00
1.067900284992964413e-04
0.000000000000000000e+00
0.000000000000000000e+00
0.000000000000000000e+00
0.000000000000000000e+00
8.045997638473338263e-05
0.000000000000000000e+00
8.172706262701259685e-05
1.652250448858667755e-03
2.724235420900419669e-05
0.000000000000000000e+00
0.000000000000000000e+00
2.724235420900419669e-05
1.074243433031326625e-03
1.689836988281510563e-03
7.958069532569688885e-05
4.767411986575734590e-05
5.057422388817847930e-04
1.396897563319668336e-04
5.301214873103524594e-05
0.000000000000000000e+00
1.804631804409968093e-02
4.365059643838910264e-03
0.000000000000000000e+00
0.000000000000000000e+00
7.319517725202233816e-05
1.663538716404178001e-04
9.947115209595933788e-03
5.039787095490607608e-04
4.118618686271712306e-03
1.893196826691145916e-04
7.592554549542882393e-04
1.048487246027220588e-04
6.900148113976321048e-04
1.276147986102123180e-04
0.000000000000000000e+00
2.734369769484541030e-04
3.555657919486911568e-04
2.724235420900419669e-05
2.724235420900419669e-05
9.675711265523527678e-04
1.325619401003848069e-03
3.632313894533892892e-05
2.724235420900419669e-05
2.724235420900419669e-05
1.040938118785096600e-04
2.586077767411898670e-04
0.000000000000000000e+00
0.000000000000000000e+00
0.000000000000000000e+00
9.534823973151469181e-05
2.322349058263079231e-04
1.146449072962259783e-04
5.339517832863943886e-05
0.000000000000000000e+00
0.000000000000000000e+00
5.427980025595388332e-05
1.005385672975446526e-04
2.484675435002325818e-03
0.000000000000000000e+00
0.000000000000000000e+00
0.000000000000000000e+00
0.000000000000000000e+00
9.982376935156533427e-05
0.000000000000000000e+00
0.000000000000000000e+00
3.153747366419218791e-04
5.246675625437843783e-05
0.000000000000000000e+00
0.000000000000000000e+00
1.488477686734114818e-04
3.498277073751407049e-04
9.444016125788117725e-05
0.000000000000000000e+00
0.000000000000000000e+00
5.500348859496411499e-04
3.423455845598194166e-04
3.480116203242719967e-04
1.634330594063535804e-04
0.000000000000000000e+00
1.720659024270547411e-04
0.000000000000000000e+00
0.000000000000000000e+00
0.000000000000000000e+00
1.307355607792085386e-04
6.730463981048096769e-05
1.122088121602287790e-04
2.440392104066199284e-04
1.368599490268937447e-04
2.620255446227225029e-04
2.724235420900419669e-05
4.903623757620757031e-05
0.000000000000000000e+00
5.448470841800839338e-05
2.911068093557533302e-04
9.162848931756976392e-05
1.791874025476300535e-04
2.672031875797819850e-04
1.375090260073545147e-04
1.173072282757423507e-04
9.020078969313240246e-05
1.646824439623216648e-04
0.000000000000000000e+00
2.179275188721590270e-04
2.642698882209859384e-04
0.000000000000000000e+00
1.563527027747957029e-03
0.000000000000000000e+00
0.000000000000000000e+00
0.000000000000000000e+00
1.776545052237900020e-03
4.580910748214287592e-02
0.000000000000000000e+00
2.700223221100743042e-03
1.740090633566480330e-04
2.724235420900419669e-05
1.261230605598127105e-04
5.262919203225586062e-05
0.000000000000000000e+00
1.271309863086862648e-04
3.621585615561837262e-04
0.000000000000000000e+00
0.000000000000000000e+00
2.724235420900419669e-05
6.810588552251050189e-05
0.000000000000000000e+00
3.555654831108237676e-04
1.397921699701821108e-03
2.427599336322165929e-04
4.426233931482015014e-04
0.000000000000000000e+00
0.000000000000000000e+00
4.540392368167366115e-05
5.343701335458710659e-05
2.654005963808267758e-04
5.448470841800839338e-05
0.000000000000000000e+00
0.000000000000000000e+00
5.448470841800839338e-05
0.000000000000000000e+00
0.000000000000000000e+00
0.000000000000000000e+00
0.000000000000000000e+00
3.632313894533892892e-05
0.000000000000000000e+00
3.632313894533892892e-05
4.299419890145841873e-04
1.620356440521080214e-04
5.680858680443727840e-04
0.000000000000000000e+00
2.410648611577792901e-04
0.000000000000000000e+00
0.000000000000000000e+00
9.935446829166236281e-05
2.724235420900419669e-05
1.543733405176904276e-04
1.291517809450080153e-03
1.575169539394322084e-04
4.086353131350629843e-05
5.483351660975339752e-05
5.417688520660725185e-05
1.263394526658933193e-04
1.017047890469490091e-04
0.000000000000000000e+00
2.724235420900419669e-05
8.172706262701259685e-05
7.698246122410475534e-05
0.000000000000000000e+00
5.431602511021256074e-05
1.266408303143955476e-04
3.431196712026165639e-04
5.280641327189803010e-04
4.519036788396554351e-03
0.000000000000000000e+00
1.410764771537716968e-04
3.546518168615925173e-04
0.000000000000000000e+00
0.000000000000000000e+00
0.000000000000000000e+00
0.000000000000000000e+00
2.724235420900419669e-05
0.000000000000000000e+00
0.000000000000000000e+00
0.000000000000000000e+00
4.903623757620757031e-05
1.980178621566992619e-04
0.000000000000000000e+00
0.000000000000000000e+00
5.253882597450808636e-05
0.000000000000000000e+00
2.724235420900419669e-05
1.089694168360167868e-04
0.000000000000000000e+00
3.496436752378553349e-04
0.000000000000000000e+00
5.448470841800839338e-05
2.658413972676251270e-03
1.513340223153200408e-04
0.000000000000000000e+00
1.412410449436686663e-03
0.000000000000000000e+00
0.000000000000000000e+00
1.069680921492729769e-04
8.416869685670562483e-05
6.978769938079713256e-05
0.000000000000000000e+00
0.000000000000000000e+00
9.433388049892384077e-04
0.000000000000000000e+00
9.742272358478750111e-04
8.250246170317017955e-05
1.560020231994330175e-04
9.367546359587405132e-05
2.724235420900419669e-05
0.000000000000000000e+00
0.000000000000000000e+00
5.448470841800839338e-05
0.000000000000000000e+00
0.000000000000000000e+00
1.226784725024834897e-04
4.336857537870204924e-04
0.000000000000000000e+00
0.000000000000000000e+00
0.000000000000000000e+00
7.083012094341089649e-05
0.000000000000000000e+00
2.724235420900419669e-05
0.000000000000000000e+00
0.000000000000000000e+00
5.228400803547824407e-05
5.444590164563296386e-05
1.362117710450210038e-04
0.000000000000000000e+00
2.724235420900419669e-05
0.000000000000000000e+00
0.000000000000000000e+00
0.000000000000000000e+00
4.357716865035183109e-04
5.124157101217457545e-05
5.448470841800839338e-05
1.668903752555418599e-04
5.448470841800839338e-05
2.713321558499918172e-04
2.724235420900419669e-05
2.724235420900419669e-05
2.713576583812964214e-03
1.009790655449542400e-04
0.000000000000000000e+00
5.200813076264440630e-05
0.000000000000000000e+00
0.000000000000000000e+00
0.000000000000000000e+00
7.921238377695062117e-05
0.000000000000000000e+00
4.031285598239398569e-04
0.000000000000000000e+00
2.724235420900419669e-05
0.000000000000000000e+00
5.185648526146222461e-04
0.000000000000000000e+00
2.186889854546003316e-04
4.414794501359619173e-04
0.000000000000000000e+00
0.000000000000000000e+00
0.000000000000000000e+00
2.724235420900419669e-05
0.000000000000000000e+00
9.699475564524571666e-05
0.000000000000000000e+00
0.000000000000000000e+00
1.229701313830590241e-04
2.114621174498686022e-03
6.077028147459836820e-04
2.724235420900419669e-05
9.807247515241509996e-05
2.738463189699579838e-04
3.338899036251514042e-04
1.543320957080217748e-04
6.186030649751932077e-04
1.964130428859960965e-04
5.423477856287962879e-05
0.000000000000000000e+00
0.000000000000000000e+00
0.000000000000000000e+00
6.845561686857289151e-04
0.000000000000000000e+00
1.517139678449066381e-04
0.000000000000000000e+00
0.000000000000000000e+00
2.724235420900419669e-05
6.165329941896274184e-05
0.000000000000000000e+00
0.000000000000000000e+00
0.000000000000000000e+00
0.000000000000000000e+00
0.000000000000000000e+00
1.859398779344730956e-04
0.000000000000000000e+00
2.880446539281416121e-04
0.000000000000000000e+00
2.949024693864057099e-04
1.871920997238550642e-03
1.595493878174012803e-04
9.807247515241509996e-05
3.652612119238641706e-04
2.724235420900419669e-05
1.569678504423575578e-04
0.000000000000000000e+00
8.086222598545690936e-05
0.000000000000000000e+00
0.000000000000000000e+00
0.000000000000000000e+00
4.968945083871167609e-03
0.000000000000000000e+00
2.724235420900419669e-05
0.000000000000000000e+00
3.632225446778085658e-04
0.000000000000000000e+00
4.994431604984103743e-05
2.724235420900419669e-05
3.164386398708644052e-04
0.000000000000000000e+00
0.000000000000000000e+00
0.000000000000000000e+00
0.000000000000000000e+00
0.000000000000000000e+00
0.000000000000000000e+00
0.000000000000000000e+00
1.458244985340406469e-04
4.670117864400720594e-05
0.000000000000000000e+00
6.874089366334330603e-04
0.000000000000000000e+00
8.051961762360980012e-05
0.000000000000000000e+00
1.569678504423575036e-04
1.488753841025208672e-03
5.448470841800839338e-05
1.240821238005932804e-04
4.599236298010592259e-04
0.000000000000000000e+00
2.724235420900419669e-05
3.632313894533892892e-05
5.324036474930824982e-05
2.724235420900419669e-05
1.362117710450210038e-04
0.000000000000000000e+00
2.724235420900419669e-05
0.000000000000000000e+00
6.186682149189590141e-03
3.342867120060879767e-04
1.162233651562212479e-04
0.000000000000000000e+00
1.157800053882678410e-04
7.991090567974563550e-05
4.540392368167366115e-05
5.382650866240372455e-05
2.724235420900419669e-05
5.427161775491714905e-04
1.095681498955553376e-04
1.791890648559766360e-04
0.000000000000000000e+00
2.374551279752890531e-04
1.671221304026086773e-04
0.000000000000000000e+00
5.312259070755821641e-05
0.000000000000000000e+00
1.431737060095442766e-04
5.356663752639019907e-03
9.080784736334730875e-05
7.521167236731186021e-05
6.542656631720013749e-04
0.000000000000000000e+00
0.000000000000000000e+00
4.981459055360769854e-05
4.229081077890752428e-04
0.000000000000000000e+00
5.356815615934200792e-05
0.000000000000000000e+00
2.724235420900419669e-05
2.724235420900419669e-05
7.783529774001199635e-05
4.358776673440671335e-05
0.000000000000000000e+00
2.149475163471233432e-04
0.000000000000000000e+00
1.863501209567495294e-04
1.706948562411551970e-04
7.945686644292893920e-05
4.318936184943661621e-04
0.000000000000000000e+00
0.000000000000000000e+00
9.875353400764021216e-05
0.000000000000000000e+00
0.000000000000000000e+00
1.222987115739938336e-04
0.000000000000000000e+00
0.000000000000000000e+00
2.631065679582357108e-04
0.000000000000000000e+00
4.086353131350629843e-05
8.017035667221234039e-05
0.000000000000000000e+00
2.724235420900419669e-05
1.159745936326178731e-04
0.000000000000000000e+00
3.153147346460189772e-03
8.973951974730800662e-05
0.000000000000000000e+00
9.258491915392924479e-05
0.000000000000000000e+00
4.782275797380997171e-04
1.121535881071990839e-04
1.809670672455278349e-04
0.000000000000000000e+00
2.724235420900419669e-05
1.837356148408842349e-04
2.724235420900419669e-05
0.000000000000000000e+00
0.000000000000000000e+00
4.808644386306895591e-04
7.083012094341089649e-05
0.000000000000000000e+00
5.361987177645273299e-05
1.139225721467448287e-04
3.858997403415319240e-03
4.211715133619771921e-04
0.000000000000000000e+00
2.724235420900419669e-05
0.000000000000000000e+00
1.374666268718942254e-04
0.000000000000000000e+00
0.000000000000000000e+00
2.724235420900419669e-05
0.000000000000000000e+00
3.699312395282354548e-04
3.673444597712051830e-04
0.000000000000000000e+00
1.498329481495230852e-04
3.462520298744123370e-02
0.000000000000000000e+00
8.003207270221294372e-04
4.086353131350629843e-05
4.843085192711860126e-05
0.000000000000000000e+00
0.000000000000000000e+00
2.360155122534442619e-04
1.405146771034845854e-04
1.954742269518504501e-03
0.000000000000000000e+00
6.662806596649154629e-04
1.050776519490161998e-04
0.000000000000000000e+00
0.000000000000000000e+00
3.034097950807756127e-04
0.000000000000000000e+00
9.739141629718997420e-05
0.000000000000000000e+00
0.000000000000000000e+00
1.331809173585370566e-04
4.086353131350629843e-05
1.878309873906749148e-04
0.000000000000000000e+00
7.642765439365243338e-04
5.621169353062187421e-04
5.161709218548166437e-05
3.062885000786520371e-04
7.627859178521176700e-05
0.000000000000000000e+00
0.000000000000000000e+00
1.452925557813557157e-04
9.665125257638651620e-05
2.650063024504721414e-04
1.294011824927699360e-04
1.114816750656234763e-04
1.550543993729154449e-04
0.000000000000000000e+00
0.000000000000000000e+00
2.489085119981649980e-04
3.632313894533892892e-05
5.448470841800839338e-05
0.000000000000000000e+00
0.000000000000000000e+00
1.194141826449231713e-04
7.083012094341089649e-05
0.000000000000000000e+00
2.630397621387286057e-04
0.000000000000000000e+00
8.172706262701259685e-05
3.316083050254279847e-04
0.000000000000000000e+00
4.086353131350629843e-05
2.724235420900419669e-05
2.724235420900419669e-05
0.000000000000000000e+00
0.000000000000000000e+00
2.724235420900419669e-05
1.029432991904575666e-03
0.000000000000000000e+00
0.000000000000000000e+00
1.005051182906373908e-04
5.085239452347451811e-05
2.724235420900419669e-05
2.724235420900419669e-05
0.000000000000000000e+00
2.264657903282952340e-04
0.000000000000000000e+00
0.000000000000000000e+00
0.000000000000000000e+00
2.724235420900419669e-05
0.000000000000000000e+00
7.211211408265815934e-05
2.724235420900419669e-05
6.281612003497852835e-04
0.000000000000000000e+00
1.443844773077222960e-04
1.620656789484659121e-03
2.117172375059302256e-04
0.000000000000000000e+00
0.000000000000000000e+00
2.724235420900419669e-05
4.540392368167366793e-05
5.183614620324412161e-05
0.000000000000000000e+00
2.724235420900419669e-05
0.000000000000000000e+00
2.972643114713411153e-04
5.448470841800839338e-05
1.579674998545086285e-04
1.510041906888607449e-04
0.000000000000000000e+00
1.074127108812165439e-04
2.057601892872230301e-04
0.000000000000000000e+00
4.953155310728036501e-05
2.455423377953059021e-04
0.000000000000000000e+00
0.000000000000000000e+00
0.000000000000000000e+00
0.000000000000000000e+00
0.000000000000000000e+00
0.000000000000000000e+00
0.000000000000000000e+00
0.000000000000000000e+00
2.724235420900419669e-05
2.056944250399889845e-03
4.505335593073052001e-04
0.000000000000000000e+00
2.308193948762841778e-04
0.000000000000000000e+00
0.000000000000000000e+00
3.352834071663885179e-04
0.000000000000000000e+00
1.717781779289987451e-04
2.724235420900419669e-05
1.878692829937154160e-04
0.000000000000000000e+00
5.469750305325530486e-04
1.062579130951179173e-04
2.724235420900419669e-05
5.448470841800839338e-05
0.000000000000000000e+00
0.000000000000000000e+00
0.000000000000000000e+00
0.000000000000000000e+00
4.404234211742076056e-04
2.694115223807534536e-04
2.724235420900419669e-05
2.724235420900419669e-05
0.000000000000000000e+00
0.000000000000000000e+00
2.280029453301917202e-04
2.724235420900419669e-05
0.000000000000000000e+00
0.000000000000000000e+00
0.000000000000000000e+00
0.000000000000000000e+00
0.000000000000000000e+00
6.645451501640491380e-05
1.077586455378388351e-04
9.791454846134841120e-05
0.000000000000000000e+00
0.000000000000000000e+00
0.000000000000000000e+00
0.000000000000000000e+00
2.724235420900419669e-05
0.000000000000000000e+00
9.841695630207673937e-05
3.655590958347157068e-03
2.724235420900419669e-05
0.000000000000000000e+00
2.724235420900419669e-05
3.208940516332105730e-04
0.000000000000000000e+00
5.358517880029842244e-05
0.000000000000000000e+00
0.000000000000000000e+00
0.000000000000000000e+00
1.437663734727280096e-04
2.724235420900419669e-05
0.000000000000000000e+00
2.808583132137914759e-02
0.000000000000000000e+00
4.653747923166306165e-03
0.000000000000000000e+00
0.000000000000000000e+00
0.000000000000000000e+00
0.000000000000000000e+00
4.277288778639072673e-04
7.809474873247871480e-05
2.724235420900419669e-05
0.000000000000000000e+00
9.399260821912520675e-04
2.408239373899057230e-04
6.810588552251050189e-05
0.000000000000000000e+00
2.724235420900419669e-05
5.933675554760739100e-04
0.000000000000000000e+00
4.953155310728036501e-05
0.000000000000000000e+00
0.000000000000000000e+00
9.388134373564520374e-05
5.345669505163082449e-05
2.175829852073771242e-04
4.241699413090070430e-04
2.229462699577301776e-04
1.051764595054071374e-04
0.000000000000000000e+00
0.000000000000000000e+00
0.000000000000000000e+00
2.724235420900419669e-05
4.941183359816845189e-04
0.000000000000000000e+00
7.813840416006110701e-05
0.000000000000000000e+00
0.000000000000000000e+00
5.378618651521353491e-05
1.822793125618315407e-04
5.252884709018245898e-05
1.089694168360167868e-04
0.000000000000000000e+00
5.399385518901724033e-05
1.829129496890281826e-04
0.000000000000000000e+00
1.258365907978761409e-03
6.356549315434311884e-05
2.122504362624892779e-04
8.976885597475078133e-05
2.724235420900419669e-05
0.000000000000000000e+00
2.245611497500545756e-02
0.000000000000000000e+00
1.232392214216856778e-04
2.984766638640947659e-04
5.839337944099924540e-04
1.174996651818614366e-04
1.214331303586080237e-04
0.000000000000000000e+00
4.358776673440671335e-05
8.055953316091244516e-05
5.448470841800839338e-05
1.476535598128027532e-04
0.000000000000000000e+00
2.724235420900419669e-05
2.724235420900419669e-05
1.180502015723515122e-04
2.724235420900419669e-05
2.229293712869935746e-04
1.456141592866293970e-04
0.000000000000000000e+00
4.767411986575734590e-05
2.122346806309132090e-03
0.000000000000000000e+00
3.632313894533892892e-05
3.773242956351036451e-04
5.330669980978102064e-05
7.920385866976316206e-05
1.058824457849260117e-03
0.000000000000000000e+00
1.053371029414829183e-04
7.264627789067787140e-05
3.355838676380224384e-04
0.000000000000000000e+00
1.033776705366075150e-03
5.448470841800839338e-05
1.011372400009281387e-04
7.394353285301140941e-05
3.632313894533892892e-05
2.465055631561728438e-04
0.000000000000000000e+00
0.000000000000000000e+00
1.500404545512546751e-04
0.000000000000000000e+00
0.000000000000000000e+00
2.724235420900419669e-05
1.359016720665433525e-04
1.194123192828017231e-04
0.000000000000000000e+00
5.389707418478633565e-04
0.000000000000000000e+00
2.062823701314527643e-04
0.000000000000000000e+00
0.000000000000000000e+00
1.253148293614192899e-04
1.551122360988187469e-04
0.000000000000000000e+00
1.358579742371119063e-04
1.583492793611115338e-03
2.806106622967692241e-04
1.519998615455707988e-04
2.724235420900419669e-05
2.724235420900419669e-05
3.401166646699918506e-04
0.000000000000000000e+00
5.448470841800839338e-05
0.000000000000000000e+00
2.244251084837012907e-04
0.000000000000000000e+00
1.056275480794852356e-04
6.462343386438516553e-04
0.000000000000000000e+00
1.358169543173542277e-04
0.000000000000000000e+00
7.264627789067787140e-05
0.000000000000000000e+00
9.726070803204578115e-05
0.000000000000000000e+00
0.000000000000000000e+00
0.000000000000000000e+00
0.000000000000000000e+00
3.020318633618372748e-03
4.560509798967861080e-04
9.459581168292633194e-03
1.697155425388883782e-04
0.000000000000000000e+00
2.724235420900419669e-05
1.084124421492396219e-03
5.698440110567153452e-04
3.955121145483599370e-04
1.022108157649560188e-04
1.250644289849689472e-04
0.000000000000000000e+00
2.724235420900419669e-05
1.936153031282797832e-04
0.000000000000000000e+00
9.210510232568087387e-05
1.471087127286226364e-04
0.000000000000000000e+00
0.000000000000000000e+00
0.000000000000000000e+00
6.518706185726003458e-05
1.281687902785530572e-04
3.357144309831739315e-04
1.916553595295934277e-04
0.000000000000000000e+00
5.379308860685998617e-05
0.000000000000000000e+00
0.000000000000000000e+00
3.040913909124420508e-04
2.124903628302327572e-04
5.405229009723037345e-05
2.724235420900419669e-05
9.974295106113123814e-05
2.724235420900419669e-05
0.000000000000000000e+00
1.879311685700054075e-03
1.655017853196154352e-04
0.000000000000000000e+00
1.294011824927699360e-04
6.658512908475412197e-04
0.000000000000000000e+00
2.724235420900419669e-05
0.000000000000000000e+00
0.000000000000000000e+00
0.000000000000000000e+00
5.107941414188287303e-05
4.439680746360400126e-04
0.000000000000000000e+00
1.283849874239843976e-04
1.089694168360167868e-04
5.448470841800839338e-05
2.724235420900419669e-05
0.000000000000000000e+00
2.780993655626419741e-04
3.632313894533892892e-05
5.384804794579537481e-05
0.000000000000000000e+00
8.172706262701259685e-05
3.550113185973899181e-04
7.083012094341089649e-05
1.705101134301826270e-03
0.000000000000000000e+00
0.000000000000000000e+00
0.000000000000000000e+00
0.000000000000000000e+00
4.540392368167366115e-05
2.724235420900419669e-05
4.769494112486716763e-04
2.724235420900419669e-05
0.000000000000000000e+00
2.724235420900419669e-05
5.306045902252028092e-05
0.000000000000000000e+00
0.000000000000000000e+00
0.000000000000000000e+00
1.535305487317038765e-04
0.000000000000000000e+00
0.000000000000000000e+00
6.243534629851257324e-03
0.000000000000000000e+00
3.790572062746272344e-04
4.994431604984102388e-05
5.507837287637420629e-04
4.849773281856524705e-04
1.696207654559792467e-04
0.000000000000000000e+00
1.559300464724906840e-04
2.750445802484294960e-04
0.000000000000000000e+00
9.438177040259220125e-05
0.000000000000000000e+00
5.260592536911151251e-05
0.000000000000000000e+00
0.000000000000000000e+00
0.000000000000000000e+00
0.000000000000000000e+00
4.713665153407157115e-04
3.533974761416998301e-04
0.000000000000000000e+00
0.000000000000000000e+00
0.000000000000000000e+00
5.448470841800839338e-05
0.000000000000000000e+00
0.000000000000000000e+00
2.724235420900419669e-05
0.000000000000000000e+00
0.000000000000000000e+00
0.000000000000000000e+00
4.071920424826716914e-04
1.340312736048214482e-04
2.724235420900419669e-05
2.724235420900419669e-05
2.399009455366354557e-04
4.086353131350629843e-05
5.189019849334133768e-05
0.000000000000000000e+00
0.000000000000000000e+00
0.000000000000000000e+00
2.031730104882711007e-04
2.231753717409910073e-04
0.000000000000000000e+00
0.000000000000000000e+00
0.000000000000000000e+00
4.894760161830146459e-04
2.170914332530899380e-04
0.000000000000000000e+00
2.724235420900419669e-05
1.434763988340887408e-04
4.088829709005993443e-04
3.187653127107015595e-04
1.388062809696880256e-04
5.448470841800839338e-05
0.000000000000000000e+00
3.632313894533892892e-05
2.724235420900419669e-05
7.394353285301140941e-05
5.369059751320779869e-05
0.000000000000000000e+00
7.055100582441447415e-03
1.810544909495111524e-04
6.356549315434311884e-05
1.069796262932609659e-04
2.781812903728737613e-04
1.462960105813619063e-03
0.000000000000000000e+00
0.000000000000000000e+00
1.693076455595935717e-04
0.000000000000000000e+00
2.143065197774997050e-04
6.810588552251050189e-05
7.394353285301140941e-05
0.000000000000000000e+00
1.119774626455787882e-03
7.817371207801204563e-05
0.000000000000000000e+00
0.000000000000000000e+00
2.724235420900419669e-05
3.195682558821020744e-04
0.000000000000000000e+00
1.156982402280872001e-03
5.225037364197088587e-04
1.180502015723515122e-04
3.118677648829307702e-04
4.278260652344934023e-03
0.000000000000000000e+00
2.279930818744672319e-04
0.000000000000000000e+00
5.448470841800839338e-05
1.321254179136703577e-04
7.685363311468872572e-04
1.909943007841666957e-02
0.000000000000000000e+00
1.279711133319117518e-04
2.724235420900419669e-05
2.724235420900419669e-05
0.000000000000000000e+00
1.206975923752561203e-04
4.297459293359036825e-04
2.724235420900419669e-05
0.000000000000000000e+00
1.497866060377517046e-03
2.624772863954736354e-04
1.403629869244882550e-04
2.724235420900419669e-05
0.000000000000000000e+00
0.000000000000000000e+00
3.693748379008038123e-04
1.053371029414828641e-04
1.655374047075972932e-04
2.577806901200865538e-04
9.626997352054110025e-05
5.837647330500900743e-05
0.000000000000000000e+00
0.000000000000000000e+00
0.000000000000000000e+00
2.724235420900419669e-05
0.000000000000000000e+00
2.724235420900419669e-05
2.724235420900419669e-05
1.945882443500299977e-04
1.666021306292879195e-04
2.724235420900419669e-05
8.063197726919844822e-05
0.000000000000000000e+00
2.724235420900419669e-05
2.724235420900419669e-05
7.463767805215478499e-05
0.000000000000000000e+00
0.000000000000000000e+00
0.000000000000000000e+00
0.000000000000000000e+00
1.407521634131883191e-04
0.000000000000000000e+00
1.144863381112966576e-03
5.349163334947129101e-05
1.731245713368752216e-04
0.000000000000000000e+00
2.631898799418372131e-04
1.579457098921094175e-04
2.724235420900419669e-05
1.021947461949947281e-04
1.506341938615526194e-04
1.080183088473723324e-03
5.523564655265887462e-03
9.514232935690002330e-04
0.000000000000000000e+00
6.049475315586461599e-04
4.358776673440671335e-05
9.404345717752304629e-05
0.000000000000000000e+00
1.065370637816413996e-04
3.161609920893333281e-04
0.000000000000000000e+00
0.000000000000000000e+00
0.000000000000000000e+00
0.000000000000000000e+00
2.724235420900419669e-05
2.939295258910432887e-04
1.881019695383623347e-04
8.906568091323147302e-04
5.432492921443617372e-05
0.000000000000000000e+00
0.000000000000000000e+00
0.000000000000000000e+00
0.000000000000000000e+00
0.000000000000000000e+00
0.000000000000000000e+00
0.000000000000000000e+00
0.000000000000000000e+00
0.000000000000000000e+00
1.011858870620155993e-04
0.000000000000000000e+00
1.243011045593554243e-04
0.000000000000000000e+00
2.703646374399150089e-05
2.724235420900419669e-05
2.242224502512487477e-02
0.000000000000000000e+00
0.000000000000000000e+00
0.000000000000000000e+00
0.000000000000000000e+00
3.036888302072317746e-04
9.039861081573648607e-04
1.657947863668995806e-04
2.463401623548329769e-04
0.000000000000000000e+00
0.000000000000000000e+00
1.071502776934342085e-04
7.991090567974563550e-05
3.043150910880461010e-03
0.000000000000000000e+00
7.005176796601078181e-05
2.351038391070950481e-04
0.000000000000000000e+00
0.000000000000000000e+00
0.000000000000000000e+00
1.033473852959966306e-04
1.826942801114511607e-04
4.765783842638959475e-04
0.000000000000000000e+00
0.000000000000000000e+00
1.814988863430301558e-04
1.296478186544504233e-03
4.903623757620757031e-05
0.000000000000000000e+00
1.534320396608752012e-04
0.000000000000000000e+00
5.334459220884948055e-05
4.210367989053784418e-04
1.501318494902694584e-04
0.000000000000000000e+00
2.680023093405867695e-04
0.000000000000000000e+00
0.000000000000000000e+00
0.000000000000000000e+00
0.000000000000000000e+00
4.670117864400720594e-05
0.000000000000000000e+00
1.276263018397590663e-04
6.810588552251050189e-05
0.000000000000000000e+00
2.724235420900419669e-05
0.000000000000000000e+00
2.724235420900419669e-05
2.993247521435115992e-04
1.317082924359444041e-04
0.000000000000000000e+00
0.000000000000000000e+00
1.258581877923638942e-04
0.000000000000000000e+00
0.000000000000000000e+00
0.000000000000000000e+00
9.010932546055234864e-05
5.448470841800839338e-05
2.724235420900419669e-05
5.230532008128804789e-05
0.000000000000000000e+00
2.724235420900419669e-05
0.000000000000000000e+00
2.724235420900419669e-05
2.736181570993118529e-04
0.000000000000000000e+00
5.085239452347451133e-05
5.123420024534308453e-05
9.071050454115333218e-04
6.103892911403637975e-04
0.000000000000000000e+00
0.000000000000000000e+00
0.000000000000000000e+00
2.724235420900419669e-05
0.000000000000000000e+00
8.027345958163603764e-04
2.724235420900419669e-05
1.599777604354641399e-04
5.442318100114427407e-04
0.000000000000000000e+00
1.026825446761936347e-03
2.515623962227870984e-04
2.379983772827498970e-02
0.000000000000000000e+00
1.915690640357562119e-04
0.000000000000000000e+00
0.000000000000000000e+00
4.403151163422206220e-04
0.000000000000000000e+00
1.079604407542017616e-04
0.000000000000000000e+00
0.000000000000000000e+00
2.343973224321207560e-04
2.067242226149248747e-04
9.080784736334730875e-05
0.000000000000000000e+00
5.725164983434627604e-04
1.279971534681520061e-04
7.179161579784600143e-05
2.724235420900419669e-05
0.000000000000000000e+00
2.724235420900419669e-05
1.332274552505245593e-03
0.000000000000000000e+00
4.670117864400720594e-05
2.724235420900419669e-05
0.000000000000000000e+00
0.000000000000000000e+00
1.244183929194990750e-04
4.919035281723053944e-04
5.448470841800839338e-05
0.000000000000000000e+00
0.000000000000000000e+00
3.045306024077968905e-04
2.801852902957500729e-04
0.000000000000000000e+00
1.089694168360167868e-04
2.952371239862815449e-03
2.724235420900419669e-05
0.000000000000000000e+00
5.426385912006391346e-04
8.717553346881346736e-05
1.044290244678494173e-04
0.000000000000000000e+00
1.492994928207176197e-04
1.423478595745399891e-04
7.482643456455211333e-05
4.837866397334228581e-04
2.724235420900419669e-05
2.311321583634928876e-04
2.724235420900419669e-05
1.873236165609621522e-04
2.177635072214265197e-03
1.402694638923201141e-04
1.731797773122154655e-04
0.000000000000000000e+00
0.000000000000000000e+00
0.000000000000000000e+00
0.000000000000000000e+00
0.000000000000000000e+00
1.059029513026940795e-04
2.081829514805884438e-04
7.677390731628455493e-05
2.604740549029105194e-04
7.677390731628451427e-05
0.000000000000000000e+00
1.597566382632975405e-04
0.000000000000000000e+00
0.000000000000000000e+00
0.000000000000000000e+00
2.396571184945159294e-04
0.000000000000000000e+00
0.000000000000000000e+00
0.000000000000000000e+00
6.545762947806073968e-04
0.000000000000000000e+00
0.000000000000000000e+00
1.732275398915683281e-04
0.000000000000000000e+00
0.000000000000000000e+00
0.000000000000000000e+00
0.000000000000000000e+00
9.482913345446099284e-05
0.000000000000000000e+00
0.000000000000000000e+00
0.000000000000000000e+00
0.000000000000000000e+00
0.000000000000000000e+00
0.000000000000000000e+00
0.000000000000000000e+00
0.000000000000000000e+00
1.008953417183111882e-04
5.181762478915482922e-05
0.000000000000000000e+00
2.724235420900419669e-05
0.000000000000000000e+00
0.000000000000000000e+00
0.000000000000000000e+00
0.000000000000000000e+00
2.210268293814124060e-04
1.046473687981351678e-04
2.179941265064936490e-04
2.425253531763333118e-04
1.026392059865283352e-04
1.696672937578331901e-04
1.198570911339261538e-02
2.882231944325283190e-03
2.724235420900419669e-05
5.812390169491815292e-05
7.627859178521175345e-05
6.814307707771424284e-04
3.587117864275666786e-04
1.829129496890281555e-04
0.000000000000000000e+00
2.147722390116791648e-03
7.783529774001199635e-05
8.417468843896514299e-03
1.319384605808634700e-04
1.167161567244229888e-04
5.647031111047768042e-04
1.739466457962211138e-02
0.000000000000000000e+00
9.408445319299153233e-05
0.000000000000000000e+00
2.341345134463908100e-04
0.000000000000000000e+00
0.000000000000000000e+00
0.000000000000000000e+00
0.000000000000000000e+00
1.884130072778691305e-04
0.000000000000000000e+00
0.000000000000000000e+00
1.104828809587392433e-04
1.565426599866983313e-03
0.000000000000000000e+00
1.375090260073545147e-04
5.448470841800839338e-05
0.000000000000000000e+00
2.724235420900419669e-05
0.000000000000000000e+00
0.000000000000000000e+00
0.000000000000000000e+00
0.000000000000000000e+00
7.627859178521176700e-05
1.037792786634393529e-04
4.994431604984103743e-05
0.000000000000000000e+00
0.000000000000000000e+00
0.000000000000000000e+00
0.000000000000000000e+00
1.266120843237527737e-04
2.724235420900419669e-05
0.000000000000000000e+00
2.724235420900419669e-05
5.448470841800839338e-05
0.000000000000000000e+00
9.340235728801441189e-05
1.064281767477326249e-04
2.274966659996863812e-04
6.756244011991658976e-04
0.000000000000000000e+00
1.301662711482824296e-04
5.364855182918122569e-05
0.000000000000000000e+00
2.724235420900419669e-05
6.356549315434311884e-05
0.000000000000000000e+00
0.000000000000000000e+00
2.724235420900419669e-05
0.000000000000000000e+00
0.000000000000000000e+00
5.400254285678699070e-05
0.000000000000000000e+00
1.492964443926490510e-04
1.062176638856123401e-04
0.000000000000000000e+00
0.000000000000000000e+00
0.000000000000000000e+00
4.858294295144847019e-04
0.000000000000000000e+00
1.180502015723515393e-04
4.953155310728036501e-05
1.747059915801280267e-04
0.000000000000000000e+00
0.000000000000000000e+00
5.448470841800839338e-05
1.067130978009558304e-04
1.504170148146910958e-03
9.213896234411313993e-04
0.000000000000000000e+00
0.000000000000000000e+00
2.724235420900419669e-05
0.000000000000000000e+00
2.724235420900419669e-05
1.020648891313210633e-04
0.000000000000000000e+00
0.000000000000000000e+00
0.000000000000000000e+00
0.000000000000000000e+00
0.000000000000000000e+00
0.000000000000000000e+00
0.000000000000000000e+00
0.000000000000000000e+00
0.000000000000000000e+00
0.000000000000000000e+00
8.105441190580266588e-05
6.356549315434311884e-05
2.724235420900419669e-05
1.225148235929114258e-04
0.000000000000000000e+00
2.724235420900419669e-05
1.695378455608100498e-03
0.000000000000000000e+00
3.632313894533892892e-05
0.000000000000000000e+00
1.358451555121875979e-04
5.343692556381600742e-05
5.360710745829091279e-04
0.000000000000000000e+00
0.000000000000000000e+00
2.744796874909017498e-03
0.000000000000000000e+00
0.000000000000000000e+00
0.000000000000000000e+00
0.000000000000000000e+00
0.000000000000000000e+00
2.724235420900419669e-05
0.000000000000000000e+00
0.000000000000000000e+00
4.893388554897524665e-04
2.510213084469838638e-04
0.000000000000000000e+00
0.000000000000000000e+00
2.146956962661997691e-04
7.418302607682679178e-05
2.724235420900419669e-05
0.000000000000000000e+00
0.000000000000000000e+00
7.677390731628455493e-05
1.181630063516848575e-04
7.136811250298659361e-05
8.172706262701259685e-05
0.000000000000000000e+00
0.000000000000000000e+00
0.000000000000000000e+00
1.037357948665776775e-04
0.000000000000000000e+00
1.229483218240715449e-04
0.000000000000000000e+00
0.000000000000000000e+00
2.724235420900419669e-05
3.632313894533892892e-05
0.000000000000000000e+00
0.000000000000000000e+00
0.000000000000000000e+00
0.000000000000000000e+00
7.395490604720158395e-05
0.000000000000000000e+00
5.334961032596661877e-05
1.079148740924422363e-04
0.000000000000000000e+00
2.294844028368020429e-04
0.000000000000000000e+00
0.000000000000000000e+00
2.386081883639598362e-04
1.395098683222901104e-04
3.632313894533892892e-05
0.000000000000000000e+00
9.059249278462013280e-05
1.978047571978919228e-03
0.000000000000000000e+00
2.376571090995033351e-04
2.027609506127312628e-04
2.724235420900419669e-05
2.724235420900419669e-05
5.448470841800839338e-05
0.000000000000000000e+00
0.000000000000000000e+00
1.869276124145656276e-04
0.000000000000000000e+00
4.702382064843650808e-04
4.358776673440671335e-05
2.202819166646294811e-03
1.591503435136418405e-03
6.356549315434311884e-05
0.000000000000000000e+00
0.000000000000000000e+00
0.000000000000000000e+00
1.596016711234589359e-04
1.343755245811859987e-04
7.783529774001199635e-05
5.413522737558696204e-05
0.000000000000000000e+00
2.004182400125832176e-04
0.000000000000000000e+00
2.724235420900419669e-05
2.724235420900419669e-05
0.000000000000000000e+00
0.000000000000000000e+00
5.448470841800839338e-05
0.000000000000000000e+00
3.632313894533892892e-05
0.000000000000000000e+00
5.221451223392474929e-05
0.000000000000000000e+00
0.000000000000000000e+00
2.724235420900419669e-05
0.000000000000000000e+00
1.333379478509519702e-04
0.000000000000000000e+00
0.000000000000000000e+00
1.082126847746555450e-04
5.437595011205492409e-04
1.446181208407257756e-04
1.135098092041841698e-04
0.000000000000000000e+00
0.000000000000000000e+00
0.000000000000000000e+00
2.465353399908420495e-04
0.000000000000000000e+00
0.000000000000000000e+00
0.000000000000000000e+00
9.807247515241509996e-05
5.448470841800839338e-05
0.000000000000000000e+00
1.076224970916527055e-04
0.000000000000000000e+00
5.448470841800839338e-05
1.278717871687554944e-04
0.000000000000000000e+00
1.075723730304267988e-04
4.654932525860438174e-03
2.724235420900419669e-05
1.116066934077937235e-04
0.000000000000000000e+00
3.620056588187091015e-04
0.000000000000000000e+00
0.000000000000000000e+00
1.691845398154622534e-04
3.632313894533892892e-05
0.000000000000000000e+00
0.000000000000000000e+00
5.029357700123853104e-05
0.000000000000000000e+00
0.000000000000000000e+00
0.000000000000000000e+00
2.107908222429579989e-04
0.000000000000000000e+00
3.429772913240861716e-04
8.100681557241700467e-05
4.362826075775715008e-04
3.110278522560097039e-04
9.168810290710820545e-04
2.724235420900419669e-05
0.000000000000000000e+00
0.000000000000000000e+00
2.724235420900419669e-05
1.004561811457029859e-04
0.000000000000000000e+00
2.724235420900419669e-05
1.046452336282383493e-04
5.448470841800839338e-05
2.724235420900419669e-05
0.000000000000000000e+00
0.000000000000000000e+00
0.000000000000000000e+00
8.172706262701259685e-05
1.175281778508777326e-04
0.000000000000000000e+00
0.000000000000000000e+00
4.250378405327501349e-04
0.000000000000000000e+00
2.146423872802462253e-04
0.000000000000000000e+00
4.588759961200215105e-04
1.290598080789847745e-04
0.000000000000000000e+00
0.000000000000000000e+00
0.000000000000000000e+00
0.000000000000000000e+00
0.000000000000000000e+00
1.089694168360167868e-04
2.724235420900419669e-05
2.313063807999256338e-04
7.959505229761219022e-05
4.086353131350629843e-05
0.000000000000000000e+00
0.000000000000000000e+00
3.632313894533892892e-05
1.037811914933951633e-02
2.724235420900419669e-05
9.143990786183758997e-04
2.724235420900419669e-05
0.000000000000000000e+00
0.000000000000000000e+00
4.358776673440671335e-05
9.398612202106446740e-05
0.000000000000000000e+00
5.107035261066569841e-04
5.448470841800839338e-05
2.724235420900419669e-05
1.597006078902311866e-04
0.000000000000000000e+00
0.000000000000000000e+00
2.945931703114846017e-03
2.896770330890779846e-04
9.121539074613605781e-04
2.724235420900419669e-05
4.221818277606169834e-04
3.632313894533892892e-05
9.618313972009355137e-05
6.356549315434311884e-05
6.659242139978801829e-05
0.000000000000000000e+00
0.000000000000000000e+00
0.000000000000000000e+00
5.431694853234178230e-05
2.715436531205320210e-05
0.000000000000000000e+00
3.797533816468833478e-04
4.670117864400719917e-05
1.429422350260690694e-04
0.000000000000000000e+00
0.000000000000000000e+00
0.000000000000000000e+00
0.000000000000000000e+00
1.081012538996858495e-04
1.062451814151163922e-04
0.000000000000000000e+00
2.724235420900419669e-05
5.363815862599929577e-05
8.096866960853779497e-05
2.724235420900419669e-05
0.000000000000000000e+00
0.000000000000000000e+00
9.080784736334730875e-05
0.000000000000000000e+00
1.608349465739416779e-04
0.000000000000000000e+00
0.000000000000000000e+00
0.000000000000000000e+00
0.000000000000000000e+00
0.000000000000000000e+00
5.448470841800839338e-05
2.214449876079189507e-03
2.724235420900419669e-05
0.000000000000000000e+00
6.348643573590911698e-04
3.262213389487827434e-04
6.644968916910792530e-04
1.360612608007725902e-04
5.407582189859948534e-05
7.693713353185061736e-04
0.000000000000000000e+00
0.000000000000000000e+00
4.767411986575734590e-05
0.000000000000000000e+00
0.000000000000000000e+00
2.724235420900419669e-05
0.000000000000000000e+00
3.332388083108226502e-04
1.209906461536408795e-04
1.090233353995180983e-04
9.971467070626572813e-05
0.000000000000000000e+00
2.724235420900419669e-05
0.000000000000000000e+00
1.902547115569373933e-04
5.297124429528595721e-05
2.319878117816156018e-04
8.007601085676988007e-05
0.000000000000000000e+00
0.000000000000000000e+00
0.000000000000000000e+00
3.544063558736215680e-04
0.000000000000000000e+00
5.058147410084008451e-04
2.724235420900419669e-05
2.322698035968908184e-03
0.000000000000000000e+00
1.264102891073898066e-04
0.000000000000000000e+00
9.216876368543558450e-04
0.000000000000000000e+00
9.383477560879222175e-05
2.724235420900419669e-05
2.724235420900419669e-05
0.000000000000000000e+00
1.476791885313690498e-03
0.000000000000000000e+00
4.358776673440671335e-05
3.378991500719980804e-04
6.810588552251050189e-05
2.724235420900419669e-05
0.000000000000000000e+00
2.724235420900419669e-05
1.071119835944937744e-04
0.000000000000000000e+00
2.448028218503571561e-04
0.000000000000000000e+00
0.000000000000000000e+00
0.000000000000000000e+00
0.000000000000000000e+00
4.086353131350629843e-05
2.693518839332776781e-04
6.040654124536562822e-04
1.100398069155851663e-03
7.686660981322021688e-05
2.686379162454140767e-04
2.724235420900419669e-05
1.291363567110384114e-04
0.000000000000000000e+00
5.448470841800839338e-05
0.000000000000000000e+00
2.724235420900419669e-05
7.718667025884521379e-05
0.000000000000000000e+00
8.462471650916089530e-04
5.059294353100780644e-05
7.718667025884521379e-05
4.086353131350629843e-05
2.724235420900419669e-05
0.000000000000000000e+00
0.000000000000000000e+00
0.000000000000000000e+00
7.247236990389805972e-04
7.645434890914076613e-05
0.000000000000000000e+00
2.724235420900419669e-05
0.000000000000000000e+00
4.086353131350629843e-05
2.974758246861655556e-04
1.303535789526732817e-04
9.899250202701745426e-05
5.379889231729592197e-05
1.040307444355540996e-04
7.761871034174484471e-04
1.059424885905718738e-04
0.000000000000000000e+00
9.248062349898796279e-05
2.724235420900419669e-05
0.000000000000000000e+00
1.739543658369051033e-04
0.000000000000000000e+00
3.751999765406577965e-04
0.000000000000000000e+00
1.822370115770755039e-04
1.880613658021408033e-04
0.000000000000000000e+00
1.871110341348765707e-04
1.285349234225274351e-04
1.725349099903599598e-04
1.157800053882678681e-04
5.384543689687301942e-04
6.810588552251050189e-05
2.724235420900419669e-05
6.810588552251050189e-05
7.966288600617869430e-04
6.567690203380635626e-04
0.000000000000000000e+00
2.532724631247097648e-03
2.724235420900419669e-05
2.724235420900419669e-05
5.285050411480905053e-05
1.874788457417441009e-03
9.469961225034792280e-05
9.171592583698080976e-05
2.724235420900419669e-05
0.000000000000000000e+00
5.448470841800839338e-05
2.334268479753484247e-04
2.724235420900419669e-05
2.104736922417636152e-04
5.448470841800839338e-05
1.818519768067736143e-04
2.134140962415509565e-04
2.719911237692641706e-04
0.000000000000000000e+00
1.930839109522857746e-03
2.102564659822512129e-04
2.996192536294348292e-04
0.000000000000000000e+00
0.000000000000000000e+00
0.000000000000000000e+00
0.000000000000000000e+00
2.708693056873611710e-05
1.074127108812165439e-04
1.005666092406301798e-04
7.980889930663908043e-04
0.000000000000000000e+00
0.000000000000000000e+00
0.000000000000000000e+00
8.020324482618709219e-05
0.000000000000000000e+00
3.840590558071799664e-04
2.724235420900419669e-05
0.000000000000000000e+00
2.724235420900419669e-05
2.258104346599692396e-04
1.711525322666248899e-04
0.000000000000000000e+00
5.448470841800839338e-05
5.448470841800839338e-05
0.000000000000000000e+00
2.162877819017908567e-04
0.000000000000000000e+00
7.718667025884521379e-05
1.636037320523633747e-04
0.000000000000000000e+00
0.000000000000000000e+00
1.078351601806630858e-04
0.000000000000000000e+00
1.035982050948811348e-04
0.000000000000000000e+00
1.392386992904659168e-04
0.000000000000000000e+00
3.346693031911407087e-04
1.111599499905412266e-04
4.066954761412143416e-04
5.448470841800839338e-05
1.009533710882878048e-04
1.310609057534026277e-04
6.356549315434311884e-05
0.000000000000000000e+00
4.367232701287509372e-03
0.000000000000000000e+00
0.000000000000000000e+00
0.000000000000000000e+00
2.251634073281830498e-04
0.000000000000000000e+00
0.000000000000000000e+00
0.000000000000000000e+00
0.000000000000000000e+00
0.000000000000000000e+00
1.268827078469956268e-04
2.724235420900419669e-05
0.000000000000000000e+00
4.994431604984102388e-05
8.915384728637213113e-05
0.000000000000000000e+00
1.860730638232353307e-04
2.724235420900419669e-05
4.953155310728036501e-05
0.000000000000000000e+00
0.000000000000000000e+00
2.724235420900419669e-05
1.021588282837657461e-04
6.356549315434311884e-05
0.000000000000000000e+00
2.527160243866500861e-04
0.000000000000000000e+00
2.724235420900419669e-05
0.000000000000000000e+00
4.794700304577567207e-04
1.060589089077044100e-04
0.000000000000000000e+00
1.595713621297991638e-04
2.308351118820696707e-04
5.330500236124228357e-05
7.307129265351596913e-04
0.000000000000000000e+00
0.000000000000000000e+00
2.724235420900419669e-05
0.000000000000000000e+00
0.000000000000000000e+00
0.000000000000000000e+00
0.000000000000000000e+00
0.000000000000000000e+00
5.448470841800839338e-05
2.337343753469842155e-04
8.209602317447028605e-03
0.000000000000000000e+00
0.000000000000000000e+00
4.160190071575618179e-04
4.903623757620757708e-05
1.764266748773604654e-04
0.000000000000000000e+00
5.999000205982873979e-04
0.000000000000000000e+00
1.494433394972451102e-03
0.000000000000000000e+00
4.540392368167366115e-05
3.726599390674125464e-04
2.724235420900419669e-05
0.000000000000000000e+00
5.059555231346924559e-03
0.000000000000000000e+00
2.724235420900419669e-05
0.000000000000000000e+00
1.096920093660227503e-03
1.001283305020026653e-04
0.000000000000000000e+00
9.904109219095748025e-05
1.301579145541311778e-04
2.724235420900419669e-05
2.443999825189083815e-03
0.000000000000000000e+00
2.724235420900419669e-05
2.034921306824103912e-04
2.724235420900419669e-05
5.648324600300196410e-04
0.000000000000000000e+00
0.000000000000000000e+00
0.000000000000000000e+00
5.448470841800839338e-05
0.000000000000000000e+00
5.418493181582679152e-05
2.724235420900419669e-05
5.448470841800839338e-05
0.000000000000000000e+00
1.428159781259917083e-04
7.905997899815901914e-05
0.000000000000000000e+00
0.000000000000000000e+00
2.724235420900419669e-05
3.832276681463339663e-03
5.448470841800839338e-05
3.063447775672887750e-04
7.286268705139004520e-04
8.992623064049702977e-03
0.000000000000000000e+00
0.000000000000000000e+00
0.000000000000000000e+00
0.000000000000000000e+00
1.060851111364587715e-04
0.000000000000000000e+00
0.000000000000000000e+00
0.000000000000000000e+00
9.931030049082870831e-05
4.350693301366769525e-04
0.000000000000000000e+00
0.000000000000000000e+00
2.596279457304631264e-02
0.000000000000000000e+00
1.175160377643318273e-04
5.543035195200377539e-03
0.000000000000000000e+00
0.000000000000000000e+00
0.000000000000000000e+00
0.000000000000000000e+00
2.724235420900419669e-05
1.600483590036409797e-04
4.545865540589235114e-04
0.000000000000000000e+00
1.128611817230174144e-04
7.982200289211719194e-05
0.000000000000000000e+00
2.724235420900419669e-05
0.000000000000000000e+00
5.298308144484904482e-05
3.434310963770030567e-04
0.000000000000000000e+00
0.000000000000000000e+00
0.000000000000000000e+00
0.000000000000000000e+00
6.738760363075374992e-05
5.194425078343853342e-05
5.448470841800839338e-05
5.580177039691377105e-04
2.724235420900419669e-05
0.000000000000000000e+00
4.284784545004947888e-04
5.448470841800839338e-05
0.000000000000000000e+00
1.323827765594236521e-04
5.448470841800839338e-05
0.000000000000000000e+00
1.003693795268997629e-04
0.000000000000000000e+00
0.000000000000000000e+00
0.000000000000000000e+00
0.000000000000000000e+00
2.724235420900419669e-05
8.117628312450381320e-04
0.000000000000000000e+00
3.576776867405181146e-04
1.852480086212285673e-04
3.412483070512795265e-04
2.724235420900419669e-05
0.000000000000000000e+00
0.000000000000000000e+00
4.358776673440671335e-05
2.724235420900419669e-05
3.242516018231937744e-04
0.000000000000000000e+00
8.566937251709036373e-04
0.000000000000000000e+00
2.724235420900419669e-05
0.000000000000000000e+00
0.000000000000000000e+00
0.000000000000000000e+00
0.000000000000000000e+00
0.000000000000000000e+00
0.000000000000000000e+00
0.000000000000000000e+00
0.000000000000000000e+00
4.358776673440671335e-05
4.086353131350629843e-05
0.000000000000000000e+00
8.420430819354838984e-04
1.110258471384773698e-03
2.724235420900419669e-05
2.724235420900419669e-05
0.000000000000000000e+00
0.000000000000000000e+00
6.356549315434311884e-05
0.000000000000000000e+00
1.225905939405188953e-04
0.000000000000000000e+00
3.632313894533892892e-05
2.724235420900419669e-05
2.724235420900419669e-05
0.000000000000000000e+00
1.890661292272515350e-04
1.758945185064001761e-04
0.000000000000000000e+00
1.024332943641283417e-04
1.015168473828006557e-04
0.000000000000000000e+00
0.000000000000000000e+00
5.318745345567484181e-05
1.012447756096479810e-04
0.000000000000000000e+00
2.724235420900419669e-05
0.000000000000000000e+00
1.450254738773457987e-04
0.000000000000000000e+00
0.000000000000000000e+00
3.104203106282335837e-04
0.000000000000000000e+00
2.724235420900419669e-05
2.724235420900419669e-05
2.724235420900419669e-05
1.355220911916284751e-04
0.000000000000000000e+00
0.000000000000000000e+00
2.724235420900419669e-05
0.000000000000000000e+00
0.000000000000000000e+00
5.850226772559904487e-05
0.000000000000000000e+00
1.904370284705626923e-04
0.000000000000000000e+00
4.994431604984102388e-05
0.000000000000000000e+00
0.000000000000000000e+00
0.000000000000000000e+00
1.254127767566230690e-03
0.000000000000000000e+00
0.000000000000000000e+00
5.321107473205612413e-05
1.529285038491913018e-04
0.000000000000000000e+00
4.255168674810824877e-04
2.724235420900419669e-05
0.000000000000000000e+00
0.000000000000000000e+00
7.677390731628451427e-05
8.049795553124409336e-05
0.000000000000000000e+00
4.981459055360769854e-05
5.523693486190137938e-04
8.808361194244691415e-05
0.000000000000000000e+00
1.522451640762151424e-04
2.724235420900419669e-05
0.000000000000000000e+00
0.000000000000000000e+00
1.580056544122243774e-04
0.000000000000000000e+00
9.021849366623059790e-05
1.527787081719647068e-04
9.639602258570715231e-05
7.668411639125118312e-05
1.084021438573252484e-03
1.253148293614192899e-04
2.724235420900419669e-05
1.824908793402570291e-03
3.354198496501716552e-03
3.966672565938955610e-04
0.000000000000000000e+00
0.000000000000000000e+00
4.670117864400720594e-05
1.107855737832837346e-04
8.019972848268026183e-05
1.269872325257918703e-04
0.000000000000000000e+00
2.724235420900419669e-05
0.000000000000000000e+00
2.452649575380150531e-04
2.724235420900419669e-05
1.478870657060227917e-04
1.081180932669854135e-04
2.032562963055097168e-04
5.338016385112347915e-05
0.000000000000000000e+00
3.579168167861424715e-04
0.000000000000000000e+00
1.316713786768536343e-04
2.724235420900419669e-05
2.724235420900419669e-05
0.000000000000000000e+00
0.000000000000000000e+00
4.086353131350629843e-05
3.281208522955175776e-04
0.000000000000000000e+00
6.728415909697199691e-04
0.000000000000000000e+00
2.724235420900419669e-05
3.632313894533892892e-05
8.612765380737042028e-04
2.724235420900419669e-05
0.000000000000000000e+00
0.000000000000000000e+00
0.000000000000000000e+00
2.724235420900419669e-05
1.811070682720500812e-04
2.165481400655599271e-04
2.890573069042333171e-04
2.488899584554768994e-04
5.384360306434622613e-04
6.356549315434311884e-05
1.143545333657037047e-04
0.000000000000000000e+00
4.474505471396215397e-04
1.050776519490161998e-04
4.086353131350629843e-05
1.842958613141864872e-04
2.724235420900419669e-05
0.000000000000000000e+00
0.000000000000000000e+00
8.811046460741820676e-04
0.000000000000000000e+00
0.000000000000000000e+00
0.000000000000000000e+00
2.961455146109911812e-04
6.612947943283761744e-05
1.064300514627005247e-04
0.000000000000000000e+00
2.772455753381897615e-04
0.000000000000000000e+00
4.422441799029429147e-04
2.948524958735416340e-02
0.000000000000000000e+00
7.705694476261189523e-05
1.692834575602055001e-03
8.242874551522946965e-04
1.051385910373354993e-03
4.358776673440671335e-05
