0.000000000000000000e+00
7.683059812906112285e-02
6.686342219109597806e-02
4.576276734800277524e-02
3.526854706364090930e-02
0.000000000000000000e+00
0.000000000000000000e+00
3.303782279853617609e-02
2.373029562803896653e-02
2.035648233323250622e-02
1.340718820899766683e-02
9.647974892508237588e-03
4.638066320382350227e-02
7.577338205997818932e-03
4.198719993325283895e-02
4.515986932676874233e-02
9.039660623119338823e-03
1.368968776689207800e-01
7.148715668315741567e-02
4.710838279356543978e-02
6.566675820725986767e-02
4.529211956948042683e-02
4.003103215466019549e-02
1.471192222052408738e-02
8.468124224316397886e-02
1.084914299815640248e-01
1.139477124568122335e-01
2.124625604093921538e-02
1.949037880097215236e-02
1.631072057371607542e-02
2.136421318782133483e-01
1.231670366837942510e-01
8.846130954284792125e-02
1.078232536606309466e-01
8.852434759937555242e-02
1.026472823268207435e-01
2.266587881661230597e-02
3.685986856289362734e-01
6.384688495637558248e-02
7.731052663083470833e-02
1.802323142523478694e-01
1.278499828491801438e-01
2.165133671861063647e-02
3.791915451804594994e-02
0.000000000000000000e+00
1.420874912274161517e-02
1.606191919646535737e-01
1.152019945488902408e-02
4.055658152866126187e-02
4.445452957086581947e-01
4.484975458951279137e-02
7.035419586112645618e-02
1.085666990112246211e-01
4.863276580681930028e-02
5.302303606721459062e-03
1.151987228790041229e-02
3.378179853921254860e-01
3.657699949960235841e-02
4.484830479882884191e-02
1.623574371145810602e-01
9.876471193476188404e-02
2.194068016887396055e-02
1.653261330037558707e-02
1.395703338200604549e-02
2.778361206169943642e-02
5.657278953856881287e-02
1.046665423727954902e-02
4.124022676097904849e-02
1.040916724945528671e-01
1.437890464346542885e-01
1.695599602018482699e-02
3.634675990580760185e-03
3.907927067549721301e-03
1.617516846656563700e-02
9.414677836303653180e-02
1.569904614605466264e-02
5.710503911283648648e-02
1.318078534453537287e-02
2.178242344103420436e-02
9.925731157248751657e-02
4.040117954518773757e-02
3.910717896131821192e-02
1.093078636649531532e-01
2.757969863455782544e-01
2.652035795214322533e-01
3.282251766174582031e-03
6.940209053748169765e-02
1.459458222203817712e-01
1.262649953486087995e-01
9.367118282728625900e-03
2.611795405979844276e-02
3.828693025737806011e-02
9.493413973918851667e-02
1.374001109737488235e-02
3.810912660562859600e-02
3.371621049974304896e-02
6.677683640586629110e-03
2.840213958666204519e-02
4.391651469102164640e-02
5.002663674868745858e-02
5.669154727925462822e-02
6.510527098279350611e-02
2.096115333425352389e-03
4.718404708973178430e-02
1.372703752554542689e-01
0.000000000000000000e+00
2.449263404883161854e-03
7.047632132882242217e-02
1.814048743955254395e-02
2.390345560679767445e-01
3.570468730361486820e-02
2.898032127763627841e-02
6.708282795517384045e-03
2.972871156842149531e-02
4.387061673063819001e-02
1.780992168815487275e-02
1.256450221721854277e-01
3.319754239691441455e-03
1.315528963313372657e-02
4.095652361827983867e-02
4.565900647241161181e-02
6.391595689754492327e-02
5.674270823207994141e-02
2.256060935151982250e-02
2.085197834885477164e-02
4.269894842404919899e-02
2.151906561342373791e-01
7.532131876733760834e-02
4.211973878784114333e-02
9.355616328071736376e-02
6.346510710917740994e-03
3.219343676682484556e-02
2.218795912869415687e-01
1.154187347717252621e-01
2.019719748842874196e-02
8.456165191890008259e-02
1.938897740466938302e-02
2.359394723356658119e-01
7.365524143864377038e-03
1.130788820748982459e-01
0.000000000000000000e+00
3.528517693107602327e-02
1.353025407043757511e-01
4.066343611380140999e-02
3.283596145072653627e-02
3.152170194013326210e-02
3.083237888498580048e-02
3.010198900660476795e-02
2.848631337279439180e-02
3.219343303801469602e-02
2.378556421486877070e-03
3.417169972861877625e-02
2.297054839485124234e-02
1.465789902339587059e-02
4.456892183951133291e-02
3.937872329551339590e-05
9.810656866855005376e-03
0.000000000000000000e+00
1.325018765178587188e-02
4.449686508801331541e-02
6.019059005803217843e-02
2.627578093875904131e-02
5.540071190033302173e-03
2.286382358569349904e-01
1.870299218876834146e-01
2.069092270236616571e-02
2.304305237738288881e-01
3.608701242882697002e-01
2.328200107951481357e-01
2.104916823612912324e-01
4.133932321078450656e-01
2.833786834406453181e-01
2.241585736282392105e-02
2.582634091818114541e-02
4.483787493000424007e-02
9.179589776359797781e-03
6.116741807397207964e-02
4.798511745969236131e-03
1.596568325906178032e-01
2.457613477878934916e-01
2.554753341315141313e-02
3.689765847593395875e-02
2.678670702324490449e-01
7.161828330483288596e-03
1.006099934459658840e-01
1.066225349066565187e-01
6.290123662553170902e-02
1.566657195092648891e-01
4.539311591815664571e-02
4.210922350701640227e-02
2.020316293497108617e-01
4.338775525959892576e-02
1.117387449773676877e-01
7.983065411856049565e-02
2.162561498183235287e-01
4.223764750458158801e-03
7.950555148594062871e-02
3.580524563555353978e-02
5.882480430853931352e-02
0.000000000000000000e+00
1.091936774975525992e-01
1.287253150104676891e-01
0.000000000000000000e+00
1.679760572694668497e-01
2.201140080377150809e-02
1.210679050660310452e-01
1.179214093694556098e-01
8.876323584716772075e-02
9.237613730993743388e-02
9.509450818211195866e-02
1.695812422120628327e-01
5.719681682692456803e-02
1.221334635033350935e-01
1.384564084439965370e-02
1.729187525624542587e-02
3.379708254664492983e-03
4.809886681338593206e-02
0.000000000000000000e+00
1.221977596452035186e-01
4.122830748530237344e-02
4.778632670109406178e-02
3.257376015382007495e-03
1.048365932540225032e-01
2.497634668368204913e-01
1.035537337229301968e-01
1.583087070811819430e-01
6.734452919175293317e-02
4.282000162307486590e-02
1.320386053215480970e-01
6.766237270191499675e-02
7.423789800695868024e-02
1.925675534923145804e-01
1.422383292015529932e-01
2.444563556823222683e-01
4.484334827456351036e-01
2.397428518127497910e-02
4.413802438556047036e-03
2.751043495278349127e-02
1.183901060018399676e-01
8.629227272573825047e-02
6.836082828660927646e-02
2.296636012275765637e-02
8.602537167626600478e-03
1.436369275043656302e-01
9.996833669027438418e-02
2.196319829269111068e-02
3.270036879936544238e-02
3.222257459908917099e-02
3.158665073783240018e-02
3.280581467406751273e-02
3.260076243408427388e-02
1.435763128303282343e-01
3.236011399249782983e-02
2.399825870987815080e-02
9.691195425349530268e-02
1.002669013652814911e-01
3.351260139229683688e-02
2.936956277545998972e-02
5.225688530042926772e-02
1.262817531007520699e-02
2.452550080021254075e-01
3.112231529061748603e-02
2.002102124559979046e-02
5.877460481938356907e-02
3.254927081020220214e-02
3.022866571397209157e-02
6.957402337241624934e-03
2.348610946366678220e-01
2.451763474155654876e-03
3.734594045450823074e-02
1.995694966022032446e-02
7.195095800983963841e-02
1.164042887355076772e-02
4.604807762092466561e-02
1.714529417274590628e-02
2.504823404013212240e-02
5.239195429971932327e-02
1.125297595820029528e-02
6.065242011407967482e-02
3.100533447548325938e-02
4.067179972870782478e-02
3.152765064356088942e-02
5.496104076216123957e-02
0.000000000000000000e+00
1.128900981074121290e-02
1.508777761078761159e-02
6.167671010396968967e-02
1.405962660293633704e-01
0.000000000000000000e+00
1.641874685525568367e-02
6.113929034106568849e-03
8.019860134370837557e-03
1.497784417140746172e-02
3.028523604520749757e-02
2.367896620636571470e-01
6.505272903186920530e-03
1.294624353002049588e-02
5.855727401703703094e-02
2.185029149665318471e-02
1.119788147145479584e-01
4.291022503299668500e-02
7.704302893063452728e-02
2.171067097207490804e-03
2.556688649338321184e-01
6.987909524348800971e-03
3.437284323597911140e-02
2.270893976538079784e-02
6.332786495353648348e-02
2.460903163757155454e-02
1.669032619515409266e-02
9.939661285481626862e-03
1.324168759892874192e-02
9.851444526144170766e-03
1.002093838591600061e-01
9.670398972889682199e-02
0.000000000000000000e+00
4.859169620869430162e-02
2.043603866630077093e-01
1.446657633597832060e-01
0.000000000000000000e+00
1.730219654782780836e-01
4.932257315596100256e-02
9.091923230136966794e-02
3.392561641480007495e-02
1.114259035323321712e-01
8.383673288041926241e-02
4.117094329046366852e-02
3.495310096414971923e-02
3.573798001185668483e-02
4.104510887008760989e-02
2.631198905992260251e-02
7.899575029931682479e-02
4.707909703046908589e-02
4.672758567836332588e-03
2.898428746746146700e-01
4.042912261710362998e-02
4.888070976209313301e-02
1.536128511783019235e-02
6.193239305525199967e-02
2.835352210662289707e-02
8.989960745193315006e-03
7.106145783973616403e-03
1.980227055234262679e-02
2.122521025798906891e-02
2.283156164180262238e-01
0.000000000000000000e+00
1.144783853640953808e-01
1.781173598202610009e-01
1.208227421077801012e-02
2.564487168957185759e-02
1.031797150014703845e-01
7.725271479102779892e-02
0.000000000000000000e+00
5.195503188374406278e-02
2.421592772119396386e-04
1.130538425672673597e-01
5.191171414119111205e-02
8.233147447857547263e-02
1.788336770225802397e-01
1.031276973085697435e-01
9.707120835543570081e-02
2.776140986390362997e-02
3.971240617891780289e-03
6.571716339666799911e-03
9.475757434304288296e-02
1.226346652559229256e-02
2.606296943628905183e-03
2.532204059449671973e-02
6.876730661574281811e-02
1.314992671836163751e-01
2.120650741797902583e-02
2.376783546265732738e-01
1.590920302772396155e-01
9.245558602541503745e-02
2.343287840513585962e-02
1.553008746543405039e-03
5.490740360539092535e-02
1.950871205932447339e-02
4.864124204063902113e-02
1.158546980578556429e-02
2.624455655694859502e-01
1.021438120752993228e-02
1.232469722953855040e-02
5.219933050996683477e-02
3.380714231755899135e-02
2.447211412393368590e-02
6.930201927278112350e-03
4.226174925737069543e-03
9.969618888716258454e-02
4.157629075292312848e-02
1.071458724878295854e-01
2.981500687377547365e-02
1.094477052241682458e-02
7.748763766940136577e-02
9.611839704265801032e-02
8.373220137240355854e-02
1.632103382963467908e-02
1.679141942194881665e-01
6.054656018215531788e-03
6.427853032563035640e-02
2.502185007988355636e-02
1.379565053205489278e-02
3.709246397182042188e-02
8.751194399898931664e-02
1.203206580499944778e-01
4.735402337219785096e-02
0.000000000000000000e+00
4.961791656552705376e-02
3.589941720747269471e-02
9.268282769531843712e-03
5.931587545973560083e-02
4.962613478410826673e-02
4.488166797714150391e-01
8.041366019464302184e-02
1.358525423481573569e-01
1.700356141123489095e-01
1.757277222089292934e-03
2.054105978556552969e-02
2.337083941925541808e-01
2.393724042074154568e-01
7.344615009224408908e-02
1.472958824589456484e-01
4.017307926887525582e-02
7.634579893346149504e-02
8.848576869309887627e-02
2.908960807353278000e-02
1.488572372605556637e-02
2.414031639037261812e-02
3.786969350200930506e-02
2.226735703451234727e-01
2.003996030855512700e-01
3.616725377281682086e-02
1.183151862643203600e-01
8.400329531349726153e-03
1.399111830992527672e-01
1.322581984657933418e-02
9.391423430568757169e-03
7.063733373172986774e-02
2.096194940392948070e-02
1.924606151564667300e-02
1.472130647283353966e-02
7.002414310940352493e-02
1.142147664110577665e-01
1.179889229649520033e-01
3.813786769302218715e-03
2.824287223877064434e-03
1.806074538457895784e-01
2.473041469223042910e-01
1.067070811687518272e-01
1.852901896130099146e-02
8.015205753364007535e-03
5.004808176706188050e-02
5.024910416529415613e-03
7.908002555484383578e-02
1.107187657081931675e-01
9.608426241814704838e-02
7.082797748433566909e-02
1.123202262057887424e-01
3.329700854651562736e-02
2.108791201020867589e-01
2.565474184570870619e-02
4.240609423954566637e-02
1.221506967899088636e-02
1.076503330316338491e-01
7.307713770579482571e-03
2.798993695048412889e-02
2.738943441306762594e-02
1.547634292133093226e-02
8.256284460294516236e-02
5.845806822192933794e-03
5.372256589862445253e-02
5.393495609581133721e-02
6.210414241358197529e-02
7.550685869655282545e-02
1.078096629723557243e-02
0.000000000000000000e+00
3.861935392787607668e-02
2.629281356266055525e-02
2.592233230529927823e-02
2.838090305058482699e-02
2.388510090301831923e-02
6.747728026449362204e-02
1.633498304116987043e-02
1.389708268408069713e-01
9.706953928614758809e-03
1.247644069226465646e-01
4.564419860180102262e-02
1.565115188240095989e-01
7.355040682132862884e-02
4.160947501028555706e-02
1.667279857994241610e-02
6.142697803288665881e-02
9.831731014238798139e-02
1.409091229979289039e-01
5.227642802335630279e-02
0.000000000000000000e+00
5.583845677234844374e-02
3.735418572577930973e-02
1.362213179255498119e-01
2.373349328195217822e-04
1.533838047545632577e-02
5.459469270944872221e-03
3.976879468315974719e-02
3.365396822276522926e-02
3.098152191976311087e-02
1.480612272407189067e-02
3.377295608339458965e-02
3.975612095975744609e-02
1.572419553975352713e-01
9.540986528019690383e-02
1.985142696942432394e-02
4.442113666035929498e-02
3.051120276739816006e-02
2.760399802265744995e-02
2.138590181623927222e-01
3.724387655503669237e-02
1.388196159355921111e-01
9.375595214756149431e-02
5.304647575482412947e-02
1.296690345992068671e-02
7.849586723779111708e-02
2.031228293507680860e-02
1.799252025609288097e-02
7.054935834736575373e-02
6.784889405099470139e-03
1.654330966611734510e-01
6.282084550221966879e-02
1.650677649392662261e-02
5.755099267458252399e-02
1.079077690717928917e-01
1.136432828535749451e-02
3.384626976224325290e-03
2.247794342906495046e-02
6.143031733372161796e-03
5.407070515991918569e-02
5.307291722269180667e-02
5.697132639730817516e-02
2.390182770540238977e-02
1.298982645898405508e-02
1.700662307105815785e-02
4.948561979111687492e-02
3.631596046394225397e-02
3.736971373401942742e-02
4.751831366345982133e-02
9.690002441712586290e-03
1.942171328431463451e-02
4.140244094648259932e-02
3.645454797160674332e-02
1.628066500663871707e-01
1.476887724196895846e-02
4.081808705244061031e-02
3.211093344411697359e-02
1.264104067044655721e-01
0.000000000000000000e+00
1.099947659748945483e-02
3.102620014427781570e-02
7.851023398683842913e-02
2.643961458350663207e-02
0.000000000000000000e+00
1.126192528320020259e-01
3.734274060849784860e-02
9.043439827069477133e-02
4.929617366435490311e-02
5.632592883140041806e-02
3.071914915023565840e-02
2.018467483640318250e-02
4.687644603948637467e-02
1.053528973793893542e-01
9.653535436098259481e-03
6.892206966749903074e-02
4.291953099727940923e-02
4.006353528915429507e-02
9.601063050186464665e-02
5.809593493214748605e-03
2.878743331028665864e-02
8.383140433022351345e-02
2.380472478720907503e-02
1.342371055403113189e-02
1.505831277012177338e-01
5.935289841712698689e-02
3.303642621994296036e-02
4.122136391320285753e-02
2.785419342054495928e-02
1.705406654209795647e-02
1.094945804707414538e-02
4.391098659142489424e-02
5.405923219483188547e-02
4.836414592376403476e-02
1.537806651740059039e-02
4.044231534370723580e-03
3.583658793591926184e-02
7.338943780917350779e-02
2.419805798018659360e-01
5.590545002684788045e-02
5.394864519538522529e-02
3.458119778044554948e-02
8.541437536244433915e-02
5.080448196510900516e-02
1.715577238819658845e-01
1.160241046163914547e-01
1.647547636565249718e-02
5.941766488661670564e-02
4.282824949657726421e-02
8.594107002716455668e-03
0.000000000000000000e+00
3.288179528082757486e-02
6.275816608914297490e-03
2.170705450797427716e-02
2.647728143925220934e-02
8.818472925312725863e-02
1.357390569584353557e-01
1.387960941273300719e-01
7.896882635692392682e-02
5.263003983499991989e-03
1.228295347647163638e-01
7.578519972534003557e-03
1.126738999605958469e-02
5.089847627546006947e-02
1.949588987414596630e-02
1.072597826107806185e-01
7.552906840371864661e-02
0.000000000000000000e+00
4.266239692076645440e-02
2.229777409536470856e-02
6.559247299199721937e-02
1.141381840888824328e-01
1.451193668175116969e-01
3.779853572182556576e-02
3.071185959166111701e-02
2.151185064990457363e-03
3.959100209140586912e-03
1.478707374484837800e-01
2.640864337195747424e-02
5.077245140098707310e-02
2.213599476677430289e-03
2.128109424211821477e-03
7.903518891256133827e-02
1.068209664238217727e-02
1.140664396444028839e-01
2.006458529228085652e-01
8.687576053382972674e-02
1.644368906766047189e-02
5.831160962542547566e-03
7.028330632099066833e-02
3.495512855690297016e-02
1.726664596048799183e-02
1.249194496680949840e-02
1.641657471173463279e-02
1.446739843667010916e-02
1.918195988602366953e-02
5.603071282988203450e-03
1.602910624111215654e-01
1.369774722130490119e-02
5.019363949915423007e-03
1.011940953223522399e-02
8.077456115163972328e-02
3.570430965799342715e-02
3.704552079584999547e-02
6.559684301649149063e-02
5.749663202422716779e-02
7.250690839229356754e-03
2.125821238164249394e-02
9.100932099652858653e-02
3.725818358985399925e-02
3.024356653785265081e-02
3.858752350318539470e-02
2.207249429973856536e-03
1.145426564653595491e-01
8.370866078806304955e-02
8.442808668355450408e-02
2.784914176372321748e-02
5.175958093109578328e-02
1.120329018249215380e-01
5.499972972237721081e-02
3.396553360349763295e-02
1.393835341536240335e-01
1.888581350075408949e-01
6.655037172295408254e-02
3.598129116263315552e-02
7.507899246063143295e-02
1.245708254569777296e-02
1.385144865973444439e-01
5.130743811712203950e-01
1.626575155259093464e-01
1.170337786797199797e-01
1.862216939619747436e-01
8.815892300795624692e-02
1.489321267700143281e-01
3.301540933306146286e-02
7.487748130664950708e-02
4.535618968593801981e-02
5.063594572432883467e-03
3.982173902881935845e-02
5.755301320547534516e-02
5.789704608008428011e-03
7.346764002792749437e-02
6.623006234863559882e-03
7.794559746681528623e-03
1.245052122080956281e-01
1.471499659856068121e-02
4.407835277973859434e-02
3.909860931562203490e-02
6.798408280598877695e-02
5.707237570489454015e-02
7.185410113413226441e-02
2.448376586877287764e-02
1.838559096375025348e-02
6.944791416094542313e-02
9.263653379355041295e-02
2.966981163219362116e-02
4.478420401553506736e-02
1.003557679403055403e-02
8.864591667112620144e-03
8.098611824704793349e-02
0.000000000000000000e+00
9.623473682617333935e-02
6.354917687520700298e-02
9.340550094583477403e-02
8.000456530581612213e-02
4.090850235821630321e-02
6.099800281276479552e-02
6.142996679588641484e-02
1.117219665467228396e-02
1.967259646362498060e-01
2.280301507575099862e-02
5.688498359406235494e-02
1.995798796831511623e-01
5.596174580899049289e-02
4.611613354120969177e-03
1.952209470974874961e-02
6.870377179625997144e-02
9.759543749661148127e-04
4.202081685774228248e-02
8.192889841725925493e-02
3.315662732648672062e-02
6.078434105316432579e-02
2.236745044552801431e-02
9.758929949178529739e-02
5.802636817271267233e-02
3.810909680751617401e-02
3.090013626645493616e-02
6.673622454786798386e-02
5.264342598591387201e-02
1.340998631390046825e-01
2.620281308681260413e-02
5.837420770571899453e-02
3.222312257612092168e-02
9.770013716280345761e-02
6.210243564683626261e-02
3.111750122054868228e-02
4.098168157636461473e-02
1.505848553256976530e-01
5.936411023391130470e-02
7.424361288682845839e-02
2.007789495769429777e-02
9.470371802002208739e-02
2.621819850572570942e-02
1.272489847577329414e-02
7.863455125121010525e-02
5.577554628694070260e-02
7.838139478346661804e-03
0.000000000000000000e+00
7.002121405974470747e-02
1.126412312078439726e-02
4.127303836392304248e-02
4.749715137151966360e-02
6.305756146444352339e-03
3.579372038275341339e-02
3.720552377313257608e-02
4.037245105964615277e-02
2.941353685037295662e-02
6.255970482439554559e-02
8.985021086028144310e-02
8.960782547390522268e-03
2.654997641926115648e-03
3.247572779969525314e-01
2.687843066618063048e-01
1.390029804474233188e-01
1.273978123659018635e-01
6.897383167040693763e-03
3.651209191279791710e-01
6.330537189647600371e-03
3.905396640038905076e-02
1.238788083479214208e-03
8.307222002386360771e-02
2.945948789704466719e-02
1.216339600054601178e-01
1.196128331159718172e-01
8.508638735021545330e-02
3.803350468102628668e-02
3.172198646220092400e-02
8.334735810988824767e-02
1.764486800507691910e-01
1.542966743493945359e-01
1.766093312660732551e-02
1.850133732565906186e-01
7.285961219217540474e-03
1.078891223679789846e-02
1.588265499714625051e-01
7.668803427000181472e-02
5.811379170705066599e-03
2.437332369215017280e-02
1.252864890273679421e-01
4.052882047405592658e-02
3.900583457917505825e-02
3.964459988191215700e-02
1.417061439472799833e-02
4.657219302167447950e-03
9.332116029083437070e-02
9.505212459798872970e-02
3.688775641803587746e-02
4.157877215563754447e-02
4.995420275417750133e-02
2.906785694694224986e-02
8.024677571587091052e-03
1.073808695167466354e-01
1.471873292191894222e-02
2.267274816914257585e-01
6.369635191017941622e-02
1.625645917586560074e-02
1.304167848481094794e-01
1.465142701277155624e-01
1.111435543278549432e-01
4.029152716427120140e-03
7.533441479499636273e-03
6.283973428498246250e-02
1.089209116871137084e-01
9.831916086792347187e-03
3.088821616621473254e-02
8.937938364014463843e-02
3.059209805197848908e-02
3.348056341067806585e-02
5.089356215977502984e-03
6.393808262685407584e-02
2.179576539012462177e-02
3.346065570687617452e-02
4.900172329530949611e-02
7.165744564848086640e-02
2.381943362598626379e-02
3.934835392199342863e-02
2.358682216946572652e-02
4.510733630654151227e-02
6.778986722904001283e-03
8.162569255202800633e-02
1.654690300645356160e-03
2.597819305679749391e-02
1.051966822420649095e-01
1.210360194876258788e-02
3.763795400085356846e-02
3.242228489988576712e-01
9.206295164868194547e-02
4.125982662031901782e-03
1.787764342674957874e-02
1.448436314929058000e-02
3.863735333649032100e-03
5.730578185525914137e-03
1.882289857808689959e-01
1.629889660784522576e-01
1.561608510151568652e-02
1.257612901803151217e-01
3.039098957554919878e-02
4.318752950879645169e-02
3.574972583248214875e-02
1.395670859348729920e-02
0.000000000000000000e+00
1.361798967543137451e-01
1.703881739849499866e-02
4.756735229397346387e-02
9.055603606166506836e-02
4.621299423054736621e-02
7.866978301108051852e-02
1.964827135349178633e-02
3.729065585400368477e-01
2.225592385829777697e-02
2.517435473438478510e-02
1.856787661090031349e-02
4.091922524988245158e-02
1.244783452617470587e-01
1.052793637147289019e-01
2.601912084034996298e-02
1.151380326841300317e-01
9.774975331733148920e-02
6.029608199148839276e-02
6.144229203915685389e-02
1.559780059822539755e-01
1.591945815812332299e-01
1.724118115947437246e-02
4.847237985135066651e-02
6.122707523881221192e-02
6.469591833980370410e-02
1.800803636600800672e-02
1.512037648199715534e-02
9.533101591889803217e-04
3.369691617404591000e-02
5.540232735284433829e-02
1.749065213261591367e-02
1.087352892203554688e-01
8.395402804295315491e-02
1.299869033797307338e-02
4.630270958900606360e-02
1.607470956724199596e-03
8.008415333696827787e-02
2.224283053474618299e-02
1.134226123139914222e-01
9.382631423628851053e-02
3.495851848380038263e-02
8.538506283224034377e-02
2.043059604786456873e-02
5.674059953441989990e-02
8.704095173663795038e-02
2.006562910495279795e-02
7.971055632816170800e-02
3.827383674857465223e-02
2.243769786001506006e-01
6.585798161972444831e-02
2.123339640932728756e-01
6.126360715446121930e-02
1.141124789013217011e-01
4.073897318072194906e-02
8.063548206228787762e-03
6.819553410085887890e-03
1.353202219526661310e-02
7.565164902163523664e-03
1.204760674324578673e-02
5.996917648312738436e-02
9.803897843823428104e-02
3.026206191327585060e-02
7.732730687175592976e-02
3.740348330146225919e-02
1.926276407692384396e-03
7.042477449261674849e-03
2.879280802409844853e-03
5.894776002588919539e-03
1.311934814043080877e-02
1.981560376250168787e-02
2.885485646651719804e-02
1.969383583631323376e-02
1.832590906241815532e-02
2.205505778556471341e-02
3.487046246072100786e-02
3.129626685411057707e-02
1.920355444565124969e-02
2.137406243041350962e-02
2.614132391877532768e-02
0.000000000000000000e+00
1.176098652558632551e-02
5.219334714574586087e-03
1.798049427298042957e-02
1.617387172872852830e-02
7.252057610672935084e-03
1.508271456251897291e-02
1.764799158454621875e-02
1.968651259167408796e-02
1.245176561034000429e-02
2.125452755077361644e-04
2.447129965920602501e-02
6.771632086686629748e-03
2.110474448037269468e-02
1.943861256824774841e-02
1.884040799590636084e-02
3.060865835679962288e-01
1.116405218720295522e-02
1.272167636864640627e-02
3.632834256998229705e-03
1.749022445053594055e-02
9.896925878079176897e-02
2.490129962312401801e-01
1.453024463614491779e-01
4.236999058297996612e-02
2.148329104714257198e-01
3.202753345285547226e-02
7.133582989634845717e-03
9.944304019080973944e-03
3.615755406262719518e-01
2.454981144132180049e-01
8.018609056749781416e-03
7.882680639905714770e-03
1.212079131144960797e-03
3.390144831810637527e-02
5.422603472006679581e-01
3.654358809367561634e-01
4.908779758936985260e-01
2.646604861589132440e-01
2.686502984404430805e-01
1.563216944709910905e-02
4.844178568659707196e-03
3.411134680679328568e-02
2.189048219210398827e-02
8.728005471873068188e-02
1.894017523246311896e-01
1.480149622970650114e-02
4.009623014977847788e-02
3.345155453561048375e-01
3.008909956857097612e-01
4.728108902409200454e-02
1.546382026577575175e-02
5.921434311152484753e-02
1.993189696197728011e-02
8.920626575233470135e-02
4.624049959135412280e-02
3.226439298138306100e-02
4.551574857976081745e-02
2.762551228073473197e-02
1.187818638383824066e-01
5.740040088415909736e-02
3.054424278831291417e-02
4.143806806384464636e-02
2.116635220443807697e-02
7.212333876650767195e-03
2.118947566750506439e-02
2.110364252573599941e-01
4.484990619381878929e-02
4.410329236100984929e-02
4.106359710356777271e-03
5.426101853367448768e-03
8.360363438937312708e-02
5.560581170164535791e-02
2.403461750471347358e-02
1.422822142716473337e-01
6.273688679072275676e-02
1.975908916558744011e-03
4.580886073970447114e-03
4.014960402652967275e-02
1.268941837632020508e-01
4.940243287207746192e-02
7.311842248007849321e-03
1.300322295731692890e-02
1.005132462471127752e-01
1.416737194504191777e-01
1.626389478030523250e-01
8.256209662611535549e-02
2.867456358335296329e-03
4.518183128866581910e-02
1.971642746668855750e-02
9.603790103046350168e-03
3.651512705299175821e-02
1.790185219909634640e-02
3.967684411805549871e-02
6.892465928071800363e-03
1.361031811127650926e-01
4.572481195131761211e-02
2.091826399743963449e-01
6.643170897555616961e-02
3.046604062360724896e-02
1.512418805388637821e-02
1.718333736865051975e-02
8.251846883817570699e-02
3.760832896984833695e-02
1.032381598572893466e-01
1.274530558737536623e-01
8.279182942385432398e-02
5.627582577257950192e-02
1.460614095466805651e-02
4.291856133388005645e-02
1.309341600227131863e-02
8.603075003377558261e-02
4.764119375786268762e-02
3.833076736802887297e-02
2.268118393210079020e-01
5.925628962304863023e-03
1.805218171022549001e-02
6.271936595443783347e-03
2.561063910470942062e-01
4.631884131464509835e-01
9.272631041739920477e-03
1.544518116778297312e-01
1.079705985844894300e-01
7.303781710542445182e-02
6.759712775144244290e-02
9.857135212599299479e-02
2.524536046292169544e-02
3.211956803907600744e-02
8.233541098024677041e-02
1.315814580330521011e-02
5.563528384190341569e-02
7.289799180631373332e-02
3.891778579916849168e-02
5.271130207887608776e-03
1.475972453466294354e-01
2.647319111844721462e-01
2.179668249253765566e-01
2.147717494116925252e-01
1.267135673135921792e-02
7.880795976021204297e-03
0.000000000000000000e+00
0.000000000000000000e+00
5.036539319573130058e-02
8.899875930492751053e-02
5.054401611226833069e-02
2.383331314127001832e-02
6.864951873949820538e-02
7.311549711290865616e-02
2.224731913948030382e-02
1.036935544473571724e-01
2.287682544635405435e-02
3.330602623556533359e-02
5.647887492693293154e-02
4.105917070396625235e-02
1.206194401315530129e-01
1.400033313694475368e-01
1.270933574281905010e-01
4.041726269079326528e-02
4.949693131339127916e-02
2.334244988026501488e-02
5.533115866562887675e-02
3.976907834913934181e-02
2.734644902656491183e-02
6.807011885120939354e-02
1.011717689119624453e-01
3.398816982815322518e-02
7.712541305328812768e-02
8.639184659743470718e-02
1.980637775381843824e-02
1.630970420726551851e-02
1.001587686856693082e-01
3.222494604547598840e-03
3.198462345649666361e-02
7.409048343541257964e-02
2.358579745540101413e-02
0.000000000000000000e+00
6.159517253061963515e-03
2.461639224889289324e-02
1.718635969392625640e-01
7.339193662531151574e-02
9.016815788118748287e-02
2.230320038035582542e-02
8.770034840356544237e-02
1.371120897384638937e-01
4.998483436324363538e-02
2.876381865960730977e-03
2.380868671910452150e-02
1.356438606379573031e-02
3.381027991048579651e-02
1.722443548933139112e-02
2.000451995910257352e-02
3.255512563888451893e-03
5.776117592332496997e-02
7.140352371957092714e-02
7.018412570902299308e-03
3.509100946041954217e-04
5.706362838568956874e-03
1.827725374493294197e-02
5.504526448398294747e-02
5.474498855255660601e-02
2.499869892122230652e-02
1.546412510285346542e-01
4.185997686791598227e-02
9.182750422081031871e-02
3.802938419563535177e-01
9.633628348196676683e-02
4.280590639253833984e-02
1.487993113282923829e-01
2.842513308941363448e-03
3.714641877372937273e-02
4.661314869777122283e-02
1.075284012882171680e-02
4.187420589495971512e-02
4.200503467629346233e-03
3.338151692404256465e-02
2.781469295174066048e-01
3.365156738293606509e-02
1.541264612809634116e-01
2.965616169453877404e-02
1.508726719237163394e-02
1.619496704855079017e-01
1.766984748591315935e-02
1.712363568376673584e-02
1.568486707862692953e-02
2.439485465914437157e-02
6.065450942834260672e-02
1.967836754639584740e-02
3.908139612354766257e-02
2.426980009047028375e-01
1.601911520048560078e-02
6.972926667783596599e-02
6.805408474742868918e-03
4.019921213304922247e-02
1.138035479044523512e-01
4.271186422830286489e-02
5.029892756530429665e-03
2.796050239729197529e-02
0.000000000000000000e+00
2.559749199745553483e-02
8.327931040732394763e-02
0.000000000000000000e+00
3.942595226620149162e-02
2.466128853129134768e-06
1.317809375742839961e-02
1.228192334078404002e-02
2.083883494572997819e-01
2.456565872457883160e-02
3.637752819387962688e-02
5.469678806616240507e-02
1.956080491288059164e-02
9.478441943046700402e-02
1.177979204286572212e-02
5.900267005949544341e-02
2.720422295251063716e-01
5.000318111835255763e-02
0.000000000000000000e+00
1.724335720523662019e-02
8.599805113194136652e-04
1.495357495103544210e-02
1.667055665165761980e-02
2.925507599318244445e-02
2.172827584325887074e-02
1.190908385562483573e-01
6.000893437599685853e-03
2.972393278459417587e-02
7.816731789819009180e-03
5.633750796297309904e-02
2.193767227452436686e-02
1.171915218907360057e-01
1.798821943706832016e-01
7.381782464555008971e-03
1.676281203110274731e-02
8.660192031903157783e-03
1.609041018173851256e-02
4.925464090931974681e-03
2.395376712783914286e-02
1.012590028489412930e-03
1.334163622524631165e-02
3.824458456506096837e-02
1.729004116145365089e-01
1.785944213848518203e-01
8.140239988204633903e-02
4.603302449849078215e-02
1.011941229335464598e-01
6.441017954659411515e-02
1.980320770992101131e-01
2.025556730243867065e-01
3.978009538442872639e-02
1.277582308189639804e-02
1.023177726734569859e-02
0.000000000000000000e+00
0.000000000000000000e+00
1.244211895356697184e-01
3.467257430322590039e-02
3.234329617586162442e-02
7.785001942441915901e-03
1.394412745335582571e-02
9.240735974182623380e-02
5.215207914174069259e-02
8.049827077782900631e-03
1.866913629546829156e-02
4.714945637310918869e-02
0.000000000000000000e+00
1.546967578570779267e-02
1.060997888877528439e-01
1.061440962044279956e-02
8.284198887859162141e-02
2.184289944103934289e-02
1.483711924711563768e-01
2.361248067062025058e-01
4.702431452783084609e-02
8.666206667917286666e-02
1.886753509148659802e-01
2.164686748497413049e-02
8.522838188243042623e-02
2.133593499576402763e-02
5.059374746895972663e-02
2.474563329858181504e-02
9.053771159468482210e-03
0.000000000000000000e+00
4.447957884714748289e-01
8.203738040629282580e-02
0.000000000000000000e+00
1.957611659693014872e-02
1.162924356891315014e-01
9.465728310612320229e-03
9.865533291539385630e-03
7.087454610742227601e-03
8.485781227993083320e-02
4.549165171014557529e-03
3.924358772621694413e-02
8.825499647914902823e-03
1.664313428599317746e-02
9.209731769149520630e-03
3.657307014920796462e-02
1.303017915748050370e-03
1.121220783560961110e-02
1.724246746564528365e-02
1.372662782563782713e-02
2.151593440516244016e-01
1.593616222874061350e-02
2.411043610472773935e-02
4.551760398779425287e-02
5.940693588279266635e-02
1.786882343738387391e-01
4.086093019949732508e-02
4.812042414485606656e-02
7.085670866276672086e-02
8.171652797087425313e-03
5.534598366933352054e-02
3.940115585243209040e-02
3.040124958232581776e-02
9.852717308965530663e-03
1.379802146299784482e-01
0.000000000000000000e+00
0.000000000000000000e+00
3.985637153074428340e-03
3.751883853338124908e-01
6.557604932729521607e-02
1.610720379192169815e-01
3.835815219382254782e-02
8.239534326365216543e-02
8.163911806936230420e-02
5.731959556721122340e-03
0.000000000000000000e+00
2.614971981713942739e-02
1.752149247767542661e-01
3.035986744783869540e-02
3.500662949934962853e-02
0.000000000000000000e+00
3.114142637311356765e-02
3.485106844842533746e-02
5.371438085089330627e-03
2.408957605672856772e-02
0.000000000000000000e+00
2.504157262518535987e-02
2.088513990349625260e-01
7.756337472687491186e-02
1.869181730606506164e-02
1.289024468229404974e-01
3.366824446700888984e-03
8.817006737421806406e-03
6.969999500386769853e-02
5.301551557472716780e-02
6.353358678240894619e-02
4.956305028158247694e-03
1.488325200067563969e-02
4.794597808422995655e-02
2.862592701884025814e-02
1.530054067951791552e-02
5.356550403604209976e-02
7.478701953946398362e-03
2.497552141113112967e-01
2.539212802935786328e-02
1.139856494032382983e-01
3.609244793842414367e-02
1.450757680529726201e-01
1.540597875141012096e-01
5.849316762574652273e-02
3.981275818944229883e-02
1.029055659194382244e-01
2.847556460174871518e-02
4.661013109957412581e-02
9.194345760076672036e-02
0.000000000000000000e+00
5.290556603462448493e-03
6.412582045119030738e-02
2.487513100478810912e-02
9.467107402677488182e-02
3.844682223058892845e-02
7.978688504108699675e-02
1.287845985356090850e-01
1.381487075726832714e-01
7.055278850623203368e-02
2.580978649902290201e-01
1.376237658684065224e-02
4.484572596826730262e-02
5.499008413646233606e-02
1.654152103101313998e-02
1.982049490567119321e-01
2.303609773108217240e-02
1.503663223574909225e-01
1.248828280280900316e-02
1.047314274757074060e-01
6.749587401540768639e-02
2.099236034805596063e-02
1.744586647275880864e-02
9.776913827197830642e-02
1.178901803285814509e-01
5.925049596405695951e-02
1.152829003505217997e-03
3.645847486590803044e-03
3.482444222371139375e-02
4.734264015449802798e-01
1.793216272595827832e-01
1.468834005375008189e-02
2.939514053237957114e-02
1.134578819946074901e-02
2.420603275062482851e-02
1.917493668983549782e-02
7.953458692236736738e-03
7.471333177620564925e-02
1.664587910172699026e-02
7.016823028270557927e-02
1.105679359780564752e-01
6.190433360935720941e-03
5.796704457016765843e-02
2.901878490628249097e-01
2.581119861137715077e-02
1.121154569629494446e-01
5.791496571964493967e-02
2.371502304131301031e-02
0.000000000000000000e+00
2.644000105294086467e-02
4.883660159189417982e-02
9.245703455834064499e-02
1.485739220347772616e-01
7.453910164520571868e-03
8.199142723167440749e-02
3.248476045343551277e-02
6.051013893983991920e-03
1.604600830814728596e-02
3.523214381852213251e-02
2.723254222751503306e-02
3.817826186806794198e-02
1.529355568584911396e-02
1.998415730387126388e-02
7.068447534687560818e-02
1.440056311246529219e-02
8.873597519959464108e-02
1.053855185389691584e-01
1.369769840499390767e-01
2.128255523003286243e-01
3.592639545107711996e-02
3.902804402782855675e-02
8.220359041631919439e-02
3.189961204080837831e-02
1.514845552055277267e-03
8.491230853597908634e-02
2.743835608073119658e-02
6.165858534190959972e-02
8.507333257452209807e-02
1.304880584205214689e-02
1.023788092714053022e-01
3.296033803397335760e-02
2.561041354926274494e-02
1.250361854499546510e-01
1.992199217048984394e-02
1.195416853450836925e-01
2.382411462709832506e-02
1.264554150565189161e-02
1.304121121974120001e-01
4.696013759333705906e-02
2.787953502971785014e-02
9.756956663504467997e-02
2.208802778514940002e-02
3.280516768080499190e-02
1.007100918833092607e-01
4.131305268257889907e-03
1.841689832593118581e-02
2.877509369131825423e-02
6.860992380015673575e-02
3.703194048552571616e-02
5.454891414745777212e-02
3.353955061028734974e-02
3.567548367127058029e-01
1.524245336463181388e-02
2.111647102355096450e-02
1.071925352022784494e-02
5.144456154853038754e-03
4.288423851834544109e-02
7.066695606251727213e-02
1.037222054548969652e-02
2.096431511411580573e-01
3.678720665789203537e-02
3.186683895434683222e-02
7.253266697011540032e-03
3.947092524787443324e-02
2.210848158673872632e-02
4.104404622060897623e-02
9.698141542292759709e-03
9.970394810960758747e-02
2.209362590348895594e-02
1.297033844690300697e-01
2.990868897101046642e-01
7.201939147783154027e-02
1.920529778268420529e-02
3.281343060592600835e-02
1.875807146103181111e-02
1.472983706868191689e-02
3.880336730403044498e-02
7.279792650610339422e-02
5.697620616433596297e-02
5.999456111944301284e-02
2.056746843133119285e-01
7.098307108180623715e-02
1.399624293427343957e-01
7.778637822597467277e-02
5.165462323468439365e-02
2.402567203003513896e-02
3.573724763881180877e-02
7.036794689034842065e-03
1.312721320020227012e-02
1.243960330710738305e-01
2.282913168719868935e-02
0.000000000000000000e+00
2.050496745413710187e-02
2.908165201870538397e-03
8.118694404930515418e-03
8.370049321319061875e-02
0.000000000000000000e+00
5.886306134753116481e-02
3.750037779381276692e-02
2.395161784219173029e-01
1.107337278069806530e-01
9.429135527195597888e-03
9.352211278609434686e-02
4.708138935991090790e-02
1.511393883389455794e-02
8.102187316932685235e-02
2.296535083040485148e-02
4.361818853290699849e-02
5.030783624745804872e-02
2.322985243614450468e-02
4.280712539072695222e-02
2.029955512099208548e-01
5.280505738012308825e-02
7.547246473903257424e-03
4.218108248084817546e-02
2.706334853988412448e-02
6.946857511193726964e-03
4.413632426761715521e-02
4.564737141773278495e-02
1.970820099599857045e-01
5.373006771032073914e-02
6.669473370368805831e-02
9.568002964772936991e-02
1.555540250156628446e-02
3.392214050115249790e-02
1.159819725180080141e-01
1.445254766312142891e-02
1.777662266146595726e-02
4.986184032566942648e-02
2.098812071909250676e-02
5.718695228580372714e-02
5.243197916619113386e-02
1.433904579966061021e-02
1.109369220093725517e-02
4.190601151873529773e-02
1.252229646264169105e-02
3.261843069843894938e-02
2.528395530054705631e-02
2.049913582387841160e-02
1.163670421216913553e-01
7.802626758186548273e-03
4.525918457130373440e-02
2.065025011907470898e-01
1.186750800613545209e-01
3.337860492893973685e-03
4.903221536848700879e-02
1.983630874162374269e-01
8.552673314837555552e-03
1.517188117246792700e-02
1.096706245689205161e-02
3.290562183036094268e-02
6.299597167318538027e-03
5.905959419388207010e-02
2.470096536449695179e-02
2.610689647731589957e-03
3.939401952195860090e-01
3.628339762081544961e-03
6.595536662081800117e-01
7.919941236448391209e-02
1.355916652021775803e-01
1.001849706664170725e-02
5.986205362591690005e-02
2.278288077915417986e-01
1.075973660194087245e-01
4.194245748785441208e-02
1.662762536599515784e-02
2.322035104297226482e-01
1.254340699142959537e-01
6.205636582170548365e-02
8.438376673795655591e-02
1.010007631576206322e-01
1.897143478316438703e-01
2.959201591320859137e-02
2.500043968780918391e-02
0.000000000000000000e+00
2.636496411204003465e-02
4.764912964234113701e-02
5.584503989847000582e-03
1.183606584141498885e-01
1.539651460833946217e-01
9.360503018138555120e-02
2.685172112696498914e-02
6.026724837803953960e-02
2.888980137028251960e-02
4.713106669513500435e-02
1.516346439610467556e-01
2.226466013543175748e-01
5.837019309977531378e-02
1.900515875686181744e-02
1.236463612268856593e-02
3.961081746651640145e-02
1.162990070348257632e-02
1.854981520489218383e-02
1.823761808475348190e-01
5.306858323267604760e-02
4.460889681264479378e-02
2.038962318699866216e-02
1.507265784895084337e-01
3.596077228090610589e-02
4.862145223809690719e-01
4.751233676450983268e-02
1.063330825385344625e-01
1.690153817738000441e-01
6.896346135407327438e-02
1.157968458712197446e-01
2.125733472409976343e-01
2.441891124621164977e-02
1.068691246876678491e-01
6.954296779773461168e-02
6.403102054153997358e-02
5.074960231532799071e-02
4.888029071521948765e-02
3.758831746381829930e-02
1.206473416639486373e-02
5.663373356599610275e-02
6.866945632749210660e-02
1.589084869212697981e-01
2.477575710439161583e-02
5.700177231997205496e-02
3.193220904070148691e-02
5.580720270612360423e-02
2.617272337345077915e-02
6.120780434671146963e-02
1.912915568875916961e-02
6.259555707742503472e-02
1.369895729626691150e-02
3.122102602953917838e-01
1.646517886640275208e-02
8.675157400271693575e-02
7.127939905450020319e-02
6.069873324152652572e-04
1.123234002314745794e-01
1.960639761720717189e-01
1.090226939021823327e-01
1.038933692248464880e-01
2.933371937177842170e-02
1.106624916509808543e-01
7.508640755601092565e-03
3.012599690143433762e-01
2.448669828067107090e-02
7.668365438720936567e-02
5.177277957058645796e-02
4.921679507904119788e-02
1.590324290377944649e-01
3.061605949632451029e-02
5.413609713215805641e-03
2.812306174022705108e-02
5.383130725778517700e-02
2.457225615244862382e-02
1.006850055081374151e-01
3.729990536837224369e-02
5.461764161890236835e-02
1.131569231109796903e-02
1.456035834807822837e-01
2.867075271071062303e-02
1.591435219069969875e-01
1.592841552904289415e-03
1.111220798248790942e-02
1.430538590348744421e-01
7.229566245085372600e-02
2.391614900820560052e-02
7.333108760673567872e-02
1.404733045603183683e-01
1.232454088795087443e-01
5.095919566156581482e-02
6.481286651066664461e-02
1.661114124203155740e-02
3.268949996281556025e-02
9.171641072688530016e-03
6.738386143634134129e-02
2.696712551291113869e-02
5.259277526717376361e-02
2.074455536926578247e-02
3.808225243115082037e-02
1.045789679158648511e-01
3.069593468562725747e-02
8.250669318064129953e-02
0.000000000000000000e+00
3.099479391647452786e-02
0.000000000000000000e+00
1.151281766583780453e-01
4.300889431301868626e-02
3.552361386326818860e-02
2.838446808746386552e-02
2.955147172471761507e-02
1.513025753962118358e-01
5.026547133249170685e-02
5.762995977033291695e-02
9.899449669779158967e-02
6.185621704409527410e-02
4.105378276823401507e-02
3.989373782568765847e-01
3.178791001317762266e-01
2.025479369834535248e-01
2.909465640059671898e-02
8.355650251235857695e-03
4.881016045705965922e-02
8.399219795487411488e-04
1.768175852622944078e-01
1.994734403267095502e-02
5.110483390852316177e-02
6.452692510743673893e-02
2.683406136603583292e-02
0.000000000000000000e+00
1.980062037693386401e-02
2.571027698827599295e-02
5.441705677965202881e-02
1.585389798010181650e-01
8.061934325777286858e-02
1.269364441721254622e-01
6.471777336365391875e-04
3.363432805268207204e-02
1.346522141424788543e-02
1.141173627305285265e-01
1.376538231517550059e-01
2.534685777814438268e-02
6.070557593354930503e-02
8.405301861253722251e-02
2.824936168419700522e-02
2.859630175109195704e-02
1.268891700797514233e-01
5.098845172575305895e-02
0.000000000000000000e+00
4.704107275359525886e-02
1.235181310990078885e-01
1.797276047318785430e-02
2.383296035763571297e-02
5.014152619063416694e-02
4.309946520078433707e-03
1.898687293989542724e-02
4.173193017553700201e-03
5.839013669334924828e-02
0.000000000000000000e+00
3.812544144414875547e-02
1.295330659190963019e-01
4.233290409335488391e-02
4.858025818758893166e-02
3.470226742361770533e-02
1.067191300156808964e-01
1.860331630709399775e-02
1.238826900949074883e-02
1.213684883829557748e-02
6.642482041105868262e-02
2.287944873131975143e-01
1.255965403962537863e-01
1.745660488284732637e-01
3.983793434776394804e-02
0.000000000000000000e+00
1.741136651664643153e-02
3.898652145389647217e-03
1.692957766479796788e-02
4.264834672416828454e-02
6.591495546899306390e-02
6.919388046713859097e-02
8.087781245155412080e-03
1.371402791001852250e-02
2.360183468164223086e-02
2.709692876087288482e-02
3.898094207311064707e-02
3.842052594333011939e-03
1.351584512818337913e-02
5.348154972161101028e-02
1.041546029185269617e-03
5.184794219319472930e-01
4.822103372841723967e-02
1.023517168864103155e-01
1.173163087160489226e-02
3.673069921670570892e-01
1.391505776292092378e-01
1.430051523618214304e-02
2.138154858277729886e-03
8.497743005908198199e-02
1.429197283461114409e-01
4.501592493751704893e-02
7.371273162431357662e-02
4.714407383525731632e-02
2.669775217061243211e-02
1.011344472441919606e-01
0.000000000000000000e+00
2.851371336183117222e-02
7.182256751315119203e-02
1.289893038965397309e-01
1.144144410824781133e-01
7.485032572757788216e-03
2.335635159898075131e-02
1.989079022695605659e-02
2.814656177572327778e-02
2.376301336646235995e-02
1.861081397745945054e-02
7.641718080211479247e-02
2.954779477650060215e-02
3.692109306485313880e-02
2.861996424914892145e-02
2.332839936515034296e-01
3.235998072738333065e-02
3.985917537622629681e-02
2.886620895541369691e-02
8.173509125417410814e-02
7.826522158697279963e-02
3.938564940458100239e-02
4.945771538190868455e-03
3.466760345246289177e-02
1.970404816779414148e-02
4.415989262437935992e-02
5.278701781062000720e-02
1.056193599844679198e-02
5.509528707195165964e-02
1.420337384023895311e-02
1.108793875630826875e-01
1.116730861278867337e-01
1.064764659839312344e-02
2.369286522936508987e-02
3.489627109311577158e-02
1.675658737728591419e-01
1.631315623404958615e-01
1.053821799216079214e-01
3.133936758039279624e-02
6.715662176425230001e-02
4.229839783334909953e-03
1.406785044038727506e-02
2.730890983224831814e-02
5.735887564105635050e-02
9.606839362710672958e-03
3.725287553010891983e-01
1.639357220041510743e-01
9.120978689821246377e-02
2.254220739273460339e-02
6.539062717185473161e-02
7.227938765868291426e-02
2.340158922737600733e-02
1.888435270279043010e-02
4.429921792008872927e-02
0.000000000000000000e+00
1.330575056490133079e-01
2.413874144394725363e-01
5.102506208240065178e-02
2.326188225699787893e-02
2.017902883042905771e-01
2.917552134752732229e-02
4.343003784263732570e-02
4.697619735696711984e-03
3.492667485351041989e-02
7.897485368704604269e-02
1.121899662668290887e-03
3.037267689854914465e-01
2.016023691086248348e-01
6.800882970204114031e-02
4.179265038891255557e-02
4.089115563678324961e-01
1.592916674536581922e-02
1.282218796713578968e-01
7.094127344489997711e-03
1.172533638657586863e-01
1.113351419737460546e-01
1.134817294965015932e-01
1.915900135628376688e-01
7.266288507892681992e-03
3.554941908871622758e-02
2.841233855522684593e-02
5.166702990712579435e-02
1.522598895136617614e-02
1.294324397467958576e-01
2.788484281148493338e-01
8.651963086868441621e-02
1.304081100547183070e-02
3.313652773453021894e-01
1.598454507463484831e-01
2.722926560417100461e-01
1.320926209047152966e-01
1.600501604236459485e-02
4.757749486645046488e-02
4.522629105465991728e-02
2.959289192626446408e-02
4.967370205404275652e-02
1.622550356386280868e-01
6.060364058850797875e-02
1.285769705081269976e-01
1.225646886759612642e-02
1.343783262097009157e-02
5.603026276053668653e-02
4.507107257313425208e-02
1.419064511038481413e-02
1.569826703871424201e-02
4.473144246094040710e-02
1.284650619925917781e-01
7.264084162214778928e-02
5.727052202942850556e-02
2.880949917656039361e-02
3.914443677104628705e-02
3.920330974163199755e-02
1.828001630396069999e-02
2.342385758816600827e-02
5.971812337641235757e-02
9.238803102862291894e-04
0.000000000000000000e+00
1.553091052399668826e-02
1.079810999415968809e-01
5.426486903473914936e-03
1.763534082232336431e-01
1.928721444817771413e-02
9.499132506024920986e-02
2.305055587050564014e-02
9.506398965039863924e-02
2.699705374137462144e-02
6.078297158185641536e-03
7.923711796191579282e-02
4.435150489150441189e-02
1.739944512939501919e-01
3.365080592516811464e-01
3.048066330361356435e-01
3.310337904557147937e-02
2.354301945387584638e-01
8.066457899355228278e-03
5.816709315133117286e-02
0.000000000000000000e+00
6.520874151101008209e-02
6.982865756266676271e-02
1.055052706802950269e-02
2.068104759929223491e-02
1.464413453678048427e-02
1.562676649282845887e-02
5.599650750770823748e-02
2.472467273608867089e-01
8.320711666680224994e-02
1.258723051522663283e-01
4.028015046839072966e-02
1.656790656070761258e-02
1.795072453528057110e-02
2.685763729625101348e-02
8.411589101456229400e-03
0.000000000000000000e+00
3.502603184236008360e-03
0.000000000000000000e+00
2.493150813659728016e-02
3.912559177620256179e-02
5.764801363628535569e-02
2.802109072191072414e-02
6.942735465746441292e-02
2.060089123077180062e-02
0.000000000000000000e+00
4.599329398582163719e-02
3.937135591827205516e-01
2.016641220009685043e-02
1.030746574821428396e-02
3.703974188151182290e-02
1.493399736783374010e-02
1.298209034521109473e-01
1.285692805390388216e-01
2.251049358143841772e-02
9.796526630560009608e-02
7.304857224196936727e-03
3.395577148783512911e-02
1.169990842979071743e-01
4.307193733416969650e-02
3.489213068450416344e-01
3.708307162244661725e-02
7.136537273121668079e-02
5.120387155747074814e-02
2.281660456903278344e-02
3.557540562197392120e-02
1.042108064066393780e-02
9.274169505884177767e-02
8.534614313057176105e-02
7.863285644714146372e-02
1.411964234771190263e-03
2.221288665588794231e-03
1.490535570750557426e-01
2.447938598075243277e-01
5.082742187266564571e-02
3.072338017913445185e-02
9.947359091441843049e-02
1.980596441798709861e-02
1.839568748922992825e-03
7.501453380096201329e-02
3.747815777837804063e-02
2.162301219787643447e-02
5.860936986788001235e-02
1.310886876464945061e-02
5.120518332799228745e-02
1.061714530614477070e-02
1.470727287272310946e-02
3.389619998374904242e-02
1.175548528028880213e-02
3.825424450138292798e-02
7.954004490831056984e-02
2.968481814599766011e-02
7.204280907577942372e-02
5.192621354610338358e-02
2.953524469404644748e-02
9.023696436327099946e-02
4.843823507938971318e-02
0.000000000000000000e+00
3.305878423995967097e-02
6.156896687265867030e-02
1.432405647691048500e-02
1.621050346027264055e-02
1.811464767030823708e-02
6.201269368646489255e-02
2.579241198968063031e-02
3.556027887962720513e-03
6.478138899025065456e-02
1.189093498347038036e-02
4.740436920533497300e-02
2.194866121128402625e-02
5.080456542746603077e-02
6.321115353756212585e-02
2.931408758736964160e-02
1.592710039777145425e-02
7.332559970405050365e-03
2.064983045088899516e-01
1.375544088354718752e-01
4.585408027917292628e-02
1.715155358826780940e-02
1.103683026634172393e-02
1.004705241402525928e-02
3.108985497737482007e-02
1.788487411264991778e-01
4.772941882151648940e-02
4.202586915304529214e-02
2.297915798743837001e-01
2.072666370360920496e-02
2.753791254563493496e-01
5.548937156948507976e-02
3.458429334526043064e-01
9.550749145790682348e-03
1.568610236184477813e-01
0.000000000000000000e+00
3.462731875552371719e-02
1.289084892043614872e-01
7.350632954734592772e-03
3.102267318932927509e-02
1.154396027668003200e-02
2.372539106088034089e-02
3.162928183669766469e-01
3.555430449295471362e-02
3.962366147850904241e-02
1.354644916864149451e-01
1.385538230991070208e-01
1.816485394133948716e-02
5.444513805629824788e-02
1.082854622044937543e-02
3.408570951622724721e-02
6.113859740859162173e-02
1.961297763853311338e-01
8.691589282849232490e-02
4.098412154754083048e-02
5.819561821486907149e-02
4.528741796473312320e-02
9.671567796933011607e-03
5.600548379176917280e-02
1.313012445060914857e-01
4.081117566143266373e-02
1.112976891260153423e-02
2.334520865007849721e-02
1.283698704862494822e-01
1.541811638066876711e-01
8.343721899278655485e-02
1.066145860129052991e-01
2.649492919031581906e-01
9.781375240252820902e-02
2.817265104930566366e-02
9.038607798029563156e-02
7.557950116348699510e-02
1.037106248759736005e-01
1.122521591869762858e-02
3.907932557699744791e-02
4.233771282478304698e-02
0.000000000000000000e+00
1.386251531621596200e-01
3.068564132535200883e-02
9.897672460919970661e-02
1.949377126467854993e-02
9.671363011897593509e-02
9.722844733316726717e-02
5.591743452448394436e-02
6.763046917784532042e-02
8.354670279531184462e-03
1.380302078983319802e-02
5.653768244740398075e-03
1.478801421703046515e-02
8.149416744198667573e-03
5.055707716755897252e-03
1.374839973618202649e-01
1.631333721392547176e-02
5.779792096790892231e-02
8.609739206679734025e-03
3.298696074106821641e-02
5.499170550878851316e-02
3.350669174319254040e-02
3.647319717484354129e-02
2.670848155822724834e-02
1.193516339385300995e-01
7.916013188582482485e-03
1.950525610865838644e-03
0.000000000000000000e+00
1.524250061164913461e-01
4.100898052459278631e-03
3.049884397892554944e-03
1.156140287222910956e-01
4.520306155295639172e-02
0.000000000000000000e+00
4.062069211152241621e-02
2.071254753076168242e-02
1.335812794122190894e-01
3.663841733738060213e-02
3.149803529407702030e-02
6.213258676302402250e-03
1.022027111512002762e-02
3.546234470162534791e-02
3.686434826961004774e-02
1.888752484646527563e-02
0.000000000000000000e+00
6.786117548877168559e-02
1.724583146989022708e-02
0.000000000000000000e+00
1.358600370838392024e-02
3.429075406353732092e-03
1.284599519188933670e-02
2.290576345229666799e-03
9.706941476478547770e-03
1.390990921906780642e-01
5.995929175776737452e-03
1.418240388663765117e-01
1.599707991043457511e-01
9.903904831775545148e-02
4.592614612668821650e-02
3.342449288339883751e-01
2.459226205866764658e-01
6.494955113285971748e-02
3.116210129110719151e-02
1.430667847084219346e-01
1.888462335376939194e-01
1.088185774098482383e-01
9.832861087933686406e-02
4.052791445821490868e-03
1.728835872826142150e-01
1.020630691104029708e-01
1.309663573701982386e-01
4.684823151441186440e-02
2.410689071003435657e-02
2.482271507263860144e-01
2.139084708109821875e-01
1.501559760103443608e-02
1.403249751071378171e-02
1.840455388786566004e-02
6.358204968813385705e-02
6.340682150527854333e-03
0.000000000000000000e+00
1.484923933957826847e-02
2.411572593538391374e-02
6.335048803143994434e-02
1.793963488036531828e-02
5.738404214934256231e-02
5.778156352348684521e-02
1.802278358226638844e-01
7.024982060102047399e-03
3.465236393919823854e-02
1.071635965655071132e-01
1.747414897773236220e-02
2.166364696129541301e-02
1.083991698437358764e-02
1.579478450149718327e-02
4.488795323382888114e-02
2.077859297011652728e-02
3.130424285582833477e-02
3.102701725382583930e-02
1.944524345299036838e-02
6.603813520166035289e-03
8.375661935787803714e-02
1.039470368193207150e-02
2.646659459756950383e-02
5.261537120401449386e-02
8.483591312529981110e-02
1.485955290119012062e-02
7.694169139715434369e-03
3.060952507455727556e-02
8.272817678294153154e-02
8.464266140842813257e-02
9.849698470123513516e-03
1.509138102441633933e-01
2.259710890442514497e-01
5.990979222243453250e-03
3.128797245156089701e-02
2.137050664740591799e-02
2.851439316656723122e-02
7.153393109523875637e-02
8.501511839501318946e-02
5.278644924346576062e-02
1.301728427077897265e-02
1.552422395783636944e-02
2.257470001823680406e-02
3.978479835293846634e-02
3.948465817640745001e-03
2.609585005552084169e-03
6.522486493225709836e-02
4.280110919843949091e-02
2.394505384282030747e-02
2.274055665738128340e-02
4.412273559486745711e-02
1.452207099373277188e-01
5.124229949152692143e-02
7.155896443064246881e-02
7.802620173179342089e-03
6.982900405709191460e-02
1.247760395192898386e-02
0.000000000000000000e+00
3.727030531436170691e-02
3.736202778298647331e-02
1.686444587843860532e-01
2.603645964390191025e-01
1.016425455194891470e-02
0.000000000000000000e+00
3.360657835841784902e-02
2.624722045627514433e-02
3.662561937410835355e-02
3.566908605054042170e-02
4.287250834458067317e-02
2.688471762967648004e-02
2.086199352417672515e-02
5.542636540070589035e-03
2.504901226917777279e-02
5.317699193791547430e-03
0.000000000000000000e+00
1.356550902204300968e-02
2.636002254853053728e-03
3.535244539259352337e-03
1.639130514029485397e-02
6.988326638770825383e-02
3.159319696070461703e-02
7.683113908082628285e-02
3.801628538448120764e-03
3.984214382132744703e-02
1.964805922609471622e-01
2.567620296713890582e-02
2.939102205372901011e-02
4.102324475316443397e-03
6.808716265956160640e-02
3.954835255634669977e-03
1.055103821323477575e-01
7.449734941942232069e-03
2.285073488071986958e-02
4.507251977627264594e-01
5.018290446535011995e-03
9.137242639593701199e-03
7.731949263941828576e-03
7.004053373949048478e-03
2.038022470047717860e-02
6.612833927314998306e-02
1.102767637521573363e-02
7.589225846861502589e-03
1.022156214649863060e-01
4.893286215788705817e-02
2.676506937413680731e-02
1.206815021437268598e-02
7.918766210637251390e-02
3.114451813177687711e-02
4.727582168473443147e-02
0.000000000000000000e+00
1.444676760078422717e-02
2.766113922315582840e-02
8.405460300024092390e-02
7.875166919430931500e-02
6.754909683459509040e-02
2.560667189294196788e-02
4.287200782071565186e-02
3.223565667047445515e-02
3.328697203314767705e-02
2.434130565199588148e-03
7.810837305870244052e-02
9.320353923659041584e-03
2.328416778280395505e-02
4.776776294438178638e-03
9.795007730316296346e-02
9.146306597124898019e-03
8.261375279603910826e-03
0.000000000000000000e+00
5.561102589257593820e-02
2.326474561535807339e-02
2.451968513409141792e-02
5.469535091248367564e-03
7.280950689028298228e-02
3.429996875503604770e-03
1.248643557908488688e-01
1.670582337884951585e-02
1.557479164173702912e-02
8.368114836159179504e-02
2.222225498850782799e-02
2.372437559280360375e-02
8.918283190982201347e-03
6.299508301580836189e-02
3.374471794570954586e-01
1.217754031979456641e-02
1.468198322677878309e-01
7.495798533254305340e-02
5.931362336793810641e-03
1.005379902766456723e-02
6.657968771194866520e-02
5.752579662424928131e-03
6.137562841565546989e-02
1.078686556463015478e-01
1.391135196392756512e-02
1.965452434731611575e-01
6.644095843552833003e-02
2.248581308705510651e-01
2.569004381189730069e-01
3.230271000264117731e-02
4.189919192373547929e-02
9.686254569390229108e-02
4.011238305639786006e-02
5.663245286322649008e-02
1.413691916634727264e-01
6.859420940434901581e-03
5.767263759779694965e-02
7.948189845702557932e-03
2.513624267892300423e-02
9.091535070020029252e-03
2.644685768432442075e-02
1.122220302206589082e-02
1.760244537327082526e-02
4.888117374911615798e-02
9.753641333379636791e-02
2.058043094457939759e-02
3.077737236791211473e-02
5.436951559033786907e-03
9.567315171940116159e-02
1.402293528263154343e-02
1.909557828075847397e-02
9.979381789205277187e-02
1.878600702024169067e-02
1.000524985996413818e-01
6.596216803520071892e-03
3.816278164670805495e-02
7.488852273766966050e-02
2.715297820855031574e-01
2.047808976500169464e-01
9.270847804966120265e-02
5.531016277802613956e-03
2.203912223113935198e-02
2.144243225097941519e-02
6.560957530740463284e-02
1.835588579396230102e-02
3.323964132782908365e-02
2.102126140758553419e-02
4.633380921197627345e-02
3.623428613478818505e-02
2.462834850398465392e-02
4.964836997975474731e-02
2.076077323682667952e-02
2.394816833352120256e-02
4.537941802880052222e-02
2.504083186095051872e-02
4.104208130449293890e-02
4.314690476192462043e-01
1.218693428284289837e-02
6.098294597514009041e-02
3.519637022359134448e-03
7.218879295437563570e-02
5.210145506542751548e-02
3.313727316278214374e-02
1.045456568648424067e-01
6.374963135711286810e-02
3.472062202174441836e-03
8.326077623754812862e-04
5.809243827928156634e-02
1.016140558741973621e-02
5.246941087115430946e-02
1.644377983222433670e-02
1.074383917543464406e-02
3.620992043630089086e-03
1.656298819761650165e-01
2.157666102184681023e-01
1.299206084740403000e-01
1.670996160883824189e-01
1.494565182909903811e-01
3.629558495305929000e-02
8.886647269053860043e-03
5.833100302581240015e-02
1.587547139379186234e-02
1.153677909496320098e-02
1.520888052386748512e-02
4.806200338596777755e-02
3.251925683134881950e-02
8.206063163775834113e-02
7.106584340741761707e-02
1.782584379422313958e-02
0.000000000000000000e+00
9.959274365793469030e-03
4.087797984267727003e-02
3.108160657780079106e-02
1.063150813175806064e-02
1.518224853691485521e-02
1.409371467269746603e-01
5.661418776582127776e-02
4.942786231514961770e-02
2.953333430798821269e-02
9.654466801879735272e-02
4.125780791532296377e-02
2.760647580521080613e-03
1.580595117318406295e-02
2.388649589381497407e-02
1.863264886783966290e-02
4.748702276488359075e-02
1.293033122346463060e-01
6.749403127539999048e-02
8.089792032912601627e-02
1.952459304000875306e-02
4.763824909925595819e-02
1.247344993806986935e-02
3.003406343709169590e-02
3.266720372696596542e-05
3.272315752966861169e-01
9.312356664896981329e-02
2.443596038637867451e-01
5.635079975645407302e-02
9.365047597414566383e-02
9.997949468646183391e-02
1.538755577158390508e-02
1.133356941132186435e-01
1.378131176503671895e-02
9.569051181758059244e-02
1.696559867447433589e-02
9.325036352483717650e-02
9.683289013396301215e-02
2.316330117349529871e-02
2.111837470142319262e-02
4.645072450247074158e-01
8.194691372890439141e-02
2.467613071197218844e-01
2.686648018908588398e-02
2.956511820463623152e-01
2.690303655911563396e-02
2.279071017374878494e-02
1.770567029519920510e-02
1.131444593135269017e-01
1.230779665688341851e-02
0.000000000000000000e+00
1.846628558939222842e-02
5.187565367144486572e-03
1.340638576430475126e-02
2.084763908388076459e-03
1.575538580522284349e-01
1.079297510421550754e-02
9.914288249310754253e-02
5.028498604452291687e-02
1.039245779976027961e-02
2.329915306993335378e-02
1.805183972984458762e-03
2.380622454932712628e-02
1.140463574232688515e-01
4.251965998836304550e-02
2.277685035798882041e-02
2.920335929543060871e-02
6.131948095514960784e-02
3.464258839959732938e-02
2.836410097293207144e-02
1.073316721713624133e-03
2.523778464553583234e-02
6.826598878095779810e-03
2.506847342976392667e-02
6.754460817293939101e-02
1.077031459563748683e-02
7.890893181416025470e-02
2.591030857521658959e-04
4.699815918616678800e-03
2.238588647850292546e-02
1.635851512435726463e-01
1.254741824192073807e-02
6.465328422707816713e-02
1.856498897422786953e-01
1.115394677622241204e-01
1.139663918697495504e-01
6.767250180837169893e-02
5.126784362857961241e-03
2.231802105411428983e-01
1.223513799772568689e-02
7.163767946405030784e-02
4.585146515518712107e-02
1.782565096029031793e-04
1.326048294054693599e-02
5.730073265835411433e-02
1.837277199322695509e-02
1.837114076660775197e-01
3.191699307565354360e-02
5.691429347053222898e-02
9.804441035422239992e-02
1.432278271656084456e-02
3.906771833073729994e-02
7.566277567637147428e-02
6.533503658249273371e-02
1.120383408400460468e-02
5.258980541324564939e-02
4.366019535184673117e-02
1.440410264735536572e-02
8.812940680194003562e-04
7.255609597604273375e-02
9.755798749491617627e-02
1.023770692211734001e-02
1.834667537615057853e-01
1.694617915475316039e-02
2.580151882346024550e-01
2.206143541707632494e-01
1.232019582905952149e-02
5.005755092714281318e-03
1.022774490734255082e-01
5.057754274788628379e-02
6.074054170785547768e-02
6.296648400237891963e-02
6.865799246951631574e-03
1.039058419521321497e-02
2.710473899774799023e-01
4.365019306741046989e-02
2.058421388314002343e-02
6.392729426693399830e-02
5.323540576949437053e-02
3.984210551071942774e-02
5.028653160151641544e-02
2.866543757651118796e-02
1.013519256372079624e-01
1.746885319779423185e-02
5.843793999087676383e-02
3.374923017004860526e-02
3.331087962609835529e-03
1.939093840294958682e-02
6.834956754601861917e-02
2.391770441902796307e-02
1.319084631187363854e-01
1.324243184796323192e-01
7.274566128488313410e-02
3.447678295916123403e-02
1.147053228231502686e-01
6.722690485372240232e-02
6.266151946029108188e-02
1.366784037484629621e-01
7.319448462665079091e-02
0.000000000000000000e+00
2.181534541232377222e-02
6.665310421244186045e-03
3.575135633468740082e-02
6.105582745548954193e-02
2.639484442962913846e-02
8.842187617302510461e-02
1.129456628851599476e-02
2.645483959892835912e-03
1.412437366772234526e-02
0.000000000000000000e+00
7.330077461025652497e-02
3.066157351545504284e-01
8.536223867232628493e-03
6.748087415509740339e-02
1.093165767237929131e-01
2.390742205106821672e-02
9.836416474275022637e-02
1.588978468831507840e-01
5.127012157001153980e-02
5.279935425821680184e-02
1.268292413106220096e-02
2.848817481391563433e-02
2.436918752097101404e-01
1.289307348170787293e-02
3.550481224961021809e-02
3.777202217871877821e-02
0.000000000000000000e+00
1.642013743173809104e-02
3.288147703937749355e-02
1.457278064131095618e-03
2.626144559870295936e-01
2.925079948031594768e-02
3.906115880285998543e-02
4.861504282213591210e-02
2.700541753851126714e-02
7.340964703725472162e-02
7.413566258231174544e-02
2.009394471116143777e-01
4.861048473812257242e-02
2.863509034189162250e-01
1.584545237709482635e-01
5.667944072840747083e-02
6.042755358770257601e-02
1.754324960748911977e-01
1.579630717490294600e-01
2.026016444083111878e-02
1.940746258328260865e-01
2.455660712301543924e-02
4.470735830094607621e-02
9.575169774614700202e-03
3.364518685943620468e-01
5.282465765978461292e-02
7.864329367471967203e-02
3.867177102035324054e-02
1.088553457316976392e-02
7.475533388944377577e-02
3.181804374597430041e-02
4.741392055930937488e-02
6.964346675090293814e-02
3.021263430088527713e-02
2.187810046795668484e-02
2.579075647334301280e-01
1.317723132143973075e-01
3.698938353949898783e-02
9.224612867778514413e-02
4.773563131705671481e-02
2.597088885877143483e-01
2.509721854220980930e-02
1.367829154052380147e-02
0.000000000000000000e+00
1.844179354264152693e-02
1.699182947302890767e-02
8.698849489381998978e-02
4.123447968706184241e-02
1.989025220088098678e-01
7.884247771728425391e-02
1.887415095472455562e-02
1.419039993117809928e-02
3.550514887955102949e-03
5.934640705777205483e-03
1.894101721977881070e-01
7.538433627647034285e-02
7.178162081946037887e-02
6.169086630148346018e-02
7.062750651305194083e-02
1.576977381251118970e-01
1.179332744695571478e-02
7.517468215508760210e-02
4.419946137215369220e-02
1.446489272753659350e-02
1.352614549617348061e-01
6.815890096392607234e-03
2.097193323602386528e-02
6.430150966815162406e-02
2.810744760385119889e-02
2.113328052557594816e-02
1.821314107357441259e-02
8.266972668569572136e-03
1.562583047190191365e-02
1.911363940364552150e-02
1.020452183970324000e-01
0.000000000000000000e+00
2.549315300192844802e-02
3.007240707430192117e-03
1.694147409878450361e-01
4.553334391741348242e-02
3.387614421951656851e-02
1.118841496404305857e-01
4.693177951974458750e-02
3.923421586379927106e-02
2.641823496875836952e-01
6.075485224262333617e-02
6.840501040799917831e-02
3.988580993341450665e-02
7.066841483572439131e-02
1.182504569021665120e-01
3.595889260272322474e-03
5.678878021605360260e-02
4.191054138481220548e-02
1.702130268912682709e-02
1.254189737217696887e-01
3.029224794824347811e-02
6.167262253562544316e-02
2.688876682665775064e-02
3.957415973439903922e-02
1.049954846976319800e-02
3.191911049812468093e-02
2.861742115244414464e-02
3.011552875953604769e-02
2.971615564301544055e-02
5.533557547065726112e-02
1.263904104694191233e-02
1.281181706046945479e-01
8.893561506843195019e-02
6.931704343538847013e-02
6.123971753590229383e-02
1.322529272089045804e-02
1.120497220321237108e-02
2.524205651077693346e-04
1.208360215132779913e-01
4.989981837555390598e-03
3.368631788764897550e-02
4.902887048951232174e-02
1.169339155643251971e-01
1.941522784940108437e-02
6.094896766814184019e-02
3.999895339707570940e-03
9.285271661324756565e-03
7.380207807918814922e-03
0.000000000000000000e+00
3.110743252722869556e-02
7.085612902153037851e-03
4.180196162103300139e-03
5.645883225589898302e-03
8.927506951195596230e-03
4.697133209514081642e-02
1.967932093503588220e-01
1.157924330327464446e-02
0.000000000000000000e+00
8.590870135219930148e-02
4.818286997961429563e-02
5.834148905263436546e-02
9.115786819219984238e-03
1.326126677242767116e-01
4.661665164209605194e-02
2.210309071028602190e-01
1.655312715134193979e-02
5.609735312554153808e-02
6.966881481609910054e-02
5.250249750468949372e-02
9.270426549066179689e-03
2.398825866849563226e-01
6.769074537009700521e-04
4.651300549049608435e-03
3.801638970532916773e-02
1.572432724309926755e-01
8.260260848352629637e-03
4.093704958540733685e-02
4.545146953812917445e-02
6.539616951656146426e-02
3.039088252810984159e-02
1.174998413217291926e-01
2.129248268220162998e-02
5.148471181461999890e-02
7.743053298344815261e-02
6.446990512371186810e-03
6.036402789147121695e-02
1.756158879982727683e-02
9.145446553379343868e-03
8.629263282026400361e-03
2.399206022371913605e-02
6.005834873334947588e-03
1.666215876233234638e-02
1.476510843169087650e-02
2.857975627187236967e-02
2.800670101091817799e-02
6.707026439791974326e-02
3.672476907021238191e-02
1.930831493496487639e-02
0.000000000000000000e+00
7.198927657697140603e-03
2.136285310697445539e-01
2.128245229967085095e-02
6.833385790930357473e-02
3.024647951876575647e-01
2.331153915262120790e-01
4.217095392506564622e-02
1.507528573453509324e-02
3.878448375317589125e-03
2.077261098449678656e-02
0.000000000000000000e+00
1.893820027821035978e-02
3.364698777907904059e-05
0.000000000000000000e+00
3.611500224414410098e-02
6.716650546885549744e-02
1.245717406224677859e-02
5.409213640579668692e-02
2.060917461965541264e-01
5.784377770023496623e-03
5.916365258528877291e-02
1.886958610338540510e-01
2.463201963460104338e-02
5.164675123418227543e-03
5.981305072719855787e-02
4.001941308714229706e-03
1.172515941239993253e-02
1.451905618551876387e-01
2.241745834523296566e-01
2.493920181949427217e-02
7.076654521559966327e-02
1.088825294051076753e-01
2.800363688188678424e-02
7.769937268925275475e-03
2.993382971342217758e-02
2.184025596677203751e-01
1.732575937141245248e-01
1.241429394802917585e-02
0.000000000000000000e+00
0.000000000000000000e+00
1.305400489088448523e-03
4.671016889516543813e-03
2.881944665264590810e-03
1.378763677325318682e-01
4.519909603510186002e-02
2.299150586834119991e-02
5.115687521666245630e-04
5.339014695392307885e-02
1.381428759345579849e-01
6.983195930924779304e-03
4.915910984293336838e-02
2.171187589986889321e-02
1.674010894329569510e-02
5.292706412100489644e-02
0.000000000000000000e+00
1.865636409411663976e-02
3.160294925616202732e-02
1.813586213071438635e-02
0.000000000000000000e+00
4.277015495398206468e-01
3.246318640811463041e-02
7.237724379163257282e-02
1.782583143857205954e-01
1.113426201839589069e-01
5.801134217076331367e-02
4.512097261615721777e-03
3.284410372149437762e-03
5.371109745925739531e-02
1.193523196956221000e-01
3.605822064782948644e-02
1.322138295690145071e-02
2.185985579099511966e-01
4.485925345123753516e-02
1.664712555473979450e-02
1.740856065839402333e-03
0.000000000000000000e+00
5.272492925646687922e-03
6.909153418154900805e-03
2.973551083194436728e-02
1.053979272009009094e-02
4.430637357229372242e-03
1.870526446579034996e-03
3.135177593496951687e-02
5.454020202075859913e-03
3.133270102201102247e-03
1.152045571603554919e-01
1.515032966464175956e-01
2.759466854023973070e-02
7.143477987631108306e-02
5.326057667770278670e-02
8.102116466732045552e-02
4.806243337513027569e-02
1.863180934797981081e-04
6.098370994845492277e-02
1.692164115166949756e-02
4.292522177170443598e-02
2.169359044539120873e-02
2.306459793015047666e-02
1.153661542252670813e-02
1.020508799860690985e-01
3.647597478884989641e-03
9.401957310227970765e-03
3.007491557413821681e-02
1.307571212463987109e-02
2.865883237832100860e-03
0.000000000000000000e+00
5.166911068927859674e-04
6.643063455616271540e-03
5.509852522517455498e-03
0.000000000000000000e+00
6.976391972633777527e-03
3.279451171373004570e-02
4.886909467076705482e-03
2.176381462704490843e-02
4.442478298035901219e-02
2.761416667302896144e-03
4.563727578892340375e-04
2.228076343307172635e-02
3.179402801826736180e-02
6.757705389102230953e-02
3.148709347864109276e-02
9.972371965663029414e-03
1.084721461105351281e-01
8.995802982376233103e-03
9.632150645698445146e-03
1.988084814021107150e-02
1.362268234515262577e-02
7.681305248728254043e-02
8.441688357222254524e-03
2.602055127687030733e-02
1.747837921335815281e-03
0.000000000000000000e+00
1.014764281693114611e-02
6.758504541668308718e-02
5.650318334398907183e-02
6.369999332279618898e-02
7.205841407047941516e-03
3.567374516082466585e-04
3.288890011620093645e-02
1.390470918920030385e-01
1.246101291709589276e-02
0.000000000000000000e+00
2.063796107732418506e-02
2.192233731928983076e-02
4.498637998123111714e-02
6.178311122817081724e-02
4.794582137559899593e-02
2.329080780748213897e-01
6.273081301321958847e-02
2.716936225387556192e-02
9.210520751131312522e-02
3.654487485182578155e-02
2.456990818284943145e-02
4.323650367234854741e-02
7.250463821195385350e-02
4.230774216432919843e-02
1.129245662458879806e-01
1.548194228846444531e-01
7.501726307421030526e-02
1.029227250530517779e-02
2.840254298089597285e-01
4.287505985621020699e-02
8.334939242296091066e-02
1.006356759768998188e-01
4.478116626939838696e-01
1.233390303956785061e-01
1.858962937564889728e-02
7.186732590151834188e-02
3.150114310963925135e-02
6.088641356329471677e-02
1.889935752631277666e-02
4.126385098582741051e-02
5.558786180253960651e-02
3.437892240626183593e-03
1.627831458320816438e-02
3.573503496759844467e-02
4.330969047422250640e-03
2.862667072627722575e-02
5.839025852355117507e-02
4.689860737336104535e-02
2.006604199802630717e-02
3.402561620299238143e-02
8.503299603157987718e-02
6.882840362446351890e-03
1.196170351256560238e-01
7.618293918857155234e-03
1.584662561107652579e-02
9.788784047840337621e-03
3.031234077074174138e-02
9.106076762564097038e-02
1.308571201007078244e-01
2.874080865487016467e-04
1.949543486881761822e-01
1.479693560468042790e-02
4.103975733460707431e-02
3.521998260724057417e-02
2.975203919169597810e-01
1.033989946923963288e-02
1.433191138280864863e-02
8.120720880990717205e-02
0.000000000000000000e+00
8.779057142591639717e-03
2.650858538869726999e-02
6.487506513197249802e-02
7.631021277637906053e-02
9.259011113578008434e-02
2.250376025598983531e-01
1.313144115402993251e-01
2.560792363426145357e-02
9.204512104329154454e-03
2.623898361714269711e-01
1.201783885096299187e-01
3.192216349639931394e-02
4.448555256262665125e-02
3.752697399622029195e-02
2.219370294633549179e-02
8.813409600965549373e-03
1.977735145001942030e-01
2.162608102353580364e-02
1.190307904692122776e-02
1.008038187927162710e-03
1.806209155442726200e-01
2.756203927132627740e-02
1.729727371996592211e-02
1.333832445783222909e-03
1.161633317731141091e-01
2.458916510540554157e-02
3.092010777187557125e-01
3.888104266381562368e-01
4.115038357238809397e-03
1.929263272465320256e-02
1.964479169458233088e-01
1.940486419430422771e-01
1.469307284888659026e-01
2.034132872345306708e-02
