-2.807737376030963045e-02
4.470560350385015536e-01
4.240546727021495509e-03
6.886068950458616722e-02
1.993725930039696448e-01
-3.200531734553405810e-02
1.333234159633223288e-02
3.931333176226570886e-02
-3.479512224018369709e-02
4.174296045882067846e-02
1.641860546251385986e-02
-2.872449583195241588e-02
7.345396897555057925e-02
-5.692536200758045034e-02
7.682420542214946080e-02
-1.028190374688829206e-01
-3.416342803011831325e-02
1.852558749001823879e-01
3.845567191842638177e-01
7.398301532591938789e-02
7.288386306700578299e-02
-4.197906487194787151e-02
-7.197331095823636393e-02
-8.893783595323501157e-02
1.229379858991565266e-01
3.407823110450185489e-01
2.103224960760079199e-01
-5.781959487721437252e-02
-6.046389291805329136e-02
-1.949364838756630774e-02
4.077410873727981278e-01
2.162450669543579396e-01
1.358237729420899431e-01
1.031526514731521571e+00
9.722701262380299969e-01
1.047594105302350531e+00
-2.468132758874117677e-02
8.700509918791277109e-01
2.596099002153338664e-01
2.184857412738761551e-01
3.626185357560683387e-01
3.636936564760154811e-01
-5.445427982035114245e-02
-1.603269441057687122e-02
-7.791175760896083824e-02
1.335332451559636258e-01
4.102803447371397016e-01
-1.539027005155987199e-02
7.237363695215050241e-02
1.333393128979867281e+00
-7.141326346792976898e-02
5.317683093492290292e-01
3.211253908987243277e-01
2.440623070997172683e-01
-3.858396948917364871e-02
5.894954871345996911e-02
1.005890545289742199e+00
8.122559001649172494e-02
3.487649120397295355e-01
6.317627463234479768e-01
3.127748837163976670e-01
-1.028218579762836676e-01
-3.460012494467657601e-02
3.124148138382352655e-03
-4.635745515017332397e-02
5.063290763287628948e-01
-7.208524441990371567e-02
6.404052632044289484e-02
1.389847890020472765e-01
3.314782541547061090e-01
-6.745787106697921642e-02
-5.832736608090344221e-02
-2.418612514556637769e-02
-9.616038595660006405e-02
1.421065548109594623e-01
2.822397336179467975e-01
5.015832336765417652e-04
-2.050321470111302752e-02
1.922661849600645900e-02
2.014253027849073618e-01
-3.883022161090478319e-02
1.469817016371950391e-01
1.156194305829240654e-01
5.717996789357449039e-01
4.271861707127281860e-01
-8.571592973616706801e-02
1.751533903261893732e-01
3.853606128836415956e-01
1.957639676267559914e-01
-3.383604975272471588e-02
1.025347313793002341e-01
3.179523726506467418e-01
1.102290931111458566e-01
5.278830703756082036e-03
3.669508437710335830e-02
-3.205591753051080517e-02
1.093568367487881832e-01
2.329838990560572157e-02
2.315039670407378208e-02
4.731539769099663700e-02
1.120817220978801050e-02
1.144739643352635089e-01
-2.853240744129309850e-02
2.234583790881122453e-02
1.643666418153250930e-01
-5.926375494696336371e-02
-4.085535562888824995e-02
9.497984376044710242e-02
7.591795637409266828e-02
6.726647057271037955e-01
-1.175889858654994707e-01
-4.268134746608994584e-02
-3.282502331992355471e-02
-3.029151598344623567e-02
-2.944418806453522053e-02
4.108548945609315911e-02
4.023734677360080725e-01
-6.569552931289720024e-03
-8.453241213700571355e-02
-4.288205023866193538e-02
1.895454078164842404e-01
1.905748006543596731e-02
-1.462173939532703491e-02
-3.345208607078353075e-02
5.191936412595047484e-02
8.759192721228918621e-02
5.368905209305906423e-01
1.512829135947295345e-01
1.622031627906875551e-01
6.694682336300420422e-01
3.502370862968565840e-02
5.565862320927075779e-02
4.330182310244647947e-01
3.055112946555519904e-01
-5.394445937986330764e-02
-1.865767926253347406e-02
-2.520555691644670721e-02
8.378533042809553910e-01
-9.235317079026365839e-02
2.505594475283008382e-01
-5.227461735942498522e-02
-1.916651895920234994e-02
4.099886241779857055e-01
-7.707475824606997705e-02
3.890368946519300042e-02
-6.552293776264503378e-02
-5.722161130732600354e-02
-5.524022169025896711e-02
-6.702363553560330978e-02
4.467190414394412237e-03
-7.382891623336187070e-04
5.125356522064355297e-02
1.597404786269513918e-02
-1.576508869217752851e-01
6.712326656453569684e-02
-1.150730515313423685e-02
-3.983761155884305016e-02
-4.527433386833364798e-02
-6.474880691559685431e-02
7.311642594793914263e-02
1.260454290078435458e-01
-3.220538958083742076e-02
-1.421177575873145554e-02
8.309410595920393439e-01
7.797562227540602020e-01
-5.176729989066171378e-02
7.139474552968139154e-01
1.016570764796395077e+00
1.257946310008992485e+00
1.276091465266082858e+00
1.109149256967429942e+00
7.659506831501363688e-01
-3.680305637075136083e-02
1.448126822031172226e-02
6.076486337248318548e-02
-2.356803304497070983e-03
6.603631137299464937e-02
7.757752025658135042e-02
3.654248484021300203e-01
5.197099996878093986e-01
-2.610302409084358857e-02
-5.918710989389950466e-02
5.843730115057131913e-01
-3.301072998773103839e-02
3.866013395132985586e-01
9.258571664203155693e-01
7.482762081499651219e-02
8.165700994494416998e-01
5.979383647382285893e-02
4.436890391110886317e-02
5.914869325598092198e-01
2.590812914077806339e-01
5.512152568690670273e-01
4.097771055879921853e-01
1.706008871044926378e+00
-4.523133444068926090e-02
5.015048209454768813e-01
1.426462522018332180e-01
2.366336754277555965e-01
-3.307984024970921783e-02
1.803549699803501660e-01
1.961488140679160386e-01
-1.289834099122289489e-02
2.505327508087846766e-01
-9.103052300870018154e-02
3.858922425619765728e-01
4.029981715491218197e-01
4.822462915766444896e-02
5.280938643084859274e-01
5.067016512280386742e-01
4.806416848529692643e-01
-5.444976836268419773e-03
6.154889296310062097e-01
-1.431664811842882357e-01
1.826224254099875419e-02
-5.971520159511838760e-02
4.551190252236472777e-02
-1.656140483463813123e-02
2.916924070986821049e-01
2.705000639477155022e-02
-1.679072677010669951e-02
2.672557558649660964e-02
1.159655304188593888e-01
5.303335248115997880e-01
4.950745854880983510e-01
3.740794439942058403e-01
5.238804724642243116e-01
-4.415090332834403775e-02
8.941090137354582024e-02
1.792277463531743650e-02
2.154842694660893954e-01
6.511898655347596598e-01
4.522549633604571184e-01
5.272586441542250757e-01
1.165696415740766767e+00
9.998445983212757293e-02
4.746249964480188377e-02
-1.888152158426736546e-02
2.651809953504226103e-01
1.240297113928104517e-01
1.113642614949689608e-01
6.701696271476077771e-02
-7.431474946991141473e-02
1.612107408889279225e-01
2.256542239082921092e-02
2.523236184124492965e-02
2.954190665621990106e-02
1.087245407749895011e-02
1.443961723782780440e-02
1.790630489112458087e-03
2.362992020366528056e-01
4.353232546010228354e-01
6.649695071599553975e-02
3.674495450446681882e-02
2.585240216964568294e-01
3.780032315228258333e-01
2.868945765759035871e-02
-3.483730785119916462e-02
-5.993699915834915098e-02
-6.142387569983456808e-02
6.384804554081728867e-01
5.158148248055424018e-02
2.731036158097612798e-01
9.760825178274942782e-02
-5.980376868343665123e-03
-1.317784319141903845e-02
-7.912728128442976516e-02
3.548611877165416262e-01
-1.217289301996008150e-03
2.406362565295232063e-03
-4.986014498010689355e-02
1.655243620734164062e-02
7.195632915359037596e-02
7.265788390765910709e-02
-9.129243191186990625e-02
2.072291587240962171e-02
1.826584268219811832e-02
-7.866353522051046376e-02
1.004995348296294500e-01
2.931322078214999502e-02
-4.023272996407577934e-02
-6.194076747150895762e-02
-3.271143715042418298e-02
-1.691240935536168777e-02
-2.303465493646188536e-02
-7.260902865042448417e-02
4.016428012197498232e-01
2.870457812467676062e-01
-7.106143741197010763e-04
-8.317226968070531856e-02
2.122435657237602222e-03
-4.374730863231111877e-03
-5.624532981461597553e-02
-7.647386797785149948e-04
4.113213296274639275e-01
2.205602633800509554e-02
-7.986067075312554275e-02
-7.680163882493067605e-03
8.332537747764436897e-01
2.149073776439521244e-01
-5.733132739387988841e-02
1.576368468844367987e-01
-5.820590043656673207e-02
6.399180129514703275e-01
-7.724728850824157111e-02
-2.128501611186700282e-01
-4.208281662998272776e-02
-2.288461479631318310e-02
1.647884938721133619e-02
-9.721817153282805157e-02
6.168319742353712415e-02
-1.539770808428889571e-03
1.616543166703307555e-02
2.780631863871781406e-01
6.482461204519709419e-01
-4.669879453306802902e-02
1.075935646696975362e-01
4.065985164466279222e-01
3.552955860492572060e-01
-1.734130503646651861e-02
4.218236411482810255e-01
4.779934003994316255e-02
2.302288300573735458e-01
1.509647719011652893e-02
2.514298162799200598e-01
2.714510422327222061e-01
8.989200310793088455e-02
-7.676441989919194353e-02
-4.298300038617619556e-02
-8.776759613416311445e-02
-2.967725703571712226e-02
1.133080015435317528e-01
-5.278849836393702255e-02
-7.388159126352666917e-02
7.707406188754797327e-01
9.396993536829052751e-02
2.996893489379830466e-01
6.106563786012340206e-02
3.121700011688317497e-02
-2.228119322238579850e-02
-1.190812002420112148e-01
-3.050175417399156059e-03
-2.242660082447343189e-02
-2.900866777172380825e-02
4.145684741192220968e-01
3.427171976861107666e-02
1.743347131639243763e-01
3.557191400817485971e-01
-1.975357124191626582e-02
-2.957351103091700878e-02
1.073265242217947280e-01
6.985883593353303667e-02
-5.097764091405465603e-02
-2.867626495083058173e-03
-1.441326185134794539e-02
5.244440190174400884e-01
8.225992442299634444e-02
1.340077602342358010e-01
5.552214404361753841e-01
1.385592923722882286e-01
-9.864253198324113986e-03
9.287782450090212305e-02
-1.087273741541550376e-01
-7.251240533421152157e-02
1.356263654995267520e-01
-1.128233229196261983e-01
-1.419584330606671885e-01
2.749238244091531946e-01
5.761415904166609925e-02
2.903213128368298812e-01
9.558602698286348953e-02
1.121906672916616943e+00
9.774709316168805895e-01
1.914800091710422147e-01
-1.909292493093770957e-02
-4.051686589084541740e-02
4.231826353433872923e-01
2.676749907192404066e-03
4.172948571520929822e-02
4.542691759555152475e-01
6.588573277917326720e-01
-3.417954798645739256e-02
-8.505935916808909925e-02
1.100626283401802685e-01
5.409768476396958903e-02
-7.204720955030873009e-02
-5.133235422808386794e-02
-2.566575958370553162e-02
3.261597386591406078e-01
3.268089870179036877e-02
2.888531879061367880e-01
-8.150034054056226607e-02
-1.076175165291256286e-01
2.644062777374286966e-01
1.047724117074682187e-01
2.344588014804508402e-01
-1.731800830357673252e-02
3.277365052273887303e-01
-7.854160352011331503e-02
1.118227545653781019e-01
1.854072876806745623e-02
8.078317403078236203e-02
-8.345812058337995221e-03
4.779549768831966444e-02
8.323910066238980887e-01
3.104036742682717530e-03
-8.320425581773618906e-02
8.477882165315636653e-02
-6.989325846741986648e-03
-2.178762948987269295e-03
5.210887462779607848e-02
2.566573071610477735e-02
1.367265016066786965e+00
3.834915429479133220e-01
3.284803243618538704e-01
4.548735185877414433e-01
-2.389273492920494443e-02
3.352139895375687295e-02
5.415523320717814393e-01
6.541731960373247112e-01
1.901360556385262301e-01
3.451675489203381852e-01
2.709009925100369087e-01
2.381171130006807801e-01
1.275289853994339972e-01
1.573750362895642296e-01
-9.443578668858600145e-02
2.298765385372984194e-01
2.177738893273118911e-02
6.268140096933034755e-01
4.825961922452541297e-01
6.232006012314279808e-02
2.639474662954189865e-01
-6.986580031260612722e-02
2.713094761335685945e-01
-7.402432556157256816e-02
-1.022978208096048530e-01
1.399619051326903285e-01
-6.145362179239110406e-02
-3.903440600733142085e-02
1.536469656026062496e-02
2.089255846857807422e-02
1.892124263122654249e-01
2.396259158849220749e-01
-1.136697511171606417e-01
2.420975480345385206e-02
7.263719360084059939e-01
6.184509790183059241e-01
2.235294577703375307e-01
-2.595177407324286700e-02
-1.066720409596180752e-01
2.888660494067613604e-01
2.501303986213073219e-02
6.995368217795801258e-02
3.738311149091309016e-01
2.687442948250355901e-01
1.096921838733532547e-03
2.888002526659577684e-01
-2.281719355231378796e-02
4.881454711299593185e-01
1.897564889526363614e-03
-9.535523728076408800e-02
1.148909912222139396e-01
1.736861350600449327e-01
-5.710244119906548316e-02
-7.231114975318180677e-03
-3.258831853138353246e-02
-6.918982175395155254e-02
1.678867759376437008e-01
-1.132900508562434405e-01
-4.540222050967809148e-02
-8.967549864970493501e-02
2.440440688826494009e-01
3.539595463493173666e-01
-5.627191018897471225e-02
-4.733802206968083792e-03
3.816405874149270822e-02
5.201646198518631095e-03
-7.301796717907418910e-02
3.104721719631519522e-02
-5.091208813320628052e-02
6.146749209701305450e-01
-6.096129136091962830e-03
1.925526297000211828e-01
-5.054189158866617682e-02
2.455411217799455259e-01
3.099651851285751061e-02
4.449983272052058236e-01
1.731536566145515654e-01
-2.572302677490729411e-02
-1.044382183479860421e-01
4.820969581967735756e-02
2.658966232576130406e-01
3.858290127133630620e-01
5.734839352003241464e-01
-3.633972360842892269e-02
5.874398986619130958e-02
2.464782458558269218e-02
2.637463905603480430e-01
-1.852503514112938121e-02
4.306652814081157743e-02
-2.003417782398803429e-02
2.766682851286069583e-02
-7.531098672250277268e-05
9.691832510413612989e-02
-4.056545221621124520e-02
-3.112795169775769283e-02
-2.759794557605868559e-02
3.164151423900339322e-01
3.981257776835305795e-01
-7.270214903415161967e-02
-8.712246476728037134e-03
1.388298732819638892e-01
4.362083916918423239e-03
8.731708745844422026e-01
-8.416685213438192259e-02
4.266237138324122102e-01
2.941173176473628192e-01
1.121107120730270162e-01
-5.560094636065906343e-02
1.832142610116161974e-01
-4.770535311393695604e-02
-1.419368992319578193e-01
-4.911968915647501460e-02
-5.381806837834633012e-02
3.603786198220452763e-01
1.083620032701608643e-01
-5.437771835134343895e-02
8.417986067768792879e-02
1.826850005357500140e-01
-5.255224764075803329e-02
-7.041286519544126543e-02
-6.467652129246195813e-02
-3.609312730042619349e-02
7.774474389272223451e-02
2.794372109601815923e-01
6.017743496406460779e-02
-8.794268763830553892e-02
-5.780877846296052225e-02
-7.265135876827998052e-02
2.922594407134587735e-01
5.928284219787066656e-02
-4.029056630803169031e-02
4.315358436529889014e-02
-8.383450406022938117e-02
6.708547747659723837e-02
-5.994561466700715907e-02
-6.331681148077381027e-02
4.427373376769692670e-01
3.342303813063630946e-02
1.421418256783548014e-03
-1.418383296690644245e-02
7.155311933641561595e-01
-3.325229358392690904e-02
-6.863466936101825233e-02
3.290982738970777421e-01
2.370004163931379304e-01
1.039782653742648000e-01
-3.906036813451495282e-02
5.165307674078996047e-01
4.203293895644099123e-03
-2.616473882640123552e-03
2.553814407430983757e-01
7.460174749725982657e-02
1.267928071339224395e-02
-4.966192028647024165e-02
1.375936267415123898e-02
2.487357579305010113e-01
1.529893224787959652e-02
3.958901957448818926e-02
2.622944601833249526e-02
-8.621287591916042270e-02
2.155054098855982148e-01
2.425766151826222808e-02
-5.600885513210240862e-02
7.207161071713245881e-02
-2.564773093775874618e-02
-6.409420305601515322e-02
5.284976370090747055e-01
3.396192357974681282e-03
1.476066781344470003e-01
2.037994943296891209e-02
-1.365555850233405311e-01
-5.405972854168314412e-02
2.549321672220271687e-02
-4.137356424566993561e-03
-5.429849935227894914e-02
4.252995127516086271e-02
7.750942992178759539e-03
-3.127900850833346957e-02
1.138497411663767223e-01
4.455493588027285012e-01
1.362865121843738647e+00
8.493570492162053065e-02
-4.281987333357340983e-03
-3.058101048250385159e-02
2.767260737022479988e-01
-2.503395673798484988e-02
3.421161861049560882e-01
4.695410331221709643e-02
-3.056678919805334155e-02
2.013357234295982123e-01
-1.030202725952018318e-02
1.541222977612350872e-02
3.885576687518428000e-03
1.088227287278118599e-02
-5.336275937239336187e-02
-3.278218824661711939e-02
9.443175110555127039e-02
6.911895657888401934e-02
3.625217939144663726e-01
2.407036766364011038e-01
2.576755794824923673e-01
5.478681502003448361e-03
2.389387196484375753e-01
-4.771716278651493004e-02
-2.823166655946866832e-02
1.511662868013618488e-01
1.744854653781933718e-01
7.988254352254707535e-02
2.104144198950011202e-01
9.125634382057580540e-03
3.804002533375743789e-01
5.407428652728420160e-02
-3.072883875326008069e-04
2.139544029544069581e-01
1.995864574961901394e-01
-3.271877795995822933e-03
-1.072730268634279199e-01
-3.490666529675326424e-02
-2.037608444173909239e-02
2.956516146362782038e-01
-7.303845636113044659e-02
-3.366950928438661172e-02
1.742539843620204143e-02
2.088106531302118610e-02
1.354403535091947552e-01
-5.425260236345640086e-02
1.134276119871263783e-01
3.165440276519380647e-01
1.929796436609659549e-01
2.465712408989184992e-02
-3.797015980072250552e-02
2.398949438654551097e-02
4.160114694915789321e-03
-1.495978151620930112e-02
-7.563251802712860072e-02
-3.047356221224459261e-02
4.866793529833325117e-03
-3.867691267210103534e-02
-1.398403656495405822e-01
4.407864567470405892e-01
-4.805556898645513969e-02
4.068612788897219348e-03
3.615812480334945362e-03
1.322111836788791850e-01
3.667715602718316092e-02
-2.453259886329751602e-02
6.450157809407369713e-02
5.235881659364030605e-02
-9.027893762516356335e-02
-1.162829420402682334e-01
6.697500966504501552e-01
-3.591721745433648638e-02
2.111800101122951814e-02
3.382123910639352471e-01
-5.314564792998715398e-02
2.319393221413935113e-01
2.664970674732332623e-01
3.045623858209197884e-02
-6.600241797180575465e-02
1.111276214537910006e-01
7.381027064190377740e-02
1.072774098303956453e-01
6.617878383848746493e-02
2.598370427930710713e-01
4.782156837536712390e-01
1.211266720613615455e-01
2.326276287447446578e-01
8.991685070119445622e-02
-3.749554604302671179e-02
4.478666164789111281e-01
1.526084267701305563e+00
7.514921931555910151e-01
4.199165767903715873e-01
5.005616812629822832e-01
8.899531116438281764e-01
3.901029166472115839e-01
6.416183770367717143e-02
3.035691655961838056e-02
-6.582221151383806090e-02
-8.789904092521438894e-02
4.277874079982879781e-03
4.673717825254379565e-02
-1.414627694475405484e-01
1.767771169705763534e-01
-3.694864084281390681e-02
-1.317690294398318925e-02
3.767491802285916624e-01
-2.234064605926817590e-02
1.289471701639480494e-01
9.518494554961617199e-03
1.401305949628887659e-01
-4.046427739143969304e-02
1.094438307126722604e-01
-3.243120026507247816e-02
1.071634674767983630e-01
4.226389198164175708e-03
1.555425560657003881e-01
5.996968326959175449e-02
1.639380043723684573e-03
-4.901989662660598962e-02
-1.004951016843123462e-01
6.020453561421622128e-03
-3.459920291680708415e-02
1.318846522067155524e-01
6.244126332490294168e-02
6.429890225946918170e-01
1.965596470676820029e-01
-5.531071437911540961e-02
2.107096221892194032e-01
1.821940270068716228e-01
-5.120608397026071845e-02
3.284782733458052051e-01
-5.826499914771315902e-02
-1.346977727142180089e-03
6.411059498744691165e-01
4.142162837037374062e-02
-8.338818476987126804e-02
-3.570464901624997855e-02
2.116591269247559970e-01
5.834963317262229811e-03
-1.353637365512467272e-01
1.928395500242953420e-01
-2.820630561449649545e-03
1.866468690593624802e-01
-7.490136901509847345e-02
1.499100392745469079e-01
2.106696329408215898e-02
2.277033462675643050e-01
7.231733357351158818e-03
4.403073897311747253e-01
2.990204379475842611e-01
2.334493490114027681e-01
-1.681290701741651808e-02
7.858704607948041598e-02
-1.850127707674830910e-02
3.581735195831730612e-01
8.940819530381519109e-02
-8.048033886779532020e-02
-6.887823675781941206e-03
2.074714340007174640e-01
9.259177620085555505e-02
1.145222605617261108e-01
3.875947360618833826e-02
1.859213529774975393e-01
-3.057786902746210955e-02
-7.465137825691045559e-02
3.838679718440310418e-01
1.174213767418939500e-02
-5.630881635989059414e-02
-2.126241636579723898e-02
4.767052722644717078e-02
-1.471750871770999627e-02
-2.951172176594830249e-02
1.056039823957117922e-02
-9.471060981577079929e-03
-2.925318459474612540e-02
-6.566538156666117121e-02
-1.277195574378114928e-01
8.863617500743737124e-03
1.025367420189465251e-01
2.109544737162848127e-01
-7.132495814022470938e-03
4.569377456363730300e-02
1.359185954371304739e+00
8.123946470693066413e-01
3.055232185144043378e-01
2.979058311566122330e-01
2.105480740043616864e-02
6.414382855471918443e-01
-3.603180014536840059e-02
1.194061626560049411e-01
-1.656478132283125959e-01
9.507744690599674586e-02
9.793804059840848994e-03
2.499035586914834239e-01
2.212796289454578014e-01
1.348043382158082559e-01
-5.181157922672868094e-02
-1.681881276175131723e-02
2.528753790193751239e-01
6.508032330214236216e-01
3.657275894098577784e-01
-3.394920188995263505e-03
3.163015462284531898e-01
-2.320539295258178952e-02
-3.756613065304705706e-02
2.379174375663674901e-01
8.998791392191952954e-02
-1.197877123017776907e-01
-4.382400248818463066e-03
1.383331560575490893e-01
2.723306631344100670e-01
-9.451876665246350395e-02
-2.268845783781201289e-02
-1.485131403561146604e-02
4.544573786787758744e-03
2.055515110014266844e-01
6.963506107635744451e-03
8.166136764862493708e-03
-9.091051296638810730e-02
1.725693217897538989e-01
3.611222373881908115e-02
-4.778450826670846419e-02
1.447617350723764962e-01
-5.834850147312424518e-02
6.655013786725956226e-01
-6.630797311529992855e-02
2.768214810987161892e-02
6.520035957217640288e-01
2.605182609554838602e-01
2.426127060550484493e-01
-2.351735373190218248e-02
7.528832561261773228e-03
2.740207431275269983e-03
1.640306279380798482e-01
-1.220809534660564494e-01
-1.676499043040335923e-02
3.820275168415612765e-01
5.440986595342917759e-02
-6.194611457445166336e-02
-1.083412861769851021e-01
1.328070546479667158e-01
-3.498448274157853460e-03
4.368826091255604421e-02
6.068227921695110855e-02
2.834538166595144126e-01
4.114831432376726827e-02
1.770782477221333672e-03
-2.820922576697760392e-02
2.795489291394057663e-01
-2.236271135130870127e-02
4.978626218286381078e-01
-1.276530401183501896e-02
1.969750012313706278e-02
3.707955911912265146e-01
4.435122478630718068e-02
-2.038423086453276453e-02
7.339978547966039546e-01
1.038784772803795553e+00
-3.259281960733756422e-02
-8.465778608449878173e-02
-3.112863797862399501e-02
-3.937675133657386750e-02
-1.195685509076040431e-01
7.392529140530588183e-01
3.861935194340350153e-01
-1.723088471986023579e-02
7.468679319320730148e-01
6.028034930690034411e-03
4.008334179719473533e-02
4.098053133699609135e-02
7.047294925580337155e-02
-8.089569069445576299e-02
3.784150162339712797e-01
1.766147817128644604e-01
5.429657114781330507e-02
7.802508110187688084e-01
6.180542992802822572e-02
4.310685999746607933e-02
-6.942120210317311024e-02
1.072932584610746254e+00
-4.687099026039271560e-02
-6.560681643233431948e-02
-8.088921361927786657e-02
2.795881323733644397e-01
4.577565567582764783e-01
1.754599469918561028e-01
1.034421483004990816e-02
2.242768244681558054e-01
2.070962581961475757e-01
-4.371234287736726690e-03
7.142713101581028845e-02
4.017055937704461788e-01
4.505542821303746281e-01
3.379718929628427460e-01
9.217303679752424095e-02
2.479869965115366615e-02
2.460171000723687385e-01
-1.087891395915264320e-01
-5.399779004246403613e-02
-1.074815266251704649e-01
2.430915107742118164e-02
1.434256048446359844e-01
-3.820383660553620941e-02
3.343946992832234066e-01
2.410786526221648518e-01
-3.051103491204805104e-02
1.378873339016447042e-01
5.225547317260365726e-02
2.916187686632941145e-01
-6.636442305308098977e-02
2.493222419107641030e-01
1.541278828464848205e-01
4.955646790271737295e-02
3.518973057648923097e-01
-4.987610623967517892e-02
7.263455352635334039e-01
1.061884240381452266e-01
1.164415585550451770e-01
2.849090075639851283e-01
2.065732195997727755e-02
9.661195331223735305e-01
1.200649868718538515e-01
3.772129660431723375e-01
2.273295451670586179e-02
4.580337825215510805e-01
-5.829719202155812102e-02
3.980121724917915632e-02
-2.650229261440909759e-03
-1.605870717806893652e-02
-3.837263645713796800e-02
1.919868214067458473e-02
7.732885988940293998e-02
1.225626566066551348e-01
3.355101203565465789e-02
1.844000338026941660e-02
3.253606910867838653e-02
-5.324469219986253249e-02
-2.745463173288435060e-02
-6.977377239496085348e-02
-4.400892804415426629e-02
7.969067177735747812e-03
4.652672854216009790e-02
3.226738879335105253e-02
-3.080282111146194143e-02
-8.088462954640503189e-02
2.407399823887857934e-02
-4.617794508624661898e-02
2.244164023574994702e-03
-5.593684784963207784e-02
-2.498705715059397481e-02
-5.217097570668784157e-02
-3.223678157689173485e-02
-1.158194818711806573e-02
-3.395111574624849055e-02
-7.045490964604017928e-03
4.930617322015162091e-02
-9.013269449612186512e-02
4.256511160916622710e-02
3.984991663017513341e-02
-4.568423375499908179e-02
-7.136542784531323125e-02
-6.900258030241000762e-02
-1.301476466248890906e-02
-6.302921026854646502e-02
-1.058369367696507107e-01
-3.633019954206494206e-02
-6.672402796547388659e-02
6.987616544559911436e-01
-1.793799062064381847e-02
-5.074442606354424151e-02
-4.902810021287614534e-02
-2.149634409705746419e-03
3.863495049212806176e-01
8.972424828453196000e-01
1.170186893443182052e+00
1.110263721163297079e-01
1.428742920346480760e+00
-5.297491335121638084e-02
-1.191230624997114129e-01
-6.918801039343450143e-02
8.119058371103280436e-01
5.279802429718810641e-01
-1.967680337674272695e-02
-1.640446839331094128e-02
-9.010840804946356961e-03
4.398376822917674650e-02
1.563236686538393760e+00
1.173786274918268591e+00
1.388659942868671449e+00
9.733129779152051020e-01
9.762631941730820495e-01
5.286338884277440309e-02
9.474313702116952951e-02
1.005535846682209383e-01
-3.527723649374817777e-02
2.774411816736169767e-01
6.126535960317903706e-01
-7.782507932017444785e-02
1.148120737416066933e-01
1.124141027792125991e+00
9.879366891055917366e-01
4.047313552966953776e-02
6.273867009888318275e-03
3.850214729208084347e-03
-1.490613075696768132e-02
7.822449239726564363e-02
2.576239829708473067e-02
3.960427375401221264e-03
-1.416682266455544792e-02
-3.149991014842325274e-03
1.198419760345112300e-01
4.822512571893332323e-02
-3.948162288086701222e-02
4.245173047905692609e-02
-5.983955327337839997e-02
3.146284045935986411e-03
-5.195525533516117539e-02
2.734505920101191201e-01
1.983512100428304892e-01
-1.367934512719473916e-01
1.038886953702131827e-02
-1.129214357342542552e-01
1.741511456341439668e-01
9.623411985064017626e-02
5.807469399123549314e-02
1.687424281839483842e-01
1.950023274557572892e-02
-1.005882732411853345e-02
-4.568031925587891229e-02
7.865052237863452700e-02
3.134145263800734438e-01
7.470233205546961130e-02
-8.886269425284269415e-04
-6.046765555776853485e-02
2.514089005477205263e-01
2.013245205240426217e-01
1.071072546696068217e+00
2.493082355303324893e-01
-2.469490813928343700e-02
3.167248350667565410e-03
3.978959381830834280e-02
-2.192562143965516575e-02
-6.733229230783774333e-03
1.515449041077709426e-02
1.630591669257159815e-01
-9.394186652535317650e-02
3.025976027009057434e-01
-7.398437333638015201e-02
3.688926800501996506e-01
3.312118645776410131e-01
5.613036472920496928e-02
-6.692678902743345870e-02
-1.112930944326208926e-01
1.393961395818300031e-01
9.968066608034727161e-02
7.457950111470401655e-02
3.208455277804729833e-01
2.303238907651558309e-01
-4.551758091350466620e-03
-8.958309076137305205e-02
8.829188021342856962e-02
3.043247995462421140e-02
1.415712644759031247e-01
6.935016945265454029e-03
1.685666882353804574e-01
4.063681758651421227e-01
5.872363452828380931e-03
-1.158682976738425454e-03
4.401848455742958521e-02
7.196098907728801786e-01
1.528991146128191980e+00
2.422590137032457069e-03
2.062717535180761952e-01
9.971620591182257798e-02
4.639440671827631257e-02
1.913812117613755692e-01
5.314652218683516699e-02
-3.503118872189124600e-02
-1.140950286151238557e-01
4.950686456961227860e-02
1.852829701201126958e-03
6.212499376204212720e-02
-1.281773334568329144e-03
6.160043389062823393e-02
-2.407201765747655695e-02
4.358520720562662487e-01
6.296019161535517661e-01
5.068758605141862050e-01
5.038482561643868873e-01
-3.619427465893559903e-02
-1.232098045480322368e-01
9.814927548564575388e-02
-1.760082918532413290e-02
9.852917754288967322e-03
1.238992468747228959e-01
1.326772437752128109e-01
-3.285673654372095465e-02
7.479948146116666662e-03
9.312061027887230669e-02
1.097767530363030486e-01
1.732183750027470048e-01
-7.855107475590501070e-03
1.798330014368944643e-02
1.554836189656064183e-01
-1.518055029398812953e-03
1.347684396651676608e-01
2.522334451734057903e-01
1.396263859609048752e-01
-1.302964055733569874e-03
-3.158451863826350348e-02
-8.302986163807847542e-02
4.870717479798974264e-02
-4.266640236987206264e-02
-5.680613058996038939e-02
2.037725241166053192e-01
2.319719042953505284e-01
4.359204854161902870e-02
4.033953254518775344e-02
4.166502301070791892e-01
-8.424971776622524168e-04
-8.186671552853354294e-02
8.700317695387380090e-02
-3.764582624972357544e-02
5.243456508774294034e-02
1.206141181978437893e-01
5.415368134995470623e-02
-5.329407851652988998e-02
-3.644322278150761985e-02
-2.589406218000052298e-03
6.281331604164122062e-01
1.724189135243419935e-01
8.381942454287194533e-02
-2.635766826245577316e-02
1.925485108305617643e-01
3.806118181846316895e-01
5.936076011417673604e-02
-5.202149686370704379e-02
-9.374699555720778649e-03
-1.854165443903143043e-02
2.733843633366520032e-02
-1.235739365120026440e-01
-2.377443034723331072e-02
6.988701179676323760e-02
1.007855321330483750e-01
1.643995039702811009e-02
-3.400248228398626560e-02
-3.800492169647179397e-02
-5.914879833873823434e-02
-6.121762701903286225e-02
1.481405656016517580e-01
2.209026894734285318e-01
6.263935998726224974e-02
4.309113548076402012e-01
1.853609703607969963e-02
2.710208926489533418e-02
1.072191184806970510e+00
3.909861139185655809e-01
-2.750533183226597234e-02
4.455207676774405323e-01
-8.013569704372580649e-02
-5.649104421424543804e-02
3.304753146451407542e-03
4.527863927670494615e-02
-6.346216069729335163e-02
-9.311184450736101348e-03
-5.024069668322700410e-02
9.334546228254718692e-01
-8.168636354970615354e-03
4.259613966384682149e-01
-2.725537784543543077e-02
-4.862843684278156386e-02
3.923263530545198496e-01
-5.615298756080094184e-02
1.965705911094449768e-02
-6.794011479684554378e-02
-6.355016256907025651e-02
3.378996925830238252e-01
5.712035785640425661e-02
-3.494407138787355982e-02
1.025020526967550305e+00
-1.585923180737682514e-01
2.777735493069397599e-01
-1.588285439093836404e-01
-2.432984501901222160e-02
8.665181914123890605e-01
9.351821100617588312e-02
-1.756532239345918317e-02
7.453029763879830127e-02
1.370149420613837789e-03
-6.250427002907329999e-02
1.694210241676888384e-01
-5.269009022331699703e-03
-1.264884248145817583e-02
-6.538494243508047310e-02
-3.636752156349559034e-02
-8.560802724640456662e-02
5.111395155504802057e-01
-7.993772985966132727e-02
-2.138445745983914500e-02
6.522795488537888597e-02
-1.032662008517333113e-01
9.297701210863287824e-02
3.545482125863505529e-02
9.396481769574811793e-02
9.196610012529083944e-01
5.181246147001301872e-02
-1.920032688881562893e-02
-9.767309964604904693e-02
-2.720236159946540222e-02
7.173817344012518860e-02
-2.509219614008479510e-02
-1.200209478174239647e-01
-1.329487181847952525e-02
2.926602307102124101e-01
1.636163178958890407e-01
-5.603099139806513862e-03
-1.633184458852484505e-02
-1.785426876321254130e-02
-8.815507499210811782e-03
3.604809033197443613e-01
5.446863992325412518e-01
-3.061864912596722749e-02
8.327424861126829503e-03
-1.084831244693984509e-01
-3.550552592133311702e-02
-4.815573436484756747e-02
-8.088722315552122899e-02
-9.423488683006589484e-03
-4.702531250162973048e-02
-2.659886443124963133e-03
5.773449969079843536e-01
5.580593839202466766e-01
3.151025545943182959e-01
1.694242393966764182e-01
3.286977435023525351e-01
1.941983687825719618e-01
5.033398203769319235e-01
5.775039659685610172e-01
2.465752591740211219e-01
-9.421600751984829034e-03
-5.223045886049183795e-02
-1.004950468381945496e-02
1.103268396392544960e-02
1.691301057786695761e-01
3.131296894268593284e-02
-5.940806183197865076e-02
-9.021787363578775976e-02
-4.058775687497991752e-02
5.879495345415108876e-01
9.913610625652147929e-03
-1.279798071870423548e-01
-5.880950679780642260e-02
4.754605906565645412e-02
-5.392668341230700407e-02
-9.689966653628957760e-02
5.019159856344137527e-01
-4.951314845974136292e-02
5.860259032833577825e-02
-4.371877105209490133e-02
3.425694428056327290e-01
5.767633439431684161e-01
3.074574109936455135e-02
2.628186119226722517e-01
1.084050984332382228e+00
-7.683146238309181142e-02
1.067690241653486329e-03
2.660155528459092200e-01
-4.150690567658332775e-02
-2.079341043964639830e-03
5.516272826584695671e-02
9.524526481066584093e-05
1.440102299319744983e+00
6.747013780800608096e-01
-6.447124574226643923e-02
9.863784597158707645e-02
3.687026447574789922e-01
-3.479316520416540076e-02
-2.975945791206131494e-02
-9.026933802425878353e-04
1.276544660670239362e-01
-5.968448327745591586e-02
-6.013287907787635139e-02
-7.646338191520565819e-02
4.498999502933386831e-03
-7.097565688170440201e-02
-3.579580390017365887e-02
-5.819149301843601352e-02
1.412891670301853926e-02
-8.696014763149789717e-02
-7.660102002571238244e-02
6.094453604923372181e-01
-6.912555632117406423e-02
8.770562237849971248e-04
3.933322040366707406e-02
1.464936653446943793e-01
4.085427551637978438e-01
8.448387950071255953e-03
1.600422263623872965e-01
6.591088418793643322e-02
-9.145030013462719654e-02
4.091006914807088224e-02
3.251284144280915112e-02
-8.384406183364317977e-02
-6.146846662557677032e-02
2.423854505688936289e-01
6.903259059624063110e-02
-2.825268939831550308e-02
-1.557567947374383643e-01
9.873904712144758733e-01
5.508594054821077529e-02
2.102610090871601667e-01
1.029151749994774035e-03
1.824122049274375379e-01
1.568286298277566104e-01
1.157489971042475890e-01
-4.483761192473317142e-02
-7.455013945782601459e-02
4.941927063304311640e-01
7.974490687589028126e-02
6.573394940807268660e-02
-3.146059396277973985e-02
2.641303994940677816e-02
1.328011931252403854e-01
-1.946990328578224183e-02
-1.779109367714075754e-02
2.021580675910375664e-03
-1.208663985380035027e-01
3.823345408926278610e-01
1.402420053978122860e-01
1.056437911517496969e-01
2.806929405945987610e-01
-3.767937331555321068e-02
-9.050930881968194397e-02
1.247334685185096104e-01
2.687836331759286268e-01
9.974771009635133301e-02
-1.024498484978703973e-02
-2.695214017837243865e-03
-8.110267420773810756e-03
-4.181879084699004906e-02
-2.481033904875853610e-02
1.608979878737253066e-01
-3.036555982832943312e-02
6.843690868750169631e-01
-1.353802836412240553e-03
3.422841550994832338e-01
4.363149674466857558e-02
2.274407642560416776e-01
2.747692878061839261e-01
-1.226271679792290542e-01
1.379395799436851540e-02
3.045316231081939273e-01
-5.780097005756701378e-02
1.008111840612892079e-01
4.246949447599760591e-02
-4.192684839766563920e-02
7.283934780995670634e-03
7.657055560814366585e-03
-8.748186054381169516e-03
2.141346213588176395e-01
6.431578207022768667e-02
1.189506548936291458e-01
4.187934093142595682e-01
2.249157316498803794e-01
1.651753010666242583e-01
9.406073505555979652e-01
-1.253887319294516578e-01
-2.430715861070360112e-02
8.740057852689983586e-02
5.012468868649146148e-02
5.562825024835228449e-01
5.424141536036737599e-02
2.549232459272767759e-01
-1.114357843043003310e-01
2.847067734888656387e-01
7.939745132353692725e-02
-1.060429530937162940e-01
-1.030739451768741127e-01
2.132275135365363505e-01
1.352405380135278390e-01
-1.036691093442834201e-02
-2.448977954548536493e-02
-1.769034352140067814e-03
6.868032016805884765e-02
1.048550863088020035e+00
6.004756817443657191e-01
-1.016138632451022983e-01
8.730060319879080766e-02
-5.398545819580152089e-02
1.596948958177283884e-01
4.114808159924381731e-02
2.023138306365983644e-02
1.059185606266768165e-01
-4.999196593902686947e-02
4.330221554852725641e-02
3.744279418873891485e-01
-5.309698037736699378e-02
1.012530090624701867e-01
1.134952855832072061e+00
2.432593554665388458e-01
5.680344264964047873e-01
1.279811163501842208e-01
-3.863330592186330070e-02
-2.402688199098265004e-02
-4.955437455967928728e-02
3.976690842516290153e-02
1.293955592701638568e-01
1.963248649050448325e-01
-1.448738063609473006e-02
3.284562508147494814e-02
8.430197418013943289e-02
-6.578147203917956987e-02
-1.419979954539656863e-01
5.988895330036292375e-02
8.558827522577071301e-02
-3.687964653006068488e-02
3.207196986421582269e-02
-1.726061537725322517e-02
8.232236252993664627e-02
-3.739916643867660651e-02
6.911148172890775598e-02
2.278882596042698938e-01
6.901483405760995282e-01
5.791601352717342666e-01
8.308851480877059437e-02
2.019393444246193534e-02
2.139439872285371080e-01
1.520341020856980085e-02
-8.053711398121711496e-02
1.056005757293317499e-01
9.062284574980632862e-03
3.609292344437064481e-01
1.164807108522138840e-01
-9.245256213001394607e-02
6.325845208311764445e-02
-1.041942544966169421e-01
9.312464968568741341e-02
5.099883738755313090e-01
4.023062552217702287e-02
4.522994233163723510e-01
2.753633937651111530e-01
-5.829142754091048984e-02
4.792660074882881815e-01
-9.963669039137759698e-02
-3.803404843440605365e-02
1.793006235790164382e-01
2.775178590414741076e-03
-9.355064431922617552e-02
1.026998099271587972e-01
-3.475780766392910087e-02
3.060647672946592915e-02
8.214383582787859739e-02
8.931092174517722693e-02
-7.435746917858433724e-02
1.476623381404745528e-01
-6.012904825086546473e-02
1.187069745651782249e+00
-8.215091586807221624e-02
2.463416606483806275e-03
1.034309453765853634e-03
-8.753732842575850936e-02
1.888670668453153179e-01
1.908428253996385104e-01
1.097805480923857470e-02
1.085448663822352167e+00
3.948440002406923555e-02
-5.446333791860150098e-02
-2.449000972892959732e-02
6.372789618284460667e-02
-5.761948671867679617e-02
1.363432822013961043e-01
9.419732193223647257e-03
8.698627171897503618e-02
-6.172439115638681667e-02
3.192338743116994726e-01
7.590581496792814242e-01
1.598801094157473457e-01
8.196534313496010513e-03
2.503144761700773491e-01
5.940873347269673248e-03
1.170535241855156193e-02
9.614855616248249581e-02
3.619606953061949572e-01
2.211938493255666272e-01
2.005574604828804508e-01
5.515117282234615059e-01
1.229559793159200609e-01
1.545538122556949778e-01
2.504101083563474162e-01
2.154128246384981460e-02
-1.031633745027050186e-01
5.571672344586870579e-02
4.616650808992312643e-02
2.937090729466808412e-03
9.337386561411452623e-01
-8.344084201839846449e-02
-4.833004434226776530e-02
-7.489094867781334597e-02
-5.310281488020204138e-02
9.608923602808584416e-03
1.582063634861991808e-01
-1.208716726550555960e-02
2.995802169367182619e-02
6.247430074954590795e-02
7.164263713326507466e-01
1.050844370596966948e-01
-2.688929101496063956e-02
2.965111972601665036e-01
-3.972224463051736432e-02
2.568882879486554527e-02
1.129425630497434135e-01
-7.993765414061113073e-02
1.267638926637281171e-01
9.148152015095484257e-02
-5.087406218168669808e-02
1.028639643799561867e-02
4.097497128363066232e-01
1.254929325768771864e-01
4.758892137508937206e-03
-2.737565123269991921e-02
1.582092009278358510e-02
1.342970296484027361e-02
1.728884915480400492e-02
1.195743908568264041e-01
5.519925465782629104e-01
2.053113533822059286e-02
6.124967792463983929e-02
9.049599659344681468e-02
4.236539454015697537e-02
2.483521301120261010e-02
4.217615340519270672e-01
1.115753606052961450e-01
-5.505311125697742031e-02
6.704625146489331944e-02
3.692603789520050583e-02
-7.759852255259654108e-02
5.006624874440780693e-02
-8.997772919089746385e-03
-3.215845804295509869e-02
-6.325037854903012291e-02
-1.284608351398100739e-03
-7.396078445376196150e-04
-9.361402413577750437e-02
-2.509431976667868616e-02
1.118804620347495726e+00
-4.527485637535719892e-02
3.758227586178126967e-02
1.161744960412332661e+00
1.684749449221008000e-01
-1.051236572008640013e-01
1.069029143217444244e-01
8.357557816265769324e-01
8.574255868658117730e-02
2.319068160459658579e-02
-9.149983503800317164e-02
8.604351481724274719e-03
-3.067966513521248884e-02
2.003260766313297127e-05
8.848479937643795312e-02
-4.095842979894896707e-02
1.058323725965781614e+00
-1.283199456656509974e-02
1.623119074280049423e+00
8.637844052494464409e-02
2.655132795396406009e-01
-3.793806487914232889e-02
1.407962085393248408e-01
5.059714709522769027e-01
2.043009598834962526e-01
1.073771024321097389e-01
2.465319514692259142e-02
4.798401756700557685e-01
1.438222705486563446e-01
5.545114294261516488e-03
2.648677291915434162e-02
4.736998276011145648e-01
7.454282328300769755e-01
-6.950972176086887833e-02
7.509406561384193712e-02
-8.018859964084947001e-02
-2.850576858277476672e-02
9.229792469805398261e-03
-3.230240543944324499e-02
2.347120324166662442e-01
1.930720668180656574e-01
1.033087517813535139e-01
-1.519983500627020839e-02
1.913385558698733613e-01
2.874813477745112936e-02
1.245764224802318500e-02
3.369437479219044573e-01
6.779017192347533971e-01
2.266905199877910226e-01
-5.405573216198587827e-02
-1.212237193641934052e-01
5.286985041028153219e-03
-1.146190927835770007e-01
-1.032489206554793038e-01
5.763078916097186255e-01
-3.771124367675274258e-02
7.726446971131147035e-02
-5.145840905324708392e-02
1.045686649223837694e+00
3.360460526228919997e-02
1.390338282371773815e+00
-6.304549516964227940e-02
6.231782792791427106e-01
1.206993918232571295e+00
5.934712244347563059e-01
9.128931124204068270e-01
1.115133390699753146e+00
1.988688133026808857e-01
3.755340343434863670e-01
2.546183195441903413e-01
2.852915859179588343e-01
2.361001675099486802e-02
6.676042508439089529e-02
5.439161062798063273e-03
-3.771186978489778768e-02
-4.349769226867956223e-02
2.583143920605769986e-03
2.957383971802540756e-01
9.707998978668818529e-03
1.245503516272985917e-01
-4.995949949213024377e-02
2.394685597319567705e-01
3.753258498248274178e-02
1.831427503467516690e-02
-9.117329754384263796e-02
3.490481598286693243e-02
-4.973587627890872082e-02
7.076752776980236304e-01
-6.966990193319604063e-02
-4.118378185885706450e-02
3.794478626511899044e-02
-4.573076422264906599e-02
3.492512450635664734e-01
7.329692366543533177e-01
4.526261267891190099e-01
2.651395059425143419e-01
-2.788105865146369711e-01
2.964008761084309107e-01
-6.233909376567498689e-02
9.443843316317525050e-01
-8.576056256174786896e-02
1.284385190671585020e-01
3.200502474388463442e-02
-2.071902211966179796e-02
5.338679441156775063e-01
-1.722390030267697061e-02
-6.149659422696026473e-02
7.046564466764553003e-02
4.353984294303944735e-01
3.428396234225979111e-02
5.726954658294454159e-01
-3.861586735562500417e-03
1.753775554169494100e-02
2.764106292242868856e-01
4.954329248340162972e-01
3.386453166976904905e-02
4.537513075159606002e-01
-6.077629787090632618e-02
-1.027785300148122277e-01
3.732774391810947390e-01
6.218277690561940102e-02
-4.630844019454219418e-02
9.261131562538969797e-02
4.975193213243738199e-01
2.180729395676903049e-01
2.781121155263934983e-02
1.886151644214637546e-01
-7.019865027166244387e-02
-1.065859119926933218e-02
-5.263592106850180363e-02
6.747648176528539543e-02
-4.670369163573704491e-02
-6.547584645751962362e-02
-1.149907164109025132e-01
6.147251831015781640e-03
1.614522960701066101e-01
-3.464326037177654916e-02
1.964910998835062150e-01
-4.765647825226295570e-02
-9.467757944275014340e-03
-1.473604223846528526e-02
2.935957033351754841e-01
-1.484354463784476677e-02
6.012367939286587110e-02
7.924539528953601641e-02
-1.455364367351559204e-02
1.031931149876992748e+00
4.182420637465289470e-02
1.288906302371271240e+00
1.585487675308061006e-01
1.258288422590217448e-01
-3.297150949471614172e-03
1.509600496374618350e+00
1.151751503734765203e+00
6.767669283075531395e-01
-9.327692743427243305e-02
-4.448148868947378320e-02
2.534556622884009958e-01
-9.376174706018591820e-02
4.739113764506617255e-01
-9.130554102840882091e-02
1.225124878600329301e-02
6.189831997912826483e-02
2.797120927396781198e-01
-3.000783673126471499e-02
-1.920137474177406878e-01
-6.550426211666937615e-02
8.520854261571164656e-02
3.356963721704742110e-01
1.646675887162245000e-01
4.420741030170004526e-01
-1.742747016662492612e-02
-3.768226505660137848e-03
-2.254159732869935595e-02
3.724655748246511466e-01
3.693160080467636774e-01
-7.671129174681989848e-03
9.621265649658659880e-02
8.944643739492108558e-02
8.495430749932153525e-02
-3.986053709321527722e-02
5.262032563258929319e-01
-2.115858200499310532e-02
-3.233251595791140909e-02
4.473467483736916911e-03
2.369045845487091073e-01
-1.203074611430683810e-01
-9.115656654408257897e-02
7.853016227968211138e-02
-4.589160584688838085e-02
-7.428650269841262366e-02
-3.922236984079807698e-02
4.051179932574761056e-01
-5.656767796594791044e-03
-3.331007237283270528e-02
1.756518809216060240e-01
4.770445389808021693e-03
9.532147948351016309e-02
3.577599535834269373e-02
2.803215821193106305e-01
-1.515439211592187196e-01
-7.918429634605459594e-03
-1.602311616984437026e-01
4.651639893643228635e-02
4.288399093538099449e-01
3.004337163952974232e-01
5.034544404597977030e-01
-6.458442967516428435e-02
-1.929689632791531384e-02
-8.247419728583407772e-03
-3.319624744933957153e-03
-1.291936814827551738e-01
4.584513115879468304e-02
4.274957232509297989e-02
2.609291590659901239e-01
-9.314779589533839221e-02
-4.477468117731234210e-02
-5.034005394349116980e-02
1.616142746935330943e-01
6.857462572681312374e-02
9.260984125149275548e-02
-4.728528304626499618e-02
2.294236321958708913e-01
-2.376993802615805576e-02
1.376559543122575446e+00
1.339040142545729339e-01
3.460962691031461702e-01
-1.318506557707688730e-02
8.407264737658624032e-01
4.473176088097349234e-01
-3.725973851674650034e-02
-4.103536985294826273e-02
6.822794426172680560e-02
4.855584663911445276e-01
5.282310585619758719e-02
1.473761215520870693e-01
-1.948390101220246265e-02
-4.019648840797964556e-02
7.349591829257368092e-02
-1.438847672231953652e-02
-4.302256145040379148e-02
5.436824690939692090e-02
1.024253270035935692e+00
3.463607850061261595e-01
2.174697975529860453e-02
-1.589859573428067507e-03
2.039857748872191123e-02
-4.715195743954880489e-03
5.495809029004596405e-03
-2.158160683456165148e-04
2.941769429810744962e-01
-4.473800009422813917e-02
-7.109812222843873986e-02
-8.468128658632717576e-02
6.123197028876630199e-01
-5.084532473077654421e-03
1.451433458909485996e-01
-1.140876500379746639e-01
2.045353586522733469e-01
1.886000549323286757e-01
1.685053542235592228e-01
1.570081198665451705e-02
1.908847872027432183e-02
-2.629735363426667638e-02
4.820579588320274278e-02
-3.045757366905597896e-02
-4.859643245312102178e-02
-1.964376771767240362e-02
-5.860067367198700319e-03
1.555805602846716540e-01
4.190832781917032124e-01
-1.541855227626955961e-02
6.225204063952527456e-02
3.644416466018324252e-02
2.928951838172635935e-01
3.248784558354315122e-01
4.458718650795464034e-01
2.599484845385923934e-02
2.003422640364337093e-01
-1.274092634838405735e-02
-3.671890988788807653e-02
2.056009823665332775e-02
-3.940464761002481636e-02
5.915496110358558352e-02
8.452521997013207056e-01
1.922790900696129124e-01
3.633018436270040730e-01
-5.765076763998368270e-02
1.014617539060185120e-01
2.266741333118860446e-01
-1.231794612862856936e-01
-2.681065477834398969e-02
-3.642247719316165505e-02
-2.252864530437746066e-02
4.340278278801669720e-01
9.588914502923052696e-01
4.836040416350537163e-03
-5.545450456531681588e-02
4.628292486305649045e-01
1.176401357488918997e-01
3.209286357454083638e-01
-5.549485944932640996e-02
-2.564009846750444147e-02
1.845480737817540295e-01
-9.421148059517406304e-02
7.976637958560623964e-01
8.459185648925711121e-01
1.539577848438511976e-01
2.671890455617805249e-01
1.139912176549890965e+00
1.071326317228668383e-02
1.514030966791197474e-01
-4.292677333234051762e-02
8.305580396786889086e-01
4.038593572436894319e-01
8.111651132867851999e-01
2.511203690841792735e+00
-5.223854741915911343e-02
-4.331432855881596489e-02
-9.912087780582990587e-03
2.367815993672763575e-01
-6.883568576948806417e-02
3.026422932543603173e-01
6.384384076378358808e-01
1.901626093863579003e-01
-5.351106900413117595e-02
9.660004082379958223e-01
3.617907250032524336e-01
1.005323709651225972e+00
2.782675094034205154e-02
-6.400883190930534150e-02
9.483677046404968836e-02
-1.783974164771406912e-02
-1.094092650957268625e-02
-4.816436596964447647e-02
2.903589999024176471e-01
-1.510526600585240624e-02
1.770884788061098114e-01
-2.236716051256688181e-02
-2.419134511290415689e-03
5.916854651284424865e-02
3.298784107557739542e-02
-1.214437436826606292e-01
-1.006328648587093283e-01
8.588258802449398599e-02
1.489859945089366811e-01
1.370255324876583636e-01
9.535825055756985344e-03
-3.695148785785997564e-02
3.627105920183162913e-02
-5.565233896067150327e-02
-7.074929722616311867e-02
-1.589175861885892271e-01
3.190835931667286851e-01
8.141772812972708495e-02
-1.210538590143118770e-03
-9.364946204562586696e-02
3.447886808384212354e-01
-5.942279551077277178e-02
3.517490190621068158e-01
-8.107386503947376644e-02
1.588320791134099561e-02
-1.184781700526537362e-01
2.061698001164385396e-01
6.403054528913085242e-02
-1.240532119922792623e-02
1.743581712390039895e-01
1.372873433957841061e-01
3.582754154063855223e-01
1.512514956076329575e+00
1.306786661900256830e+00
5.814393407125197089e-02
9.830104689806254958e-01
-2.137006833334103087e-02
1.209496148493696410e-01
-7.013687247204418440e-02
1.748216510026737169e-01
1.271973695034573637e-01
-9.962577098636278550e-02
1.084268836438123107e-01
-1.214500483885223858e-01
-6.155357536350046510e-02
4.657038731626454015e-02
6.154786268067160560e-01
1.615675816878687776e-01
5.877121620093787857e-02
5.907483009003596658e-02
1.153603246756989631e-03
-8.739992147034941761e-02
-4.378454603487097474e-03
-1.125387295303151153e-01
-1.754950945313873273e-02
-6.599596123256294689e-02
-3.970117913329530152e-02
-5.202956483803492654e-02
6.306808105005483334e-02
1.759968735900207804e-01
2.396900801509253484e-02
2.457415217251712192e-01
1.111278411900214202e-01
-4.238372377125600166e-02
2.319676648644903860e-01
2.091501179603572957e+00
8.501682188306784738e-02
1.058288154793901766e-03
3.141673945628557785e-02
-1.971885560712894059e-01
2.999981566856689819e-01
3.306369338071922237e-01
-1.028771641713476237e-01
4.356635837991403026e-02
-8.463697912580651905e-02
-6.786476834181555395e-02
2.766237213538453865e-01
7.974546237643868885e-02
8.724453419872267856e-01
2.820186067208683631e-02
4.691485791917405779e-01
1.812558978069598592e-01
-4.495152594855941069e-02
5.940217513217040113e-02
-8.374444633755932788e-02
2.480728836699809536e-01
2.426606745008040023e-01
7.779324073021197383e-02
-9.085450439688868771e-03
-2.200707440328096218e-02
5.241869063040189847e-01
5.099873544929858227e-01
-9.233033461768019520e-03
-2.762796948585622466e-03
3.838967950897024806e-01
-5.718171722407561913e-02
-7.787631504808352478e-02
1.419845760678869750e-01
1.471168765728058173e-02
-1.128152681602803409e-01
1.872275735804048158e-01
4.915431717396099437e-02
2.025778455082739293e-01
-9.719640638573108504e-02
-7.338346409941751136e-02
-4.615461033557601012e-02
-1.454426884998743022e-02
-8.268733190151264512e-02
5.704725783028693487e-01
-1.051798802218609219e-01
5.691724840358437093e-02
1.502703026300276079e-01
1.272080497749144244e-02
1.497941889833900309e-01
-4.421414832791867831e-03
-3.032177058398093442e-02
1.151452611884028893e-02
2.702042471242806568e-02
2.211885386353635088e-02
-6.345133407809985804e-02
9.488053480607409537e-03
3.524292272335179804e-02
-2.704679996764159863e-02
-3.518133847172325718e-02
1.452754479036139357e-01
-3.864782504129773717e-03
2.738489495560116147e-03
-1.143178680028876237e-01
1.591364063450435157e-02
4.084886890133737070e-01
-6.891488024498006182e-02
-3.215545880959373715e-02
-8.057401549536495622e-02
6.620638208078154507e-01
1.878378305098389878e-01
5.357121551918006541e-02
-7.805880182036121703e-03
-6.807320239349143320e-02
7.063798075760233108e-02
-5.103039309406125212e-02
5.112057313173407058e-01
-1.717733724671423323e-02
-7.537237528522543889e-03
4.537796472332906728e-01
-8.181250647543261700e-02
7.886296324126427226e-01
2.091847367033416449e-01
6.814723628176290182e-01
-3.296956491379594151e-02
4.099059231629444411e-01
-3.414205890891546663e-02
4.766658221383238137e-02
4.505601458678546584e-02
-3.690087897878301104e-02
-2.284269866709362148e-02
2.011796314662124552e-02
3.497482687749042807e-02
1.214545971172679595e+00
-1.623597857857389179e-02
9.252651582279770165e-03
3.912466425861876318e-01
3.871057304783199204e-01
4.065600354605626576e-02
-5.288667207136086429e-02
-1.086630347381529749e-01
-1.098990411473013684e-02
5.350931800891990664e-02
6.633188732816838185e-01
3.360959457039880416e-01
2.255673548167322628e-01
1.321268322255206122e-02
1.051610918079160795e-01
-1.188235457976833526e-02
3.411443063563937561e-01
1.329196947916446159e-01
7.237050972170556984e-02
-4.098349778826288620e-02
3.891364207054478618e-03
2.061640370821792301e-01
3.866877492322004506e-01
1.034391194831824068e-01
5.434479716286937379e-01
1.025622264762879432e+00
3.425344730327698484e-01
6.401008712962753811e-02
2.482494646229123914e-01
2.989609535447005362e-01
1.159215231276541636e-01
7.604028435448664802e-02
-8.680315656854667439e-02
1.945352643668998155e-02
-2.271639398370351587e-02
7.468704027904048415e-01
8.105830949312373135e-02
3.146214656310826197e-01
-5.075249533438769972e-02
2.874464489967736847e-01
4.140124781107639151e-01
1.429998637627796776e-01
8.756905003549586564e-03
-7.922236272040469873e-02
-7.254083977052251664e-02
4.046289830784013941e-02
-8.855851869622601014e-02
-3.913283950540468598e-02
-6.551551288491727632e-02
3.085938355052606497e-01
1.837111341553209973e-02
1.514485036346995273e-01
-4.158330967543751727e-02
-3.172295041687200889e-02
-4.374940320700183849e-02
-1.100067930393363869e-01
-3.286918093936697094e-02
-1.216568475323998207e-02
2.021592865655718885e-01
-4.856679476515454036e-02
-4.473742555345606303e-02
-5.789882636135849914e-02
1.803793300376721753e-01
-2.441078989216162107e-02
-3.069745575436333418e-02
1.334254802960852249e-01
-2.676082739077757094e-02
-2.283486922111953310e-02
1.081241039038697942e-02
2.203609314293334884e-02
3.306738145693827180e-01
-1.140750748555220510e-02
-9.423885283694916071e-02
-1.117565478295212342e-02
-1.006431053467876230e-01
3.892190507098881175e-02
-3.891851686208477878e-02
6.334127596188405228e-03
1.129273392201123223e-03
2.351368875475564335e-01
1.561610974956207931e-01
-3.470100774269576499e-02
-1.159680957305755794e-01
-1.011157478079992011e-01
1.191345092252128930e-02
1.885310808557881870e-02
6.794445849273011810e-03
3.917240021374164272e-01
-4.265134759842003492e-02
2.433590546369872321e-01
5.129992865792105672e-01
2.239665621230835513e-01
-2.556419082468675691e-02
1.061523435585836506e+00
1.211811816827088384e+00
1.279886496878818170e-01
-1.247819654440615045e-01
3.431884204480901701e-01
5.480492108383956396e-01
2.381933167910878502e-01
1.420558993607727305e-01
-3.345604910566050971e-02
3.482050063481313407e-01
1.432106909006641005e-01
4.216877144768477192e-01
7.737608999572677393e-02
8.797419269489210880e-02
1.009410731917762538e+00
6.126475207042582083e-01
-6.997527212952847631e-02
-1.389670351981380121e-02
6.985673162124750313e-02
6.193683997914620210e-02
-1.110540106226279855e-01
-9.625229688225758404e-03
-2.569349613424403919e-02
-1.116273402667664755e-02
1.506688484091319169e-01
-2.100007737880548592e-02
1.385977110931566232e-02
1.243997758704724621e-01
6.212754547510778158e-01
-6.164697909290364070e-02
1.989975948228299776e-02
3.330348137381290985e-01
-1.255920950901620314e-01
8.531286639323678103e-03
-4.292003182656912302e-02
5.052475792515610277e-03
6.655384939054424798e-02
-3.460349214428296016e-02
-8.758667706225875538e-02
-2.181226985273821903e-02
-4.901135658808855600e-02
-4.579590972526764031e-02
4.335898548950095632e-01
9.805949222826287892e-02
1.450096389336989477e-01
1.865185385882502794e-02
4.189937713144928910e-01
-7.087684384704361074e-02
-1.000875661158298971e-02
-7.715299698899423519e-02
3.129897720306195619e-01
7.211215928618612547e-02
2.191408146925755487e-02
2.830109940312715011e-01
7.721245767241955438e-01
-6.833121557751241359e-02
1.910919913513983368e-02
-4.657292936146856938e-02
-1.997485582203432572e-02
4.656917735225366561e-01
9.004884653006987871e-02
-2.491525070094448291e-02
-2.678989872286808779e-02
-7.925338359832730106e-02
-4.995554634405510036e-02
-5.778745923194962553e-02
-6.612053395484010498e-02
-5.142324372001351451e-02
1.818707475410906993e-01
-5.072982987187169696e-02
-1.126664924238574006e-01
-1.358779968080112144e-01
-5.589883421112314815e-02
7.028169014130526415e-01
8.125731394138362151e-02
1.200324475721902817e-01
-1.094197076114103023e-01
1.554626843935056069e-01
-1.600178070570460465e-01
-8.199597172945126411e-02
-7.179492383274693745e-02
-6.079582221413421667e-02
4.141694343579021553e-01
7.721849745791176112e-01
-1.904482454215130835e-02
-4.570597420861446242e-02
-2.402158638728138507e-02
9.618246068284170419e-03
3.065940621875632658e-03
-3.983468766785722842e-02
-6.544526906052894333e-02
2.063166203714363323e-01
-9.509688484130006392e-02
-8.827283758562514890e-03
8.169228165370481798e-02
-1.582100339443532899e-01
-1.956764755897857574e-02
-2.652724810834946809e-02
-8.340864166953303530e-03
-3.524582567134982442e-02
-1.763082071558860764e-02
6.982913113750349732e-03
4.541714069211865053e-03
5.608847309127089342e-02
-8.761194471048274965e-03
-3.858790421816939153e-02
5.970430203240680855e-01
9.096688257351720486e-02
-7.753714661510731354e-02
-1.110181895954702631e-02
8.814493955283506099e-02
-1.121700457046574950e-01
3.509355517969351412e-01
-1.905884686604866068e-02
-2.203254366837109970e-02
1.198964350317310412e+00
-3.470298729567640461e-02
5.320612843521441149e-02
-3.230064346167176720e-02
8.469845860578648425e-03
-3.338341175262360405e-02
3.494016017908116445e-01
-9.424571141699938925e-02
-4.954772005806092061e-02
1.635741757600662760e-01
1.220668824869804714e-01
-3.805119521800609701e-03
-5.094965084920487219e-02
2.537005828239692340e-01
7.122287797708398704e-02
8.916574089668996561e-02
-4.569987150445256607e-02
-8.426460890098662337e-02
-1.013634986413071704e-01
2.740804947305889305e-01
1.015629066829591282e-01
6.685673246377362711e-01
-4.264660542938707860e-02
8.517593322118174881e-02
-1.056416264984473032e-02
-4.814962084398019711e-03
-1.076026948432605990e-01
6.279536953262930821e-01
-5.912457055616564955e-02
5.723026467660173805e-04
-8.399622065708012286e-02
2.255805917937576677e-01
-2.756889744860088406e-02
-2.647104746107566478e-02
-5.695415444728969129e-02
1.092906106604612333e-03
-2.853035126713954900e-02
2.794799927524409602e-02
-3.652264788987039448e-03
1.587048000543130055e-01
-4.295589595744313260e-02
4.815839539780351064e-01
-2.261206609159938097e-02
-1.256904406041538247e-01
2.370649682279453441e-01
-1.133445007451076326e-02
-5.229602538980795273e-02
-1.303008937685551927e-01
5.678077174868047944e-02
1.044739927285290859e+00
1.060808533689912986e-01
4.174267368874481909e-01
1.123664819707445861e-01
-1.042775810815500803e-02
-1.655149599734882099e-02
4.414048725730255751e-01
-4.777255101216585677e-03
6.051384156209493187e-02
4.117914874247486923e-01
-1.049681223549407856e-02
5.395871210275047236e-01
3.201947971091418932e-01
6.483318293940052435e-01
5.078046077523513668e-01
-7.596374431062357171e-03
1.040812747717420883e-01
1.049840078130229865e-01
8.000626582903896944e-02
-4.179647082766731712e-03
7.329366422769606482e-01
-9.027074390382433533e-02
9.369475894028329865e-02
-3.601292577529170008e-02
4.232050558970167770e-02
-1.486733469796537310e-01
-1.708098869226748751e-01
-7.986457351571661645e-02
1.546322281343616434e-02
4.143519536320418306e-02
4.303230913893277276e-01
2.232163907651208909e-02
-1.269426983080866253e-02
-1.250653466920393156e-02
1.411431799556392142e-01
4.167728383695994132e-02
-9.608240479609399254e-02
7.033234580338004749e-02
2.993758450660892120e-02
9.150511922359758077e-02
2.605943107720513213e-02
3.051296090168234901e-02
1.078423639833546027e-01
8.279001170987579927e-01
6.733379760436384309e-01
4.215851164460953648e-01
9.856626683024387325e-02
5.249605849368221833e-02
1.890445546072743246e-02
9.963788992026798019e-02
-7.104912936585726368e-02
-6.187382876444504076e-02
-1.026984402867677296e-02
1.141063914032903505e-02
-4.995214355035190040e-02
7.530453116350348947e-03
-3.182110440897879117e-02
2.191625662943607819e-02
1.455315968870507792e-01
5.722566028306595720e-02
8.582634126539860631e-02
3.988993812665324497e-03
1.402930589492804581e+00
1.200047937662778418e-02
-1.986050797046260211e-03
-5.767036755788441243e-02
1.487084963114053693e-01
-5.640136097648035252e-02
-6.095432441204549912e-02
3.629632134008031197e-01
1.130667257785111096e-01
-1.463978594511893272e-01
7.506871632897057708e-03
3.422150146056095882e-02
-1.636227241694059725e-02
-5.356016936794736304e-03
-2.899418869823551168e-02
-6.897581966033053402e-02
-2.264113042522352542e-02
1.768456305346518820e-01
1.172650914745503092e+00
4.145544453482893910e-01
6.700998522846735028e-01
3.305228760619907669e-01
-1.522764824907490294e-02
1.177478542075166036e-02
2.856546906386894444e-02
-5.399203458739752770e-02
-6.906805138118617127e-02
2.195599233338991693e-02
-2.902399717915782676e-02
7.573756403213280364e-02
1.528490588944822759e-01
6.535568292854115890e-02
-9.188014830081232820e-02
-5.979462594824582616e-02
-8.261080222215200219e-02
1.843560773168438360e-01
5.411455702235586215e-04
-6.170428486951962804e-02
-3.480668115437279136e-02
2.805209835582060385e-01
-5.116627184062606630e-03
-3.880500549357142510e-03
6.437751302652789352e-03
2.474131463748684145e-01
6.287899404222752064e-02
-2.063865361196918959e-03
-3.646500754011442608e-02
-2.882479656023203499e-03
-4.610263843934782335e-02
3.742446125941325530e-01
3.332371836026745693e-01
1.344303272723191001e-01
1.123654962125865270e-01
-5.660505653948908616e-02
-2.637578053667143443e-02
-5.453262524253239818e-02
8.233989277182196531e-02
-1.430399222604476772e-02
1.151928881472867205e+00
4.174812562653118508e-01
7.517095893053745703e-01
2.132340098406205475e-01
2.230276664984656987e-01
8.162662018131434660e-01
-7.326950567439047268e-02
3.992041374930735964e-01
-2.765900689616424338e-02
2.985925624588260385e-01
-2.300258038398814500e-02
1.782615586257534912e-01
2.460187028401935455e-02
4.458811261874257026e-02
2.793263072447855211e-01
1.453537152161173740e+00
5.120918040107395042e-01
8.497467365864032063e-01
-4.272875775414939487e-02
6.286003171154146418e-01
-1.098827211656394492e-01
3.109365191185440094e-02
-2.164574946936113908e-02
1.252157051335525406e-01
-5.315762230795170740e-02
-6.397677144627939017e-02
-1.503601364575722077e-01
-4.185345306696029027e-02
-8.664785448243310373e-02
-7.652925117077992445e-02
1.342128373521484230e-01
-5.856524052038944439e-02
2.142101194898883010e-01
6.950890939588454109e-02
-4.206210167774060427e-02
-1.095844947468009936e-02
-2.303720041369770877e-02
1.618521139616215312e-02
3.134539915505203389e-01
7.709279172473684771e-02
-7.538915289509262596e-02
-4.769338694484706598e-02
7.567784685935902145e-02
-6.395668274841591339e-02
-3.107042827165608714e-02
1.891971345150729455e-02
-2.755822315864742827e-02
-7.440220674372508003e-02
-4.350094909848189334e-02
7.854742351157062430e-02
4.259938911827561986e-02
1.542078785004865060e-01
-4.559638683681085242e-02
-7.389592736440980802e-02
-6.219268237213418371e-02
3.006483712231615146e-01
3.030172922309169042e-02
8.935871614577790834e-02
5.731802516518889057e-01
4.791901815291012556e-01
2.666368699810293119e-01
4.544792536956887563e-02
1.973402883737139860e-02
1.087503559262506636e+00
-3.532066159010958245e-02
1.444855120507901880e-01
-9.444692987930380923e-02
8.109485219136026426e-04
2.568494133995511894e-03
-4.974393996656441969e-02
1.128573432176432391e-02
4.515049775046292568e-01
4.233347732353872489e-02
1.987904003006131792e-01
1.462631728362118189e-01
2.562036191918485445e-02
6.048824527164741588e-02
8.987418783098911901e-02
1.066269812594601712e-01
2.253278444584112111e-02
9.700380943703461323e-02
7.800705560898810696e-03
-5.914195503219370209e-02
-2.811125334668251527e-02
1.247624353081511345e-01
1.544772082379462508e-01
-2.571809082768940907e-02
5.097166842785044727e-01
-1.968630286507307425e-01
7.147343641600065745e-01
5.548363557477088426e-01
-4.162256344042862370e-03
-1.498155975971961380e-02
8.875183722882287740e-02
1.599828506402769801e-01
-1.229736237086298187e-02
1.350851818180615338e-01
-2.248471950771736838e-02
-4.581656872963810190e-02
1.148012811171329917e+00
3.189467555256617071e-02
-2.455617132974626665e-02
2.799230709760863745e-02
7.221082292121616675e-02
1.256367495950322030e-02
8.228610596674407196e-02
4.477853336777961046e-01
1.056915834612719707e-01
-6.309015994490431434e-02
6.625104260173610149e-02
1.337416754300865263e-01
-2.920849288847584407e-02
-1.068378352185789387e-01
1.139954687123516247e-01
-1.953588323712802249e-02
2.875887913045969135e-01
1.959116401405357200e-01
4.085018278941848768e-01
2.188000837377764712e-02
1.699594461882436569e-01
7.788357633159809223e-02
-6.830665590863407334e-03
7.622443089360858570e-01
8.043951260832729599e-02
2.119650172672506161e-02
2.687213485323086334e-02
-5.258736220872131314e-03
-1.113985744066940259e-01
8.825102996879968797e-03
5.849619024044400498e-03
1.806187502302492587e-01
8.288748583821975435e-03
-2.470650714752787788e-02
-3.940919974958355387e-02
9.310280754626072339e-03
2.836423430721235484e-01
5.344876135243812332e-01
7.540921455768437309e-02
1.850725327400723763e-01
2.514397825332595482e-01
1.506213528716012114e-02
4.609957075400919480e-01
3.827336775693785387e-01
8.017537784481920671e-02
3.290485811968339031e-02
-5.352783367505867945e-02
8.767518031285216618e-02
6.769945920548405827e-01
-1.379586633039318021e-02
-6.529286158052453881e-02
4.121653570875540712e-02
-2.342341029805860772e-02
-9.389914706159563362e-02
-1.675418417389106657e-02
-9.863009308329738489e-02
5.587083520776849888e-01
-1.071487598903257538e-01
9.734925166950064712e-02
6.525345247233109436e-02
-5.877712553726303912e-02
1.289012246357124636e-01
4.284099287747980545e-02
4.117358586307820478e-01
-5.562876631426361129e-02
8.197141525863130829e-01
3.154429303919422112e-01
6.781600211154908964e-02
1.043577653504312586e-01
5.310574223540707184e-01
7.305399338988022295e-01
8.561694681345417487e-03
5.940933258466438716e-01
-5.610993393037561755e-02
-5.603640172863470076e-02
-9.706376023031252319e-04
7.849370708440497335e-01
7.661920131857491434e-02
4.295506170497472853e-01
1.466007860955411378e-02
-3.954610513980068992e-02
9.414572965632386770e-02
-6.940536737571512127e-02
1.707027379239645926e-01
2.283521073229465015e-01
5.295808381194586772e-02
1.248336408269174885e-01
1.190038613113874488e+00
4.864086051361397600e-01
-6.577110181242168396e-02
6.113615382601901294e-01
3.635682034140103741e-02
5.077130790554704731e-01
-6.814466869171682817e-02
-1.132455641347779873e-01
-5.974670584756222591e-02
-1.241927489616553686e-02
-2.095784943625237096e-01
1.751094375723469820e-01
2.779636039376986306e-02
4.854952926415017078e-01
2.165278300183469395e-01
5.027835175569081994e-01
-2.470564382198608619e-02
-5.282046373465464767e-02
1.105055708641113597e-02
6.166270310384236453e-01
8.030015416040446607e-02
1.062834557082632803e-01
5.397560656264333706e-02
5.544443501341571323e-02
3.314770576300630212e-01
-3.878337746167059841e-02
1.240261973864984352e-01
1.303037340949212038e-02
-5.047873793207936083e-02
3.872282398436352469e-01
-1.573829437498016487e-02
9.864293737042567622e-02
1.256526915563317415e-01
1.049449594845937028e-01
2.120799284526771970e-03
-1.149358147315502655e-02
-3.440305204741855687e-03
8.134183085877391695e-03
2.598007393357549058e-02
3.588189888582107856e-01
1.538558329002774963e-02
2.527931542055033426e-02
-4.470610543257529101e-02
5.324585617705792639e-01
1.820978451789177499e-01
-9.935611245231909527e-02
9.733940696646395940e-01
-3.958996743894360737e-02
-2.909835860699432064e-02
5.759665950057479833e-01
3.128651098244261131e-01
4.174467520076495519e-02
8.242241917178834421e-02
1.283313092994003701e-01
5.801561584695579255e-01
4.257577796791987140e-02
1.058316567136076275e-01
1.484752697887989081e-01
-2.871524078825420448e-02
2.574683349770500174e-01
-5.092394732276014219e-02
-1.463114277782813152e-02
1.546955561806150348e-01
4.659136140716103186e-03
-2.648365942477005561e-02
-4.824564944828285858e-03
1.564788312524338365e-01
3.818675140337012691e-02
-6.501666456855364866e-03
3.441762444613160471e-02
-1.181511330879746191e-02
4.339693628773609868e-01
1.861312531674233495e-01
3.277807903052680216e-01
2.244830021995318503e-01
-4.101049480570469891e-02
-8.787849598069297566e-03
-2.552205835115285357e-02
3.768421985202708435e-01
-3.019852298836501678e-02
-3.389648717229228059e-02
-2.814007343068526332e-02
1.504438976186319721e-01
-4.033781699506865798e-02
5.161157550955529361e-02
-5.874125167157603911e-02
-7.474182781404406506e-02
-5.749128438794683105e-02
-4.449226392194083335e-02
-4.709734335492889862e-02
-4.087396835252995325e-03
-4.629603320963466412e-02
2.071926888238453252e-02
1.678121747803866873e-02
1.054455133058940369e-01
4.005380804161113306e-01
-8.757602729212382586e-02
1.000813927577698104e-01
1.157320018847200205e-01
-1.855925886668082989e-02
5.555020012759687154e-02
6.921620114107834842e-02
3.197090096797725600e-01
5.435074923615216408e-02
4.587344187917754557e-01
-3.671547192784155311e-02
3.751115853384929255e-01
2.223837849287068624e-01
1.280536530642870929e-01
-1.297753017332481384e-01
5.874247156430500993e-01
-3.139078986967189927e-02
-5.793816024679718929e-02
-6.302534712019317899e-03
2.567289081595133804e-01
-5.606921833311221542e-02
2.437479740489399607e-03
3.644808898656450025e-02
2.434839834599069608e-01
1.284287905201799036e-02
1.100075573195697709e+00
-6.901977165582259821e-02
4.145398999375068949e-01
4.676930613191724317e-01
1.228654969572680160e-02
2.095941111348939567e-01
8.130590481648924950e-02
6.166318517420524975e-02
-4.768418954127739279e-02
-3.312740138606304341e-02
-4.560623369985206815e-02
-3.899350903034225907e-02
-2.976662366531690126e-02
1.842909074435507971e-02
-5.680249571901817285e-02
2.013459515692302224e-03
1.374883678585215874e-01
-9.898018225494815969e-02
7.598570556897190492e-03
-4.126108294530161230e-02
1.641744260486796447e+00
-1.539170739575636965e-02
1.387138792320821434e-01
8.971603629344342412e-01
1.733319785198662810e+00
4.054911340325862562e-02
9.591153353650235663e-03
-4.458061708136255852e-02
4.474848966845500209e-02
-1.390181506920805388e-02
-2.204537986759583235e-01
-3.067750445922770575e-02
-4.476786964999883434e-02
3.025112773807240446e-02
5.187170367792616199e-01
1.582759609811517504e-02
1.318057882076955900e-01
1.736745758969971964e+00
6.647445508026678974e-03
-6.051185968195867820e-03
4.666812186075866564e-01
-2.225339310040358454e-02
-2.080791964958878318e-02
2.489245203495885350e-01
-8.059532591882953567e-02
-7.082328187075918706e-03
2.273501972505578006e-01
5.065466009066403874e-01
7.555762715756514369e-02
2.270074597357238100e-01
3.688072289526415637e-01
3.190226484657084430e-03
-6.155766176833281367e-02
-8.436216042420315031e-02
1.214636550591634112e+00
5.991879380305805691e-01
-1.413204810009283385e-01
-1.838376376239237581e-02
-5.875369525092468542e-02
-7.692220899001935008e-02
-4.265454798887517024e-02
-7.466262027996241335e-02
2.903379304408548189e-01
3.693963319741626061e-01
3.409369226915679590e-02
-1.518781428239498466e-01
8.940027912639608720e-02
9.727037251262171669e-01
-2.539686714536745771e-02
2.736322446486042989e-02
-3.827797315152241080e-03
-8.229199199395607900e-02
-6.505939709846528252e-02
-9.266495212229186595e-02
6.555239002915198496e-03
1.552527712228370660e-01
1.972790858618561280e-02
2.522092651276474501e-02
1.173297564647093338e+00
9.575611665917309334e-02
2.903339039732936167e-01
3.877781948061981288e-01
4.227367826745759838e-01
2.537519198882499244e-02
8.337950989829279527e-03
-2.064702527088126474e-02
-3.490665852012677511e-02
2.434771001622642594e-01
1.374009445725174472e-01
2.960497472752265241e-02
6.800189589407411583e-01
6.803376863191329393e-02
-6.059466094264144564e-02
-6.962414369525653235e-02
-3.181389756450078710e-02
-2.546346032020193814e-02
-2.901177955757951177e-02
-4.733980332078221998e-02
-1.677650240420516803e-02
4.530554311879148380e-03
-7.839253526422639007e-03
8.614034823693321463e-03
-4.734792222402048334e-02
-2.098175850928008304e-02
2.399802798308797724e-01
3.147046680797192519e-01
-6.288121272827287833e-02
1.735309379830084764e-01
2.497556070161316977e-01
6.066964272474184572e-01
2.109439367874465510e-01
-2.944114570505216438e-02
5.087347770007472764e-02
9.225903068327405074e-03
1.730483802218381606e-01
-1.174446114669272512e-01
-1.272652185020168615e-02
-5.430506541308183222e-02
1.326727570835319892e-01
-4.464315207047948875e-02
9.083410692141628828e-03
1.118005477046817020e-02
-1.320381496202665261e-01
-2.673311198534882721e-02
-7.985720287481453544e-03
8.868476057291850220e-03
-7.753841827170521173e-02
-5.041115103283117654e-02
1.897887560033534662e-02
3.099131853790761809e-02
-5.016629562988483143e-02
-5.735485760542009120e-02
-4.442663290754474831e-02
1.409393327694218323e-01
-3.060007153711435599e-02
2.307984410614584078e-02
-4.166544224086940473e-02
3.457806584983691596e-03
2.083741009185903215e-01
-2.521132808216176163e-02
2.833600596974481661e-02
2.454678570941718485e-01
-5.526989734318894093e-02
-3.487740313828679994e-02
-1.386098107529805668e-01
-6.533280362767476812e-02
2.047059957549323961e-01
-1.583356429496067808e-01
5.521686053632164637e-02
-4.130014873453877883e-02
-1.986909459883839935e-02
2.181183240418475226e-03
7.890519155460690159e-01
-2.179385558628358505e-02
2.747257354648719452e-01
-2.187886602882992484e-02
-1.246694288261340905e-01
-1.519713778229003255e-02
3.089775609985396243e-01
-2.547053174422091171e-02
5.857985504571169150e-03
8.639637078901749034e-02
9.495387369109566794e-03
6.824944294242024645e-02
3.815935567771968490e-02
4.331052015144361278e-02
8.383221861199380287e-01
9.903065024028574748e-02
1.599958530933365264e-02
3.151908440699741631e-01
7.386729679921416776e-03
-2.200432853790008220e-02
-4.414745426869741418e-02
2.063863028516178810e-01
7.012877475941789451e-02
6.183611239462102338e-01
5.146499646373626780e-01
9.345604757484909930e-02
-1.054268826856060576e-01
7.804945352293454208e-01
5.706640525370186567e-02
2.247017360039904599e-01
1.074908523260810211e+00
1.231932976835751203e+00
1.615122665508246236e-01
-1.166858198356393039e-01
1.870669607588444638e-01
-7.124488555510112564e-02
8.610307430521957350e-02
-8.676513150709812272e-02
9.611762608212015557e-02
-7.048494859719668919e-04
-4.860353837699723373e-02
-3.923554035572311693e-02
2.649188204328226104e-01
-2.520498941375506549e-02
-1.819882441838971973e-03
8.251140222931989399e-02
-8.330886753138519885e-04
8.514521451148336639e-02
3.812219385837140734e-02
-7.752189489173601407e-03
-2.727767586391961416e-02
2.288018188351416682e-01
1.892535598543977626e-02
-8.469392237706306614e-02
-5.282951462621227057e-02
5.040130321106596478e-03
1.044672164476438403e-01
3.205760716208255201e-01
-5.261791543515135366e-02
5.126254710662441205e-01
7.227202641306046393e-02
9.019144040222092096e-02
-7.369856428704819884e-02
6.135298957170844947e-01
-6.511639145973602272e-02
-6.719732311439054195e-02
1.898632218955384199e-01
-3.842240605078664495e-02
-2.590169030247451570e-02
6.838216027833393662e-02
1.089239744469414940e-02
9.878508764628261829e-02
1.091631389081768738e-01
6.819522600258328682e-01
3.044118740965116587e-01
-7.562530384327034727e-02
-8.989533962358753350e-02
5.879986401645765914e-01
2.950456583960669454e-01
-1.371898511169084185e-02
-8.974675590358557886e-02
-2.455123189303334841e-02
6.300255489840889123e-02
-7.676903430493783875e-02
5.535109169251342109e-01
-7.959786085994505211e-02
-5.330448419253686759e-02
-1.007700901297569618e-01
5.982360370941963712e-01
1.051720500172733802e-01
-6.854993659941566175e-02
-3.704394162315889204e-03
2.348795943463742875e-01
6.667784326386809457e-02
1.093276094043298619e+00
1.478746510625703836e+00
2.618541062666930250e-02
3.822552070226482579e-01
4.323792566006527949e-01
4.387674868027029440e-01
2.906761229042419958e-01
-5.396293427511597574e-02
