0.000000000000000000e+00
4.903065675881883951e-04
2.098982802414558297e-04
0.000000000000000000e+00
0.000000000000000000e+00
5.384952828430466729e-05
0.000000000000000000e+00
1.528469349825775734e-04
1.818872583038618222e-04
5.384373179785973594e-05
0.000000000000000000e+00
0.000000000000000000e+00
1.546123085370677646e-04
0.000000000000000000e+00
1.340929212732095376e-04
1.776858758872722883e-04
0.000000000000000000e+00
8.155187063853029737e-05
1.080905269969156059e-04
0.000000000000000000e+00
0.000000000000000000e+00
1.063169409596226821e-04
1.605030630945962435e-04
0.000000000000000000e+00
2.133729692569194113e-04
2.379165600919700536e-04
1.934905670742093325e-04
5.448470841800840016e-05
5.330025823500817350e-05
0.000000000000000000e+00
1.177781194131462240e-04
1.854733213252127936e-04
1.452925557813557428e-04
5.448470841800840016e-05
7.929584353676525125e-05
1.068327616039380199e-04
0.000000000000000000e+00
3.270480872281441610e-03
0.000000000000000000e+00
9.988863209968208842e-05
2.015934211466310704e-04
6.273426286010544807e-04
2.724235420900420008e-05
0.000000000000000000e+00
0.000000000000000000e+00
5.426849925761967141e-05
4.090423088071865922e-03
1.011535489709123876e-04
1.229797704292189865e-04
5.368024281581008396e-03
1.050776519490161863e-04
0.000000000000000000e+00
3.780539947594896183e-04
5.448470841800840016e-05
2.724235420900420008e-05
2.724235420900420008e-05
1.123457062767510171e-03
1.554330104441204634e-04
1.956083584795013746e-04
2.505588993612568090e-04
4.401411351459484276e-04
4.358776673440671335e-05
2.724235420900420008e-05
0.000000000000000000e+00
0.000000000000000000e+00
2.724235420900420008e-05
0.000000000000000000e+00
1.144206187408961439e-04
0.000000000000000000e+00
2.087001222446322000e-04
7.567320613612277085e-05
2.724235420900420008e-05
0.000000000000000000e+00
1.397393066541355951e-04
0.000000000000000000e+00
0.000000000000000000e+00
2.586197832498838135e-04
0.000000000000000000e+00
0.000000000000000000e+00
4.692360734524058242e-04
1.364387906634293790e-04
2.724235420900420008e-05
2.724235420900420008e-05
8.544781993604461069e-04
6.421160488525001460e-04
0.000000000000000000e+00
4.900545275920087851e-04
2.816809029497611039e-04
5.079412184209337183e-04
0.000000000000000000e+00
7.718667025884522735e-05
1.220346275280903678e-04
7.083012094341091004e-05
0.000000000000000000e+00
0.000000000000000000e+00
0.000000000000000000e+00
0.000000000000000000e+00
0.000000000000000000e+00
0.000000000000000000e+00
0.000000000000000000e+00
3.630322226621134139e-04
1.422656275359107485e-04
0.000000000000000000e+00
9.884530789593302621e-05
5.448470841800840016e-05
4.767411986575735268e-05
0.000000000000000000e+00
0.000000000000000000e+00
2.724235420900420008e-05
3.998861174144271525e-04
5.420799339192417849e-05
0.000000000000000000e+00
0.000000000000000000e+00
5.176047299710797168e-05
2.724235420900420008e-05
0.000000000000000000e+00
4.921519490326496920e-04
0.000000000000000000e+00
0.000000000000000000e+00
0.000000000000000000e+00
0.000000000000000000e+00
2.724235420900420008e-05
2.850859347545713529e-04
0.000000000000000000e+00
2.724235420900420008e-05
1.021588282837657596e-04
5.149043913521168933e-04
1.889290073756540764e-04
9.516291759403852049e-05
5.427893333213810859e-05
0.000000000000000000e+00
0.000000000000000000e+00
3.057347419439506104e-04
2.391221125483454317e-04
0.000000000000000000e+00
2.176361408474891635e-04
0.000000000000000000e+00
9.022413235306203953e-04
9.250683289466173954e-05
1.829110898590206803e-04
0.000000000000000000e+00
1.322487442787234082e-04
8.479031936076667940e-04
0.000000000000000000e+00
6.810588552251050189e-05
4.843085192711857415e-05
7.718667025884524090e-05
0.000000000000000000e+00
1.011858870620156129e-04
0.000000000000000000e+00
5.419642953748984670e-05
5.448470841800840016e-05
0.000000000000000000e+00
0.000000000000000000e+00
1.249123854924225963e-04
0.000000000000000000e+00
0.000000000000000000e+00
0.000000000000000000e+00
0.000000000000000000e+00
7.429732966092054752e-05
0.000000000000000000e+00
1.707284744869137717e-04
0.000000000000000000e+00
1.446254558186962479e-03
7.506962711972663821e-04
2.724235420900420008e-05
2.223894434818266593e-03
3.901093597098261902e-03
8.949952539600370197e-04
1.051597180010666781e-03
8.706568002560997888e-03
5.854759151467872494e-04
3.632313894533893570e-05
2.545998622819803489e-04
2.724235420900420008e-05
0.000000000000000000e+00
2.516858676830178022e-04
0.000000000000000000e+00
1.222662801999354633e-04
1.616261750798279689e-04
2.724235420900420008e-05
7.718667025884522735e-05
5.704873637070732167e-03
0.000000000000000000e+00
4.690294051723008055e-04
9.159070440317827885e-05
2.724235420900420008e-05
1.634925814287978209e-04
0.000000000000000000e+00
4.981459055360770531e-05
3.696789511383656796e-04
0.000000000000000000e+00
1.606945101523338595e-04
2.724235420900420008e-05
1.770753023585273022e-04
0.000000000000000000e+00
2.484808634042139346e-04
0.000000000000000000e+00
2.724235420900420008e-05
0.000000000000000000e+00
1.659035474526417999e-04
3.003469718113716642e-04
0.000000000000000000e+00
1.195636656950739823e-04
0.000000000000000000e+00
7.264627789067788495e-05
1.871938910647288879e-04
7.858371406443513403e-05
2.588262617874775785e-04
1.776944467723682837e-04
2.724235420900420008e-05
2.724235420900420008e-05
2.217575439253805913e-04
0.000000000000000000e+00
2.724235420900420008e-05
0.000000000000000000e+00
3.353920306908628321e-04
0.000000000000000000e+00
1.206447114970186154e-04
7.005176796601082247e-05
2.724235420900420008e-05
5.288221699394931821e-05
1.702944868709854287e-04
6.295260526432096054e-04
5.907460523823934110e-04
3.387397681000992684e-04
7.885944639448586784e-05
2.724235420900420008e-05
2.048383195320518523e-04
2.794032364264972031e-04
2.724235420900420008e-05
4.272737788365307474e-03
1.323799974449714782e-03
4.794306031290658239e-04
1.328475313993073481e-03
6.810588552251050189e-05
0.000000000000000000e+00
0.000000000000000000e+00
1.046744510823449735e-04
9.988863209968206131e-05
1.901316459626832588e-04
4.086353131350630520e-05
0.000000000000000000e+00
1.344641231862603705e-03
1.774018527455974604e-04
0.000000000000000000e+00
0.000000000000000000e+00
0.000000000000000000e+00
0.000000000000000000e+00
2.037466655184353207e-04
0.000000000000000000e+00
2.169663109196261685e-04
0.000000000000000000e+00
0.000000000000000000e+00
1.335476409971516796e-04
2.145576849204549458e-04
2.426854139511811653e-04
0.000000000000000000e+00
7.394353285301140941e-05
0.000000000000000000e+00
6.679239962899914326e-04
7.355435636431137240e-05
0.000000000000000000e+00
5.448470841800840016e-05
1.407729780754304882e-04
0.000000000000000000e+00
0.000000000000000000e+00
1.225905939405188953e-04
0.000000000000000000e+00
0.000000000000000000e+00
3.632313894533893570e-05
2.724235420900420008e-05
0.000000000000000000e+00
2.724235420900420008e-05
2.724235420900420008e-05
2.724235420900420008e-05
2.724235420900420008e-05
0.000000000000000000e+00
2.346378501939666301e-04
1.203419737225448473e-04
6.810588552251048834e-05
2.724235420900420008e-05
2.724235420900420008e-05
0.000000000000000000e+00
2.724235420900420008e-05
2.724235420900420008e-05
1.108811609910346287e-04
6.538165010161008019e-05
0.000000000000000000e+00
2.724235420900420008e-05
0.000000000000000000e+00
2.724235420900420008e-05
0.000000000000000000e+00
2.835834379509104123e-04
4.329185508549482082e-04
0.000000000000000000e+00
0.000000000000000000e+00
9.080784736334734941e-05
0.000000000000000000e+00
3.224036604276660288e-04
2.724235420900420008e-05
9.444016125788124501e-05
0.000000000000000000e+00
1.379299643022445249e-03
0.000000000000000000e+00
0.000000000000000000e+00
0.000000000000000000e+00
1.638405416257841297e-04
0.000000000000000000e+00
9.437529850976455862e-05
0.000000000000000000e+00
0.000000000000000000e+00
0.000000000000000000e+00
2.572668868392141792e-04
7.911888406469362730e-05
0.000000000000000000e+00
7.047240574724640680e-04
1.461238743354549910e-03
1.081790893673623393e-03
0.000000000000000000e+00
3.475750885840785381e-03
2.724235420900420008e-05
5.376172338644655800e-05
2.724235420900420008e-05
4.107338287039231234e-04
4.004061985636373357e-04
0.000000000000000000e+00
5.448470841800840016e-05
7.083012094341091004e-05
0.000000000000000000e+00
1.043699935471136572e-04
6.538165010161008019e-05
0.000000000000000000e+00
0.000000000000000000e+00
9.346985684745753517e-03
0.000000000000000000e+00
0.000000000000000000e+00
4.994431604984103066e-05
2.724235420900420008e-05
2.724235420900420008e-05
0.000000000000000000e+00
0.000000000000000000e+00
6.810588552251050189e-05
1.296107390636083007e-04
2.514238541361598256e-04
0.000000000000000000e+00
0.000000000000000000e+00
5.036889358387356807e-04
0.000000000000000000e+00
0.000000000000000000e+00
2.022382033046655938e-04
8.778091911790243641e-05
0.000000000000000000e+00
0.000000000000000000e+00
0.000000000000000000e+00
3.348824727452452904e-04
1.863478022661129547e-04
2.362579269615578033e-04
8.399725881109629515e-05
4.149723338811720018e-04
0.000000000000000000e+00
0.000000000000000000e+00
2.724235420900420008e-05
0.000000000000000000e+00
1.870641655684955151e-04
0.000000000000000000e+00
0.000000000000000000e+00
4.150962509503823799e-04
0.000000000000000000e+00
1.944285822008197970e-04
0.000000000000000000e+00
3.458920663753039821e-03
3.077817975310222394e-03
2.397525929018609668e-04
1.403334989697911303e-04
0.000000000000000000e+00
1.050776519490161998e-04
0.000000000000000000e+00
5.880614434758862962e-04
0.000000000000000000e+00
1.404350670625778390e-03
0.000000000000000000e+00
0.000000000000000000e+00
1.783171337068401084e-04
0.000000000000000000e+00
0.000000000000000000e+00
0.000000000000000000e+00
0.000000000000000000e+00
3.635684897572216885e-04
5.059294353100781322e-05
2.197017699028971211e-04
5.176047299710799201e-05
8.958197245874994130e-05
2.724235420900420008e-05
1.089694168360168003e-04
8.172706262701261040e-05
0.000000000000000000e+00
0.000000000000000000e+00
0.000000000000000000e+00
2.417177552648423560e-04
0.000000000000000000e+00
0.000000000000000000e+00
5.448470841800840016e-05
3.130186192742171153e-04
2.668273845302948383e-03
8.101015856888091121e-05
0.000000000000000000e+00
2.724235420900420008e-05
5.059294353100781322e-05
0.000000000000000000e+00
3.037976533540784319e-04
6.810588552251050189e-05
9.651034809887703084e-03
8.067125447522363591e-05
2.264080553546968374e-04
5.446393321309540066e-04
2.724235420900420008e-05
4.358776673440671335e-05
5.055763233942808278e-03
7.428288017855127221e-04
4.358776673440671335e-05
0.000000000000000000e+00
0.000000000000000000e+00
1.525571835704235340e-04
0.000000000000000000e+00
0.000000000000000000e+00
2.724235420900420008e-05
3.632313894533893570e-05
1.297532450026010276e-04
7.141028562290412151e-04
2.919950265281909111e-04
1.580056544122243774e-04
1.107855737832837888e-04
0.000000000000000000e+00
3.314576934922340784e-04
5.448470841800840016e-05
0.000000000000000000e+00
0.000000000000000000e+00
9.347154421933887827e-05
2.724235420900420008e-05
4.986037602286648337e-05
7.491647407476155615e-05
1.319740715013981527e-04
3.500539570199872556e-04
0.000000000000000000e+00
0.000000000000000000e+00
3.248758154115224516e-04
3.003212742019627170e-04
2.336629293470554613e-04
2.724235420900420008e-05
0.000000000000000000e+00
0.000000000000000000e+00
0.000000000000000000e+00
3.134930007248056612e-04
3.952195837664941678e-04
5.297595913678968525e-05
3.748320272761029447e-04
2.431628272250670110e-04
2.132378532787908775e-04
7.321486660275711589e-04
0.000000000000000000e+00
3.632313894533893570e-05
0.000000000000000000e+00
5.308787406426331153e-05
0.000000000000000000e+00
0.000000000000000000e+00
0.000000000000000000e+00
0.000000000000000000e+00
1.373820299780208188e-04
5.397550553559707820e-05
7.083012094341091004e-05
9.807247515241511351e-05
0.000000000000000000e+00
6.540178030232386263e-04
5.448470841800840016e-05
0.000000000000000000e+00
0.000000000000000000e+00
0.000000000000000000e+00
5.448470841800840016e-05
2.465388542264211288e-04
0.000000000000000000e+00
0.000000000000000000e+00
1.259481432494080708e-04
2.922888397465762890e-04
0.000000000000000000e+00
5.448470841800840016e-05
4.540392368167367470e-05
5.787271627376926967e-04
2.064399681884507103e-04
5.297124429528596399e-05
4.086353131350630520e-05
1.404219530591398570e-04
1.770753023585273022e-04
4.768283916912457315e-04
8.052818283265636206e-05
0.000000000000000000e+00
1.233918396525484295e-04
1.044290244678494579e-04
7.035194705063489403e-04
0.000000000000000000e+00
0.000000000000000000e+00
2.724235420900420008e-05
5.448470841800840016e-05
8.156442170636170525e-05
5.424836340269525113e-05
0.000000000000000000e+00
7.792580390017484577e-05
1.029155603451269743e-04
3.819193575595040730e-04
3.537750349984436710e-04
2.724235420900420008e-05
0.000000000000000000e+00
0.000000000000000000e+00
1.240290864629893844e-04
1.770907193630983376e-03
0.000000000000000000e+00
9.454257987779765516e-04
0.000000000000000000e+00
4.482539348619089879e-04
2.724235420900420008e-05
5.107450155728872213e-04
7.369078129931702593e-05
0.000000000000000000e+00
2.724235420900420008e-05
0.000000000000000000e+00
9.644507871412530539e-04
0.000000000000000000e+00
4.670117864400721272e-05
9.913307326632342918e-05
1.705890275468596121e-04
0.000000000000000000e+00
0.000000000000000000e+00
9.845781108366085592e-05
0.000000000000000000e+00
0.000000000000000000e+00
0.000000000000000000e+00
2.739588254858307684e-04
7.870708285386766433e-05
0.000000000000000000e+00
0.000000000000000000e+00
0.000000000000000000e+00
1.280068276081059418e-04
0.000000000000000000e+00
7.264627789067788495e-05
0.000000000000000000e+00
0.000000000000000000e+00
6.356549315434311884e-05
0.000000000000000000e+00
1.463329662938473840e-03
5.272713717871777185e-05
5.298711979307674344e-05
0.000000000000000000e+00
3.058737604063197424e-04
0.000000000000000000e+00
0.000000000000000000e+00
0.000000000000000000e+00
0.000000000000000000e+00
0.000000000000000000e+00
0.000000000000000000e+00
2.844717975527149591e-04
2.724235420900420008e-05
7.073453373566005657e-05
2.724235420900420008e-05
4.670117864400721272e-05
7.885944639448586784e-05
2.724235420900420008e-05
4.670117864400720594e-05
2.202090298561172718e-04
2.724235420900420008e-05
6.555760478944662787e-05
0.000000000000000000e+00
0.000000000000000000e+00
1.641307327441834333e-04
0.000000000000000000e+00
8.172706262701261040e-05
4.333772167054743469e-04
1.611249629352900831e-04
0.000000000000000000e+00
2.640349290573859413e-04
0.000000000000000000e+00
0.000000000000000000e+00
2.724235420900420008e-05
4.670117864400720594e-05
2.724235420900420008e-05
0.000000000000000000e+00
2.724235420900420008e-05
0.000000000000000000e+00
0.000000000000000000e+00
0.000000000000000000e+00
0.000000000000000000e+00
4.979878929202603832e-04
1.089694168360168003e-04
1.496843913683742306e-04
5.448470841800840016e-05
5.448470841800840016e-05
9.852905565361710916e-05
1.223960056961688632e-04
1.662994285684591918e-04
1.294011824927699631e-04
6.754945231888613826e-04
0.000000000000000000e+00
1.802485875740816336e-04
3.632313894533893570e-05
7.656005502251434847e-05
0.000000000000000000e+00
2.724235420900420008e-05
0.000000000000000000e+00
0.000000000000000000e+00
0.000000000000000000e+00
1.087069836482343430e-04
1.341066800379615636e-04
2.019299312822942253e-04
1.773929229449898958e-04
0.000000000000000000e+00
4.265786329440886281e-04
2.724235420900420008e-05
0.000000000000000000e+00
1.066005164700164825e-04
1.168761428221519292e-04
0.000000000000000000e+00
0.000000000000000000e+00
0.000000000000000000e+00
0.000000000000000000e+00
0.000000000000000000e+00
1.440817844831778860e-04
3.455638786987908244e-04
1.904370284705627194e-04
1.285343803133924860e-04
6.810588552251050189e-05
0.000000000000000000e+00
0.000000000000000000e+00
5.189019849334134446e-05
1.910391505851554274e-04
0.000000000000000000e+00
0.000000000000000000e+00
0.000000000000000000e+00
1.225905939405189224e-04
0.000000000000000000e+00
2.031619203283616581e-04
7.228510112505670418e-04
4.767411986575735268e-05
0.000000000000000000e+00
0.000000000000000000e+00
6.356549315434314594e-05
0.000000000000000000e+00
0.000000000000000000e+00
0.000000000000000000e+00
5.404921923343468013e-05
2.724235420900420008e-05
3.632313894533893570e-05
0.000000000000000000e+00
2.306868583980420124e-04
0.000000000000000000e+00
0.000000000000000000e+00
0.000000000000000000e+00
6.649585450344234084e-04
6.356549315434311884e-05
2.724235420900420008e-05
3.140384847090830285e-04
4.469265214647018735e-04
0.000000000000000000e+00
0.000000000000000000e+00
6.521129411748833454e-03
0.000000000000000000e+00
5.448470841800840016e-05
1.340791625084577013e-04
0.000000000000000000e+00
3.572507414300628357e-04
2.329317286660241354e-04
3.501454761081203792e-04
0.000000000000000000e+00
0.000000000000000000e+00
9.262400431061428366e-05
0.000000000000000000e+00
9.988863209968208842e-05
3.419046991204943774e-04
5.612259108484557359e-04
2.724235420900420008e-05
1.029009475880800179e-04
4.843085192711857415e-05
0.000000000000000000e+00
5.347601014163991598e-04
1.557151631446251905e-02
2.106734423645478045e-04
3.207565705708173218e-04
4.231884580287292169e-03
5.113866315032999151e-04
6.242244817625430993e-04
0.000000000000000000e+00
1.473105079449856577e-04
2.724235420900420008e-05
0.000000000000000000e+00
2.724235420900420008e-05
1.482735582189386380e-04
2.724235420900420008e-05
5.448470841800840016e-05
5.326504047495314077e-05
0.000000000000000000e+00
3.771079143773572030e-04
0.000000000000000000e+00
0.000000000000000000e+00
5.221451223392472896e-05
2.724235420900420008e-05
0.000000000000000000e+00
3.632539740214512898e-04
1.584847042849673638e-04
5.173295546760396028e-05
2.225363778322478412e-04
5.273607401295416853e-04
2.724235420900420008e-05
1.415507572481568103e-04
0.000000000000000000e+00
0.000000000000000000e+00
3.203321862139587987e-04
0.000000000000000000e+00
0.000000000000000000e+00
0.000000000000000000e+00
4.364100088675588996e-04
8.717553346881345381e-05
2.724235420900420008e-05
0.000000000000000000e+00
9.686170385423714831e-05
0.000000000000000000e+00
5.947270279012510522e-04
0.000000000000000000e+00
1.035209459942159840e-04
5.448470841800840016e-05
1.048830637046661678e-04
0.000000000000000000e+00
4.358776673440671335e-05
2.218811670398344914e-04
4.086353131350630520e-05
6.356549315434311884e-05
5.448470841800840016e-05
2.724235420900420008e-05
0.000000000000000000e+00
0.000000000000000000e+00
0.000000000000000000e+00
0.000000000000000000e+00
0.000000000000000000e+00
4.670117864400721272e-05
1.217368571431524634e-03
2.095296875913638297e-04
2.173196892581925920e-04
2.724235420900420008e-05
0.000000000000000000e+00
2.724235420900420008e-05
2.724235420900420008e-05
3.158105706926322303e-04
7.718667025884522735e-05
0.000000000000000000e+00
2.017231466428644432e-04
0.000000000000000000e+00
1.070235343925164933e-04
0.000000000000000000e+00
5.763528756963145344e-04
0.000000000000000000e+00
1.077040615858716673e-04
9.704571165031283342e-05
1.332280846316539178e-04
0.000000000000000000e+00
0.000000000000000000e+00
2.724235420900420008e-05
0.000000000000000000e+00
5.448470841800840016e-05
4.994431604984103066e-05
0.000000000000000000e+00
0.000000000000000000e+00
2.724235420900420008e-05
0.000000000000000000e+00
0.000000000000000000e+00
0.000000000000000000e+00
9.608056108121916657e-05
0.000000000000000000e+00
2.724235420900420008e-05
2.766810061199335286e-03
6.155440110311057034e-04
1.370372969301423486e-04
4.421963472974697602e-04
0.000000000000000000e+00
2.818969457759999773e-03
0.000000000000000000e+00
1.660486351786928660e-04
0.000000000000000000e+00
3.156480774349953436e-04
2.724235420900420008e-05
2.402516190241703569e-04
4.220707469154128498e-04
7.057338912680243903e-04
2.724235420900420008e-05
1.469470875202009399e-04
1.335416097887502001e-03
1.194617793059117973e-03
1.468060199040782264e-04
0.000000000000000000e+00
3.670351587240637710e-04
0.000000000000000000e+00
0.000000000000000000e+00
1.696947864594910559e-04
4.366755168002821774e-04
0.000000000000000000e+00
0.000000000000000000e+00
3.042927723313691669e-04
1.335366209470197855e-04
0.000000000000000000e+00
5.448470841800840016e-05
0.000000000000000000e+00
0.000000000000000000e+00
2.101553038980324267e-04
1.718225870875286798e-04
0.000000000000000000e+00
8.770969727683317941e-05
3.161937618393845326e-03
2.724235420900420008e-05
2.724235420900420008e-05
9.725592394261146868e-04
0.000000000000000000e+00
2.031604461749953057e-04
1.334875356241205821e-04
0.000000000000000000e+00
1.021588282837657596e-04
2.724235420900420008e-05
8.172706262701261040e-05
0.000000000000000000e+00
0.000000000000000000e+00
1.348064115024929794e-04
3.078386025617474626e-04
0.000000000000000000e+00
0.000000000000000000e+00
1.626168061419735447e-04
0.000000000000000000e+00
0.000000000000000000e+00
0.000000000000000000e+00
0.000000000000000000e+00
8.172706262701261040e-05
0.000000000000000000e+00
2.724235420900420008e-05
2.508888832194585620e-04
0.000000000000000000e+00
5.448470841800840016e-05
0.000000000000000000e+00
0.000000000000000000e+00
0.000000000000000000e+00
1.614610699028036836e-04
0.000000000000000000e+00
3.632313894533893570e-05
1.599930915308740373e-04
0.000000000000000000e+00
1.750839893718863962e-04
1.325875789172922554e-03
2.249929585249272126e-03
5.427187752575056022e-05
0.000000000000000000e+00
0.000000000000000000e+00
0.000000000000000000e+00
0.000000000000000000e+00
1.045516183670450834e-03
2.923377068925321295e-04
0.000000000000000000e+00
6.356549315434311884e-05
2.724235420900420008e-05
5.448470841800840016e-05
7.441529027592021499e-05
0.000000000000000000e+00
0.000000000000000000e+00
1.774321615186451838e-04
8.831260564449359930e-05
0.000000000000000000e+00
2.054901068680076203e-04
1.406768948766037061e-04
1.008297778566692059e-04
0.000000000000000000e+00
3.382828376034446361e-04
2.724235420900420008e-05
0.000000000000000000e+00
2.724235420900420008e-05
0.000000000000000000e+00
1.916744101269424118e-04
1.259799009195733670e-04
2.456118668884160489e-04
1.330016146975515905e-04
2.248398369640836308e-04
0.000000000000000000e+00
7.783529774001200991e-05
2.713742069649544594e-04
6.481303956250255086e-03
0.000000000000000000e+00
0.000000000000000000e+00
0.000000000000000000e+00
8.172706262701261040e-05
2.724235420900420008e-05
0.000000000000000000e+00
0.000000000000000000e+00
9.235594453235631933e-05
0.000000000000000000e+00
2.724235420900420008e-05
8.172706262701261040e-05
0.000000000000000000e+00
5.411152548363843204e-05
2.286516195812621265e-04
0.000000000000000000e+00
4.111623692262135325e-04
5.194599440569983077e-05
4.358959753778099324e-04
5.080955702526275281e-04
0.000000000000000000e+00
0.000000000000000000e+00
0.000000000000000000e+00
5.176047299710797168e-05
2.277970642144662244e-04
0.000000000000000000e+00
3.632313894533893570e-05
2.724235420900420008e-05
1.721053514731638772e-03
2.724235420900420008e-05
2.270196184083683125e-04
5.448470841800840016e-05
6.732656965652331592e-04
0.000000000000000000e+00
0.000000000000000000e+00
2.724235420900420008e-05
2.724235420900420008e-05
0.000000000000000000e+00
0.000000000000000000e+00
2.621319860555294660e-04
3.403362383686520760e-04
2.724235420900420008e-05
1.135098092041841292e-04
2.724235420900420008e-05
0.000000000000000000e+00
0.000000000000000000e+00
0.000000000000000000e+00
0.000000000000000000e+00
0.000000000000000000e+00
2.724235420900420008e-05
5.161709218548167114e-05
0.000000000000000000e+00
0.000000000000000000e+00
0.000000000000000000e+00
5.448470841800840016e-05
2.724235420900420008e-05
8.982967706927917910e-05
1.378142624690801264e-04
0.000000000000000000e+00
0.000000000000000000e+00
0.000000000000000000e+00
2.724235420900420008e-05
0.000000000000000000e+00
1.164477101482924438e-04
0.000000000000000000e+00
5.448470841800840016e-05
2.724235420900420008e-05
0.000000000000000000e+00
0.000000000000000000e+00
0.000000000000000000e+00
0.000000000000000000e+00
7.991090567974564905e-05
0.000000000000000000e+00
0.000000000000000000e+00
7.811902484873308567e-05
1.242435641009283914e-03
1.287339773014225034e-04
5.361657736309724894e-05
0.000000000000000000e+00
9.221915480393470517e-05
1.111874672533017449e-03
1.331104605885032738e-03
1.452925557813557699e-04
1.976347135601464345e-04
2.323698816251758964e-04
0.000000000000000000e+00
0.000000000000000000e+00
8.123620939802144380e-05
1.773205951914185244e-02
3.822781149193783118e-03
0.000000000000000000e+00
7.677390731628452782e-05
5.059294353100781322e-05
0.000000000000000000e+00
9.276850446331301459e-03
9.754036255088306163e-04
2.001121441575264004e-03
3.698961448356791323e-04
5.574394577510183649e-04
2.724235420900420008e-05
9.324764953423622963e-04
2.724235420900420008e-05
5.348975495142232941e-05
2.724235420900420008e-05
2.434351528236267895e-04
0.000000000000000000e+00
0.000000000000000000e+00
1.753208983050447926e-03
8.904118921803794032e-04
1.309614929173678335e-04
0.000000000000000000e+00
3.632313894533893570e-05
0.000000000000000000e+00
7.264627789067788495e-05
0.000000000000000000e+00
0.000000000000000000e+00
0.000000000000000000e+00
0.000000000000000000e+00
0.000000000000000000e+00
1.187543010264621479e-04
0.000000000000000000e+00
0.000000000000000000e+00
3.632313894533893570e-05
0.000000000000000000e+00
9.696980843443153979e-05
2.677995142038456806e-03
3.031767538736075272e-04
5.016052521022995592e-05
0.000000000000000000e+00
0.000000000000000000e+00
2.724235420900420008e-05
0.000000000000000000e+00
0.000000000000000000e+00
1.328766464691308108e-04
5.301214873103525272e-05
0.000000000000000000e+00
0.000000000000000000e+00
2.179690392167091847e-04
2.688880001667590808e-04
1.509489580088791544e-04
2.724235420900420008e-05
0.000000000000000000e+00
4.721468544996589673e-04
1.628487396049362382e-04
6.574651643601083493e-05
1.337794179906456166e-04
0.000000000000000000e+00
6.771670903381047843e-05
0.000000000000000000e+00
0.000000000000000000e+00
1.340132652667506150e-04
0.000000000000000000e+00
0.000000000000000000e+00
5.085239452347452488e-05
5.921896963162015482e-04
1.911547872527900502e-04
3.988909899409830801e-04
5.448470841800840016e-05
1.218421776160957441e-04
7.264627789067788495e-05
0.000000000000000000e+00
1.819046287864871099e-04
0.000000000000000000e+00
2.130497980579095104e-04
7.575244703061650856e-04
1.502869873863398357e-04
2.724235420900420008e-05
0.000000000000000000e+00
5.448470841800840016e-05
1.468628305388807972e-04
1.006629625810748587e-04
0.000000000000000000e+00
1.094883188209501423e-04
2.382500430976776471e-03
7.814059326740328305e-05
0.000000000000000000e+00
0.000000000000000000e+00
1.987797117068633782e-03
4.448702562232688396e-02
0.000000000000000000e+00
2.438224179148012517e-03
1.589137328858578513e-04
1.637135762464919393e-04
0.000000000000000000e+00
4.703178511711442449e-04
0.000000000000000000e+00
8.142267878110214766e-05
0.000000000000000000e+00
0.000000000000000000e+00
5.359151647672950983e-05
1.498181420061127822e-04
2.724235420900420008e-05
0.000000000000000000e+00
4.714186749199879311e-04
2.052355133816444101e-03
2.325329519982858423e-04
1.331739877095395848e-03
1.014878343377311864e-04
2.724235420900420008e-05
0.000000000000000000e+00
0.000000000000000000e+00
1.282337250697070509e-04
5.448470841800840016e-05
2.724235420900420008e-05
0.000000000000000000e+00
2.724235420900420008e-05
0.000000000000000000e+00
1.798693899697073053e-04
1.057003343309363024e-04
0.000000000000000000e+00
2.724235420900420008e-05
2.724235420900420008e-05
0.000000000000000000e+00
1.757796114256606835e-04
7.991090567974564905e-05
4.025119458624483513e-04
4.086353131350630520e-05
1.910708301807313139e-04
4.767411986575735268e-05
2.235209610857112606e-04
9.732357448011125776e-05
0.000000000000000000e+00
0.000000000000000000e+00
1.023700578371425840e-03
2.724235420900420008e-05
1.002886291780396373e-04
3.330622235559678088e-04
5.189019849334135123e-05
1.100555382366118445e-04
5.448470841800840016e-05
0.000000000000000000e+00
5.444573509296123771e-05
1.157550581774537319e-04
5.181762478915483600e-05
0.000000000000000000e+00
0.000000000000000000e+00
0.000000000000000000e+00
2.109336568754325279e-04
1.315416531806203157e-04
3.495276150492570948e-03
1.298527584041552212e-04
3.183275669600935413e-04
1.339415748609373326e-04
5.063225428744213554e-05
0.000000000000000000e+00
0.000000000000000000e+00
5.448470841800840016e-05
9.746708950332607670e-05
0.000000000000000000e+00
8.141209679517418354e-05
0.000000000000000000e+00
2.724235420900420008e-05
0.000000000000000000e+00
0.000000000000000000e+00
0.000000000000000000e+00
0.000000000000000000e+00
0.000000000000000000e+00
0.000000000000000000e+00
1.265042842635025417e-04
0.000000000000000000e+00
2.138016421705373491e-04
6.810588552251050189e-05
1.661026874687894994e-04
1.689483159064699433e-03
3.105628379826478030e-04
1.637396845224633286e-04
1.344673860029100675e-03
7.541055660131175105e-05
1.462006342549892167e-04
0.000000000000000000e+00
0.000000000000000000e+00
0.000000000000000000e+00
0.000000000000000000e+00
5.059294353100781322e-05
7.137887967948860699e-04
7.692575143985117935e-05
2.168229745307043762e-04
9.807247515241511351e-05
1.938053211682891667e-04
3.889519381357851575e-04
5.029357700123850394e-05
4.540392368167366793e-05
2.724235420900420008e-05
0.000000000000000000e+00
9.534823973151470536e-05
0.000000000000000000e+00
2.724235420900420008e-05
7.404207205328302210e-04
8.172706262701261040e-05
0.000000000000000000e+00
0.000000000000000000e+00
1.580056544122244045e-04
0.000000000000000000e+00
0.000000000000000000e+00
0.000000000000000000e+00
2.724235420900420008e-05
0.000000000000000000e+00
0.000000000000000000e+00
1.050776519490162134e-04
0.000000000000000000e+00
7.083012094341091004e-05
0.000000000000000000e+00
0.000000000000000000e+00
0.000000000000000000e+00
8.686949509199769172e-04
1.788265965576774823e-04
2.465306926271536693e-04
2.417353989849383518e-04
2.724235420900420008e-05
3.557960569900145615e-04
0.000000000000000000e+00
1.662714969286311999e-04
6.965279641453845771e-04
2.724235420900420008e-05
0.000000000000000000e+00
0.000000000000000000e+00
0.000000000000000000e+00
9.928045665497552336e-05
0.000000000000000000e+00
4.086353131350630520e-05
2.201470878723266753e-04
4.789455284146527892e-04
0.000000000000000000e+00
2.724235420900420008e-05
8.088883634365865013e-05
5.448470841800840016e-05
0.000000000000000000e+00
3.302334658978168884e-04
3.193380230125581246e-04
0.000000000000000000e+00
0.000000000000000000e+00
0.000000000000000000e+00
7.168630921855106465e-05
4.358776673440671335e-05
1.318711884304438946e-04
0.000000000000000000e+00
0.000000000000000000e+00
5.364813796461137969e-05
2.143322575874242845e-03
4.343508122023786631e-04
3.214755669451942904e-04
6.129529697025944764e-05
1.525571835704235611e-04
2.760960882657314554e-04
1.473129217633632846e-04
3.070326735276625676e-04
2.724235420900420008e-05
5.438053144200444863e-05
8.131114882229485480e-05
0.000000000000000000e+00
0.000000000000000000e+00
5.204050260809304270e-04
1.021588282837657596e-04
3.632313894533893570e-05
0.000000000000000000e+00
0.000000000000000000e+00
7.005176796601082247e-05
0.000000000000000000e+00
0.000000000000000000e+00
0.000000000000000000e+00
8.994301072179164836e-05
0.000000000000000000e+00
0.000000000000000000e+00
5.145778017256350071e-05
2.724235420900420008e-05
3.578204254526744059e-04
5.358833629670541098e-05
4.269517779344112374e-04
1.489157848709206497e-03
0.000000000000000000e+00
1.074883510278482800e-04
4.251249332608429861e-04
0.000000000000000000e+00
2.266953046677849890e-04
1.019826923729316389e-04
8.143518026048753521e-05
0.000000000000000000e+00
0.000000000000000000e+00
0.000000000000000000e+00
4.786243978052042054e-03
1.368928299002460753e-04
5.400677237925376688e-05
7.953417962566854788e-05
8.172706262701261040e-05
0.000000000000000000e+00
0.000000000000000000e+00
0.000000000000000000e+00
2.907612151728100744e-04
0.000000000000000000e+00
0.000000000000000000e+00
3.632313894533893570e-05
0.000000000000000000e+00
0.000000000000000000e+00
8.172706262701261040e-05
0.000000000000000000e+00
0.000000000000000000e+00
5.287174526781185548e-05
0.000000000000000000e+00
3.493697026003526624e-04
0.000000000000000000e+00
2.724235420900420008e-05
6.810588552251050189e-05
1.886506109651199992e-04
6.425253066276858261e-04
0.000000000000000000e+00
2.966290482100919198e-04
3.586052885493553211e-04
0.000000000000000000e+00
2.724235420900420008e-05
8.399725881109626805e-05
1.081252330097817835e-04
0.000000000000000000e+00
0.000000000000000000e+00
0.000000000000000000e+00
0.000000000000000000e+00
2.724235420900420008e-05
6.589972219432265257e-03
2.458679699199202407e-04
6.810588552251050189e-05
1.922929195208715762e-04
2.028041924448090898e-04
1.296841344809311657e-04
0.000000000000000000e+00
0.000000000000000000e+00
8.112686749955149118e-05
6.422152451258839089e-04
9.716439667878165316e-05
2.724235420900420008e-05
0.000000000000000000e+00
2.724235420900420008e-05
0.000000000000000000e+00
2.724235420900420008e-05
1.061899510924005650e-04
0.000000000000000000e+00
6.831226699379087876e-05
5.433666747189405156e-03
7.718667025884522735e-05
0.000000000000000000e+00
2.368138933739865747e-04
0.000000000000000000e+00
0.000000000000000000e+00
2.724235420900420008e-05
1.641027527351918949e-04
5.448470841800840016e-05
0.000000000000000000e+00
2.724235420900420008e-05
1.978105194684579189e-04
0.000000000000000000e+00
0.000000000000000000e+00
5.305090030174498144e-05
0.000000000000000000e+00
4.149757741293436260e-04
0.000000000000000000e+00
3.668614502969998930e-04
1.171570096310726490e-04
5.157807430659366605e-04
1.872911851869038904e-04
0.000000000000000000e+00
2.724235420900420008e-05
1.670864391485590893e-04
0.000000000000000000e+00
1.014799726953007650e-04
9.807247515241511351e-05
0.000000000000000000e+00
5.205235536363299944e-05
0.000000000000000000e+00
0.000000000000000000e+00
4.767411986575735268e-05
0.000000000000000000e+00
4.903623757620757708e-05
2.724235420900420008e-05
2.070418919884319409e-04
0.000000000000000000e+00
2.421471158382734572e-03
0.000000000000000000e+00
5.448470841800840016e-05
1.388962366057641489e-04
4.767411986575735268e-05
2.768990717100927178e-04
1.487072020279622689e-04
2.724235420900420008e-05
5.252179131338652839e-05
1.062451814151164057e-04
0.000000000000000000e+00
5.200813076264441308e-05
0.000000000000000000e+00
5.029357700123850394e-05
3.506889822649330614e-04
2.943114953003391084e-04
0.000000000000000000e+00
0.000000000000000000e+00
1.193434402654518477e-04
3.086404911599315622e-03
2.032935079130576477e-04
0.000000000000000000e+00
1.303416923404618073e-04
0.000000000000000000e+00
0.000000000000000000e+00
0.000000000000000000e+00
0.000000000000000000e+00
0.000000000000000000e+00
0.000000000000000000e+00
0.000000000000000000e+00
2.600470221557643234e-04
0.000000000000000000e+00
1.930963255457379592e-04
3.824362072507817706e-02
0.000000000000000000e+00
4.503321063703782825e-04
2.724235420900420008e-05
1.704258245032111842e-04
0.000000000000000000e+00
0.000000000000000000e+00
2.724235420900420008e-05
1.141584366853509524e-04
4.883035434709339685e-03
0.000000000000000000e+00
6.587819321786296360e-04
5.271314192001092821e-05
1.299691910926747398e-04
5.260592536911151928e-05
2.512829061233434833e-04
0.000000000000000000e+00
2.255601696404339993e-04
0.000000000000000000e+00
1.377415139062245224e-04
0.000000000000000000e+00
0.000000000000000000e+00
7.832176835088707650e-05
2.002183308865576009e-04
5.902414379254474538e-04
1.034770905959186320e-03
1.870751771780463843e-04
0.000000000000000000e+00
8.172706262701261040e-05
0.000000000000000000e+00
0.000000000000000000e+00
1.412062026500050696e-04
2.476416591855561252e-04
1.338640215751456459e-04
2.784407342709334138e-04
0.000000000000000000e+00
2.869937636143565156e-04
0.000000000000000000e+00
0.000000000000000000e+00
5.903024989099029882e-04
0.000000000000000000e+00
1.690740514719669214e-04
0.000000000000000000e+00
0.000000000000000000e+00
1.356063853959319941e-04
9.458084947210614751e-05
0.000000000000000000e+00
2.715018083010156398e-04
0.000000000000000000e+00
2.724235420900420008e-05
8.172706262701261040e-05
0.000000000000000000e+00
0.000000000000000000e+00
5.415867928178147098e-05
0.000000000000000000e+00
5.107941414188287981e-05
2.840589212137410963e-04
1.452872487753913665e-04
1.687159689081993864e-03
5.029357700123850394e-05
0.000000000000000000e+00
5.365918253288697401e-05
0.000000000000000000e+00
0.000000000000000000e+00
1.453668742242106456e-04
2.724235420900420008e-05
4.418074188565753531e-04
0.000000000000000000e+00
1.713746912576963365e-04
0.000000000000000000e+00
0.000000000000000000e+00
0.000000000000000000e+00
4.994431604984103066e-05
0.000000000000000000e+00
1.833768166149535154e-04
0.000000000000000000e+00
0.000000000000000000e+00
1.528772070775706333e-03
2.724235420900420008e-05
0.000000000000000000e+00
0.000000000000000000e+00
2.724235420900420008e-05
0.000000000000000000e+00
6.959183211572889279e-05
0.000000000000000000e+00
0.000000000000000000e+00
2.530106771598808675e-04
4.575231304380109141e-04
2.891552169806783576e-04
6.204561301362774292e-04
5.049240627142696693e-04
0.000000000000000000e+00
2.724235420900420008e-05
0.000000000000000000e+00
2.724235420900420008e-05
2.724235420900420008e-05
3.883027443331317887e-04
1.529650904783658443e-04
0.000000000000000000e+00
2.724235420900420008e-05
2.724235420900420008e-05
0.000000000000000000e+00
8.172706262701261040e-05
0.000000000000000000e+00
2.724235420900420008e-05
2.724235420900420008e-05
3.685106969475956712e-04
3.883955325354444365e-04
2.724235420900420008e-05
0.000000000000000000e+00
1.766269496652676612e-04
5.360688311216196513e-05
0.000000000000000000e+00
1.421555574178946758e-04
5.312259070755814865e-05
6.810588552251050189e-05
0.000000000000000000e+00
3.043722118681784026e-04
3.980502696034068726e-04
0.000000000000000000e+00
0.000000000000000000e+00
2.014091386588231342e-04
5.379502856461587830e-05
0.000000000000000000e+00
9.614948544354421246e-05
9.245889913359002553e-05
4.436927263803614385e-04
1.237780811752702882e-04
2.183970181240376470e-04
0.000000000000000000e+00
0.000000000000000000e+00
0.000000000000000000e+00
1.148310085772253546e-04
0.000000000000000000e+00
0.000000000000000000e+00
5.059294353100781322e-05
0.000000000000000000e+00
0.000000000000000000e+00
2.724235420900420008e-05
4.767411986575735268e-05
0.000000000000000000e+00
1.070235343925164933e-04
1.309390573271491595e-04
2.278208641203976570e-04
0.000000000000000000e+00
0.000000000000000000e+00
4.670117864400721272e-05
0.000000000000000000e+00
0.000000000000000000e+00
2.856090905927075475e-03
4.358776673440671335e-05
0.000000000000000000e+00
2.724235420900420008e-05
2.518296195629972237e-04
0.000000000000000000e+00
0.000000000000000000e+00
0.000000000000000000e+00
0.000000000000000000e+00
0.000000000000000000e+00
4.540392368167366793e-05
4.903623757620757708e-05
0.000000000000000000e+00
2.810173542505298161e-02
0.000000000000000000e+00
4.061076926508332997e-03
5.448470841800840016e-05
1.593699445592144525e-04
4.843085192711857415e-05
0.000000000000000000e+00
1.572290624144111453e-04
1.416602418868218201e-04
0.000000000000000000e+00
7.663446037623035465e-05
3.350160940226351016e-04
6.538165010161008019e-05
0.000000000000000000e+00
1.157800053882678546e-04
1.345624071772572332e-04
2.615578711348618269e-04
5.400254285678699070e-05
5.325883351341101916e-05
0.000000000000000000e+00
0.000000000000000000e+00
5.448470841800840016e-05
5.639791393831667131e-05
1.879094152655640885e-04
2.453907444518762366e-04
1.548512765564449660e-04
0.000000000000000000e+00
2.888376328193327557e-04
0.000000000000000000e+00
1.250088463974776516e-04
2.561240877766612543e-04
4.365667105828249426e-04
0.000000000000000000e+00
0.000000000000000000e+00
0.000000000000000000e+00
2.724235420900420008e-05
0.000000000000000000e+00
8.756470995751351792e-05
7.083012094341091004e-05
2.724235420900420008e-05
0.000000000000000000e+00
5.265510189171398211e-05
1.536067807672207119e-04
0.000000000000000000e+00
3.131227788480883331e-03
1.541938783687510036e-04
1.802573924720160601e-04
1.608596153293581177e-04
4.981459055360770531e-05
1.659898414596391490e-04
2.239845932559740918e-02
0.000000000000000000e+00
1.035209459942159840e-04
1.394059121693638304e-04
0.000000000000000000e+00
0.000000000000000000e+00
0.000000000000000000e+00
1.080041108032265976e-04
0.000000000000000000e+00
2.657476684761872075e-04
2.944460326254328656e-04
7.197603269339248721e-04
5.332545930273167341e-05
0.000000000000000000e+00
1.157800053882678546e-04
9.807247515241511351e-05
2.724235420900420008e-05
2.724235420900420008e-05
7.973908611992303172e-05
6.356549315434311884e-05
0.000000000000000000e+00
1.049324075785976369e-03
1.371490004327081339e-04
1.376269582766576104e-04
1.638324912847057739e-04
0.000000000000000000e+00
0.000000000000000000e+00
7.636996514880577906e-04
2.078882924642655190e-04
2.631872041568663928e-04
2.724235420900420008e-05
2.724235420900420008e-05
0.000000000000000000e+00
3.529319712675898601e-04
0.000000000000000000e+00
1.570219027324547875e-04
0.000000000000000000e+00
7.705694476261186812e-05
1.025339041750491251e-04
5.448470841800840016e-05
0.000000000000000000e+00
2.982414594776601631e-04
0.000000000000000000e+00
7.083012094341091004e-05
1.300878247149990410e-04
2.724235420900420008e-05
1.345797698721272440e-04
0.000000000000000000e+00
1.353346002474866295e-03
0.000000000000000000e+00
8.144551103178677498e-04
0.000000000000000000e+00
3.632313894533893570e-05
1.595465439665754988e-04
1.044290244678494308e-04
0.000000000000000000e+00
9.837516797695968613e-05
3.755505394363305594e-04
9.262400431061428366e-05
5.448470841800840016e-05
2.724235420900420008e-05
0.000000000000000000e+00
1.277647361804948388e-04
4.953155310728036501e-05
2.500848116386585984e-04
9.956431835909869714e-05
2.795631284736216945e-04
0.000000000000000000e+00
1.661134979268090374e-04
4.149311214154718084e-04
5.213438766272172675e-05
2.273987467125525698e-04
0.000000000000000000e+00
5.448470841800840016e-05
0.000000000000000000e+00
2.561646132287950231e-04
1.014284173375823309e-04
0.000000000000000000e+00
0.000000000000000000e+00
9.444428186354711602e-05
3.947194543334210312e-03
9.988863209968206131e-05
1.144521686168318425e-02
2.436244819262375883e-04
0.000000000000000000e+00
4.358776673440671335e-05
5.823831826688679984e-04
4.935075831364392181e-04
5.919914742157782357e-04
0.000000000000000000e+00
4.086353131350630520e-05
0.000000000000000000e+00
0.000000000000000000e+00
1.007967105733155352e-04
0.000000000000000000e+00
1.616493477362523738e-04
3.062218708439505750e-04
7.264627789067788495e-05
0.000000000000000000e+00
2.724235420900420008e-05
0.000000000000000000e+00
4.086353131350630520e-05
4.193376665743145577e-04
7.718667025884522735e-05
7.735370810516577396e-05
0.000000000000000000e+00
0.000000000000000000e+00
0.000000000000000000e+00
1.543733405176904818e-04
7.264627789067787140e-05
1.319384605808634971e-04
1.954357234998101535e-04
2.724235420900420008e-05
8.172706262701261040e-05
1.245845690093998312e-04
1.469970462369902262e-03
1.089694168360168003e-04
0.000000000000000000e+00
2.724235420900420008e-05
4.741217490873691023e-04
0.000000000000000000e+00
9.988863209968208842e-05
0.000000000000000000e+00
0.000000000000000000e+00
1.263020926484086776e-04
0.000000000000000000e+00
1.381235152000386966e-04
0.000000000000000000e+00
1.758779691435698493e-04
5.448470841800840016e-05
2.724235420900420008e-05
7.991090567974564905e-05
2.724235420900420008e-05
2.575824014783932429e-04
1.017498027762435967e-04
0.000000000000000000e+00
0.000000000000000000e+00
2.128362974868550756e-04
1.232495412467503196e-03
0.000000000000000000e+00
1.931373687392270826e-03
0.000000000000000000e+00
0.000000000000000000e+00
0.000000000000000000e+00
0.000000000000000000e+00
0.000000000000000000e+00
8.172706262701261040e-05
0.000000000000000000e+00
0.000000000000000000e+00
0.000000000000000000e+00
0.000000000000000000e+00
0.000000000000000000e+00
0.000000000000000000e+00
0.000000000000000000e+00
0.000000000000000000e+00
0.000000000000000000e+00
0.000000000000000000e+00
2.724235420900420008e-05
4.447026692202054980e-03
0.000000000000000000e+00
6.356549315434311884e-05
5.235808120934624347e-05
4.351608840502713300e-04
3.095296135392847634e-04
1.250751402510038354e-04
0.000000000000000000e+00
1.069092192404662382e-04
5.448470841800840016e-05
0.000000000000000000e+00
1.573818679835278832e-04
0.000000000000000000e+00
0.000000000000000000e+00
2.341384371690705840e-04
0.000000000000000000e+00
0.000000000000000000e+00
2.226455407789614807e-04
4.575216646235339552e-04
1.665675371636256795e-04
0.000000000000000000e+00
7.151117979863602224e-05
0.000000000000000000e+00
4.086353131350630520e-05
0.000000000000000000e+00
0.000000000000000000e+00
0.000000000000000000e+00
1.790957769623619531e-04
0.000000000000000000e+00
0.000000000000000000e+00
5.129403327648606207e-04
0.000000000000000000e+00
1.006434177394251286e-04
0.000000000000000000e+00
0.000000000000000000e+00
1.199268970845275426e-04
1.588013701265242642e-04
5.189019849334135123e-05
5.322499614370572116e-05
0.000000000000000000e+00
8.052833880443849626e-05
1.689025960958260100e-04
0.000000000000000000e+00
1.024312518258557774e-04
0.000000000000000000e+00
5.415883736668933995e-04
1.390058586562008985e-04
0.000000000000000000e+00
0.000000000000000000e+00
4.843085192711860126e-05
2.567895940200208863e-04
2.724235420900420008e-05
2.802607436876328553e-04
2.116713234557994982e-04
1.461764983355840928e-04
1.707653252600964400e-04
0.000000000000000000e+00
2.022377155476659820e-04
0.000000000000000000e+00
0.000000000000000000e+00
7.024759215562333819e-03
2.032698737133390723e-04
8.172706262701261040e-05
1.796393331966857022e-05
1.793325259929877825e-04
8.666255518101015094e-04
0.000000000000000000e+00
1.064928391806528065e-04
1.044290244678494308e-04
0.000000000000000000e+00
5.379557890661036982e-04
3.501224617442702264e-04
1.331033485775834130e-04
5.255242082107334226e-05
1.610804896349524087e-03
2.724235420900420008e-05
2.724235420900420008e-05
2.724235420900420008e-05
5.393986133382843237e-05
3.613375359522286016e-04
0.000000000000000000e+00
1.539496907425894198e-03
9.913952954114344136e-04
3.270248747233802950e-04
3.349090407766243068e-04
1.409445917238560768e-03
1.541548554714027431e-04
1.022718312403029161e-03
0.000000000000000000e+00
1.603978651364715790e-04
1.434785712706286727e-04
3.204525528322741627e-03
1.674628391176121930e-02
0.000000000000000000e+00
8.097033056565144991e-05
2.140113586905563773e-04
6.356549315434311884e-05
6.944129504255970749e-05
0.000000000000000000e+00
1.865833603313414915e-04
1.224472131288925744e-04
4.767411986575735268e-05
1.121879529285403371e-03
1.647513802163587317e-04
6.630120164051970123e-04
9.052843860222933555e-05
0.000000000000000000e+00
3.424971679619316189e-04
1.529204149598769181e-04
6.356549315434311884e-05
1.935182712544125671e-04
5.371731815859983553e-05
1.789538273328295024e-04
1.509139939514677589e-04
0.000000000000000000e+00
0.000000000000000000e+00
0.000000000000000000e+00
0.000000000000000000e+00
0.000000000000000000e+00
0.000000000000000000e+00
2.748234637703591329e-04
3.549289576944547327e-04
1.519630830063662611e-04
5.448470841800840016e-05
2.724235420900420008e-05
2.061712343310196781e-04
0.000000000000000000e+00
0.000000000000000000e+00
9.985180857870692311e-05
3.335530787040033801e-04
0.000000000000000000e+00
0.000000000000000000e+00
0.000000000000000000e+00
4.835056855709764668e-04
4.953155310728036501e-05
8.773219322699817241e-04
2.724235420900420008e-05
2.724235420900420008e-05
1.016399986095885554e-04
7.718667025884522735e-05
2.724235420900420008e-05
2.724235420900420008e-05
7.083012094341091004e-05
1.748051061744436310e-04
9.655894981966282528e-04
5.782276079927542271e-03
8.708568180418941370e-04
2.724235420900420008e-05
1.182293779885356874e-03
6.686759669482848464e-05
5.448470841800840016e-05
0.000000000000000000e+00
2.062700252858434488e-04
1.060652018978196925e-04
0.000000000000000000e+00
1.532948584607303987e-04
0.000000000000000000e+00
2.724235420900420008e-05
6.810588552251050189e-05
1.307633002032201875e-04
2.895281466638508199e-04
2.723154375098475483e-04
0.000000000000000000e+00
0.000000000000000000e+00
0.000000000000000000e+00
9.080784736334733586e-05
0.000000000000000000e+00
0.000000000000000000e+00
0.000000000000000000e+00
0.000000000000000000e+00
1.420461977822688629e-04
2.724235420900420008e-05
0.000000000000000000e+00
4.540392368167366793e-05
2.724235420900420008e-05
0.000000000000000000e+00
0.000000000000000000e+00
5.448470841800840016e-05
2.385446026564938191e-02
5.161709218548167114e-05
2.724235420900420008e-05
2.724235420900420008e-05
2.724235420900420008e-05
1.307633002032201875e-04
7.255948056540629729e-04
1.490703797552325846e-04
5.739043252965317626e-04
7.119725226262911002e-05
0.000000000000000000e+00
0.000000000000000000e+00
7.718667025884524090e-05
3.463383057264700360e-03
1.180502015723515258e-04
3.086512946410916456e-04
5.448470841800840016e-05
0.000000000000000000e+00
5.448470841800840016e-05
5.381275523467464315e-05
7.394353285301138231e-05
1.271309863086862648e-04
5.530820460283535338e-04
0.000000000000000000e+00
7.784835131180450766e-05
2.690922578726645379e-04
7.329603643580855348e-04
2.666852353534481684e-04
0.000000000000000000e+00
0.000000000000000000e+00
2.724235420900420008e-05
5.427689738207756913e-05
1.816156947266946717e-04
0.000000000000000000e+00
4.358776673440671335e-05
0.000000000000000000e+00
0.000000000000000000e+00
1.607023723036207742e-04
2.724235420900420008e-05
6.538165010161006664e-05
1.113319320712391009e-04
1.295804085073028980e-04
5.448470841800840016e-05
2.725316466702364668e-04
0.000000000000000000e+00
1.440760014422615197e-04
0.000000000000000000e+00
0.000000000000000000e+00
3.993670889558943271e-04
1.069211195270692200e-04
0.000000000000000000e+00
0.000000000000000000e+00
8.053624909748608970e-05
0.000000000000000000e+00
0.000000000000000000e+00
0.000000000000000000e+00
0.000000000000000000e+00
8.251224326210930755e-05
0.000000000000000000e+00
1.309698124419681245e-04
2.724235420900420008e-05
7.742563827822251010e-05
0.000000000000000000e+00
0.000000000000000000e+00
5.448470841800840016e-05
1.043683389774114083e-04
3.632313894533893570e-05
5.329462993281681440e-05
5.024125969874600499e-04
2.285321216421485214e-03
0.000000000000000000e+00
0.000000000000000000e+00
7.796502323624528781e-05
0.000000000000000000e+00
2.724235420900420008e-05
1.700948711827884050e-03
1.583030368363381709e-04
0.000000000000000000e+00
1.904779579052031692e-04
2.724235420900420008e-05
9.389036390439448694e-04
8.899169041608038806e-05
2.399172052128366317e-02
0.000000000000000000e+00
1.662028814476310904e-04
0.000000000000000000e+00
1.052477571167063827e-04
1.460448048989349294e-03
0.000000000000000000e+00
0.000000000000000000e+00
0.000000000000000000e+00
0.000000000000000000e+00
4.639640109922085862e-04
4.843085192711857415e-05
1.264739904992778872e-04
5.141121204571050518e-05
3.343734309320996342e-04
1.020597136894501553e-04
0.000000000000000000e+00
1.053371029414829318e-04
8.172706262701261040e-05
2.724235420900420008e-05
1.323272569235829817e-03
9.988863209968208842e-05
1.186988290535182948e-04
8.002441548894983667e-05
0.000000000000000000e+00
0.000000000000000000e+00
7.488213497281747430e-05
3.126823852033639426e-04
0.000000000000000000e+00
2.724235420900420008e-05
0.000000000000000000e+00
4.379290256591033019e-04
0.000000000000000000e+00
7.211211408265817289e-05
1.423442490487796506e-04
3.641053108380090490e-03
0.000000000000000000e+00
0.000000000000000000e+00
2.895029663888020106e-04
5.325883351341101916e-05
1.555475799232509883e-04
5.297124429528596399e-05
0.000000000000000000e+00
7.083012094341091004e-05
0.000000000000000000e+00
9.213847092350553689e-04
1.065672766976799303e-04
4.767411986575735268e-05
0.000000000000000000e+00
4.008455418513373332e-04
2.351288345853882415e-03
5.308766461241839861e-05
2.724235420900420008e-05
7.815798220975515658e-05
0.000000000000000000e+00
0.000000000000000000e+00
0.000000000000000000e+00
0.000000000000000000e+00
0.000000000000000000e+00
6.188301967578634837e-04
2.724235420900420008e-05
2.724235420900420008e-05
0.000000000000000000e+00
1.963719699232386294e-04
1.448385165445390465e-04
3.632313894533893570e-05
2.724235420900420008e-05
0.000000000000000000e+00
1.978806713966238127e-04
2.724235420900420008e-05
0.000000000000000000e+00
0.000000000000000000e+00
2.085801187392492665e-04
0.000000000000000000e+00
2.724235420900420008e-05
8.172706262701261040e-05
5.448470841800840016e-05
0.000000000000000000e+00
0.000000000000000000e+00
0.000000000000000000e+00
2.957111487435846574e-04
3.632313894533893570e-05
7.510116800160222480e-05
0.000000000000000000e+00
0.000000000000000000e+00
0.000000000000000000e+00
5.396901046459132910e-05
2.724235420900420008e-05
0.000000000000000000e+00
1.826845335042728651e-04
0.000000000000000000e+00
0.000000000000000000e+00
8.964134339524128334e-05
0.000000000000000000e+00
2.724235420900420008e-05
0.000000000000000000e+00
0.000000000000000000e+00
4.737874992200291212e-04
0.000000000000000000e+00
4.746013118830850097e-04
4.009785605505626410e-04
2.529519939250245977e-04
1.061512422626714926e-04
1.209821385535462222e-02
3.075267742934956194e-03
1.827341894840332163e-04
5.372003940065456039e-05
3.441673064309036956e-04
2.504268096567946163e-04
1.339415748609373326e-04
2.747261118382480658e-04
0.000000000000000000e+00
2.705239970036516731e-03
3.147977477306529632e-04
8.034621841855067031e-03
5.448470841800840016e-05
1.402224509702355067e-04
6.515971000900031961e-04
1.365673047510071111e-02
1.017293317083986921e-04
0.000000000000000000e+00
5.448470841800840016e-05
4.574443225330999930e-04
5.339501424964824774e-05
0.000000000000000000e+00
0.000000000000000000e+00
3.632313894533893570e-05
1.236383767947113693e-04
2.724235420900420008e-05
1.369286751031527707e-04
4.086353131350630520e-05
3.369445563521376689e-03
0.000000000000000000e+00
2.724235420900420008e-05
1.476513581174688659e-04
5.386402478989497466e-05
0.000000000000000000e+00
0.000000000000000000e+00
0.000000000000000000e+00
0.000000000000000000e+00
0.000000000000000000e+00
4.086353131350630520e-05
1.022305186895789200e-04
0.000000000000000000e+00
0.000000000000000000e+00
0.000000000000000000e+00
5.318745345567484859e-05
1.161475609609289781e-04
2.282431657023874564e-04
7.945686644292893920e-05
0.000000000000000000e+00
0.000000000000000000e+00
0.000000000000000000e+00
6.810588552251050189e-05
0.000000000000000000e+00
0.000000000000000000e+00
1.415187231636581432e-04
3.715173481334372533e-04
0.000000000000000000e+00
2.724235420900420008e-05
2.118763711827203859e-04
9.639602258570716586e-05
0.000000000000000000e+00
2.724235420900420008e-05
8.475399087245750985e-05
5.384371184838472808e-05
0.000000000000000000e+00
0.000000000000000000e+00
0.000000000000000000e+00
0.000000000000000000e+00
0.000000000000000000e+00
1.075356087197533884e-04
1.089694168360168003e-04
0.000000000000000000e+00
0.000000000000000000e+00
2.724235420900420008e-05
2.447058352803307513e-04
4.086353131350630520e-05
4.903623757620757031e-05
0.000000000000000000e+00
0.000000000000000000e+00
0.000000000000000000e+00
0.000000000000000000e+00
0.000000000000000000e+00
0.000000000000000000e+00
8.783883709199515662e-04
2.199026847523422295e-03
0.000000000000000000e+00
0.000000000000000000e+00
1.017047890469490498e-04
2.724235420900420008e-05
1.203203977564351563e-04
2.724235420900420008e-05
0.000000000000000000e+00
2.409034518632022855e-04
2.724235420900420008e-05
2.724235420900420008e-05
2.724235420900420008e-05
5.298190249333326648e-05
0.000000000000000000e+00
0.000000000000000000e+00
0.000000000000000000e+00
0.000000000000000000e+00
7.689159670448369554e-05
1.608928782771102089e-04
0.000000000000000000e+00
2.886963592816475799e-04
0.000000000000000000e+00
5.448470841800840016e-05
6.715207590136137820e-04
2.724235420900420008e-05
6.356549315434311884e-05
0.000000000000000000e+00
0.000000000000000000e+00
0.000000000000000000e+00
2.646911236747818996e-04
0.000000000000000000e+00
0.000000000000000000e+00
2.457595579655319322e-03
8.043326701124535601e-05
0.000000000000000000e+00
2.724235420900420008e-05
2.724235420900420008e-05
2.724235420900420008e-05
2.724235420900420008e-05
0.000000000000000000e+00
0.000000000000000000e+00
1.743510669376268805e-04
8.172706262701261040e-05
0.000000000000000000e+00
0.000000000000000000e+00
2.751752492966324441e-04
1.426070913130226257e-04
9.080784736334732230e-05
0.000000000000000000e+00
0.000000000000000000e+00
0.000000000000000000e+00
1.048633228682827300e-04
0.000000000000000000e+00
7.960893700071420187e-05
0.000000000000000000e+00
1.081620036008579326e-04
0.000000000000000000e+00
0.000000000000000000e+00
0.000000000000000000e+00
2.171823752931536318e-04
0.000000000000000000e+00
8.093458967825352727e-05
0.000000000000000000e+00
1.252100510760000398e-04
0.000000000000000000e+00
0.000000000000000000e+00
5.273227627590845084e-05
0.000000000000000000e+00
1.014267171698555125e-04
0.000000000000000000e+00
2.724235420900420008e-05
9.410995090383268810e-05
0.000000000000000000e+00
3.233816653908701418e-04
0.000000000000000000e+00
5.127972556989027013e-05
4.358776673440671335e-05
2.724235420900420008e-05
0.000000000000000000e+00
0.000000000000000000e+00
7.870013438156769740e-05
8.617238024606324511e-04
0.000000000000000000e+00
4.650209278664159331e-04
1.209417346488641826e-04
0.000000000000000000e+00
0.000000000000000000e+00
5.448470841800840016e-05
0.000000000000000000e+00
6.356549315434311884e-05
4.156469657615887944e-04
5.409829204624935572e-05
4.343357021615468910e-04
4.086319680717875663e-04
3.561865910564180476e-03
1.100020669697598106e-03
6.810588552251050189e-05
7.585018379563460969e-05
9.988863209968208842e-05
0.000000000000000000e+00
1.045517377750972496e-04
1.669905929456263539e-04
0.000000000000000000e+00
1.502189734115940908e-04
0.000000000000000000e+00
1.087413605983463433e-04
0.000000000000000000e+00
2.724235420900420008e-05
0.000000000000000000e+00
0.000000000000000000e+00
0.000000000000000000e+00
1.422802402929578675e-04
0.000000000000000000e+00
0.000000000000000000e+00
3.632313894533893570e-05
2.022172174505223021e-04
0.000000000000000000e+00
0.000000000000000000e+00
1.391455630367599257e-04
7.954767429029225136e-05
3.950015264827893527e-04
6.624068041942409444e-05
0.000000000000000000e+00
2.078091454581329945e-04
9.246980759463553808e-04
2.789845530491168353e-04
7.705694476261190878e-05
0.000000000000000000e+00
0.000000000000000000e+00
0.000000000000000000e+00
3.809930744970107630e-04
5.400634641938222518e-05
2.724235420900420008e-05
9.340235728801442544e-05
7.663446037623035465e-05
0.000000000000000000e+00
0.000000000000000000e+00
1.216649680567671187e-04
0.000000000000000000e+00
0.000000000000000000e+00
0.000000000000000000e+00
4.086353131350630520e-05
2.724235420900420008e-05
4.478501137275403034e-03
2.724235420900420008e-05
8.028628897671599327e-05
0.000000000000000000e+00
3.459346566222755936e-04
6.356549315434311884e-05
2.724235420900420008e-05
2.540192964735568269e-04
0.000000000000000000e+00
0.000000000000000000e+00
0.000000000000000000e+00
0.000000000000000000e+00
0.000000000000000000e+00
0.000000000000000000e+00
0.000000000000000000e+00
0.000000000000000000e+00
0.000000000000000000e+00
5.094306886695096088e-04
2.724235420900420008e-05
2.471270703245381111e-04
2.416952839702068555e-04
2.560756546744092786e-04
0.000000000000000000e+00
0.000000000000000000e+00
1.236383767947113693e-04
2.724235420900420008e-05
0.000000000000000000e+00
0.000000000000000000e+00
2.724235420900420008e-05
1.021588282837657596e-04
7.983523247360947879e-05
0.000000000000000000e+00
0.000000000000000000e+00
0.000000000000000000e+00
0.000000000000000000e+00
0.000000000000000000e+00
2.724235420900420008e-05
0.000000000000000000e+00
0.000000000000000000e+00
1.044290244678494579e-04
7.083012094341091004e-05
8.102178140863153526e-05
0.000000000000000000e+00
2.327693197905372248e-04
0.000000000000000000e+00
0.000000000000000000e+00
1.963789203002726030e-04
5.448470841800840016e-05
0.000000000000000000e+00
0.000000000000000000e+00
1.565686950693318934e-04
2.724235420900420008e-05
8.172706262701261040e-05
0.000000000000000000e+00
7.264627789067788495e-05
0.000000000000000000e+00
2.724235420900420008e-05
0.000000000000000000e+00
9.357626470983178638e-03
3.387397020772493208e-04
1.207299336586968152e-03
3.489341429358249771e-04
4.555501229542593912e-04
0.000000000000000000e+00
5.363343176678183249e-05
1.290034582000544345e-04
0.000000000000000000e+00
0.000000000000000000e+00
1.401035359320216449e-04
1.746537597621713989e-04
1.581193464201593448e-04
0.000000000000000000e+00
0.000000000000000000e+00
1.715800731517851899e-03
1.071532598887498390e-04
1.886665311409128128e-03
1.954530809915856987e-04
6.980032172267291090e-04
2.724235420900420008e-05
0.000000000000000000e+00
1.220009325940036741e-04
1.205916790614514902e-04
0.000000000000000000e+00
0.000000000000000000e+00
0.000000000000000000e+00
0.000000000000000000e+00
2.724235420900420008e-05
7.450830791812853432e-05
1.122777779159645590e-03
0.000000000000000000e+00
2.166594356605985395e-04
1.407521634131883462e-04
0.000000000000000000e+00
0.000000000000000000e+00
5.145778017256350071e-05
0.000000000000000000e+00
1.469390716950867812e-04
6.772634807997018338e-05
9.974934247730385059e-05
5.442933777937086309e-05
7.718667025884522735e-05
3.632313894533893570e-05
0.000000000000000000e+00
0.000000000000000000e+00
2.679757977507775954e-04
0.000000000000000000e+00
1.421638820486689683e-04
1.952555586518444296e-04
0.000000000000000000e+00
1.676882741486797888e-04
4.670117864400721272e-05
0.000000000000000000e+00
7.809474873247872835e-05
1.826245945386487839e-03
6.803450546477408738e-05
9.845971168631124275e-05
6.703727797350216922e-04
5.434815526407847880e-05
6.069183333000005738e-04
5.188075597963221798e-04
0.000000000000000000e+00
4.659660066770059464e-03
0.000000000000000000e+00
1.407521634131883733e-04
0.000000000000000000e+00
0.000000000000000000e+00
0.000000000000000000e+00
1.616425380762154826e-04
1.772050278547606750e-04
4.576868125343568094e-04
0.000000000000000000e+00
0.000000000000000000e+00
0.000000000000000000e+00
5.400361433581179972e-05
1.291849733323810717e-04
3.298256066903119282e-04
7.581260414742620386e-05
9.840640269619035105e-05
0.000000000000000000e+00
1.074991945453722522e-04
2.724235420900420008e-05
5.200813076264441308e-05
0.000000000000000000e+00
1.089694168360168003e-04
0.000000000000000000e+00
5.464930131006194396e-04
0.000000000000000000e+00
1.788049756416387314e-04
4.592449406484864940e-04
0.000000000000000000e+00
5.387542072124266323e-05
4.437246352899466210e-04
0.000000000000000000e+00
2.020636294953785054e-04
6.810588552251050189e-05
4.903623757620757708e-05
0.000000000000000000e+00
1.043965791604947605e-03
1.056637897094364289e-04
0.000000000000000000e+00
1.876007573938243947e-04
0.000000000000000000e+00
0.000000000000000000e+00
1.035209459942159840e-04
2.724235420900420008e-05
1.951091911883088962e-04
0.000000000000000000e+00
1.054379812243232562e-04
2.724235420900420008e-05
0.000000000000000000e+00
0.000000000000000000e+00
5.448470841800840016e-05
2.724235420900420008e-05
1.219419664593521398e-04
2.465641213984191556e-04
8.515746544725677361e-04
2.724235420900420008e-05
3.080056127985066300e-04
0.000000000000000000e+00
2.638321683136721674e-04
1.236742913642418650e-04
2.025148537154650402e-04
0.000000000000000000e+00
2.724235420900420008e-05
0.000000000000000000e+00
2.724235420900420008e-05
3.978051624878905373e-03
2.521250211285398519e-04
1.089171783811567840e-04
0.000000000000000000e+00
0.000000000000000000e+00
0.000000000000000000e+00
0.000000000000000000e+00
5.334961032596662555e-05
5.267017303944437900e-04
2.724235420900420008e-05
0.000000000000000000e+00
2.724235420900420008e-05
0.000000000000000000e+00
1.504167128825731814e-04
1.555212146055734283e-04
2.243602457355845501e-04
0.000000000000000000e+00
0.000000000000000000e+00
1.203308594900023712e-04
8.445129804791300500e-05
1.223414983940504085e-04
5.427515184717011677e-05
2.724235420900420008e-05
0.000000000000000000e+00
9.988863209968210197e-05
0.000000000000000000e+00
0.000000000000000000e+00
3.777942682742624868e-04
2.724235420900420008e-05
0.000000000000000000e+00
5.225597700441024935e-05
0.000000000000000000e+00
9.379676677821035125e-05
3.501785641181457309e-04
5.289144420029985583e-04
5.428365783343984288e-05
2.802660379986947835e-04
4.382671943532117980e-04
7.491647407476155615e-05
1.352148168058830589e-04
6.163833531727694283e-04
3.141623017335877597e-04
0.000000000000000000e+00
2.344966367109045397e-03
7.264627789067788495e-05
1.558435628083350841e-04
0.000000000000000000e+00
2.679587649432665832e-03
9.534823973151470536e-05
2.724235420900420008e-05
0.000000000000000000e+00
0.000000000000000000e+00
1.037966867179448722e-04
0.000000000000000000e+00
1.822766805130112181e-04
9.220489116893729675e-05
0.000000000000000000e+00
9.039508442078666344e-05
2.669421584367812658e-04
3.571856173050183981e-04
2.724235420900420008e-05
2.228979114059987006e-03
2.724235420900420008e-05
2.724235420900420008e-05
0.000000000000000000e+00
0.000000000000000000e+00
0.000000000000000000e+00
0.000000000000000000e+00
0.000000000000000000e+00
9.534823973151470536e-05
0.000000000000000000e+00
6.672022107377903770e-04
1.170221882059739637e-04
0.000000000000000000e+00
0.000000000000000000e+00
5.161709218548167114e-05
0.000000000000000000e+00
6.174225839600117061e-04
1.040398479791493938e-04
1.455952486059001528e-04
7.900282720611220225e-05
4.407208760094689253e-04
1.187636918016349270e-04
0.000000000000000000e+00
1.820697339635113951e-04
6.356549315434311884e-05
7.365351435855833049e-05
4.546185588958059952e-04
0.000000000000000000e+00
0.000000000000000000e+00
0.000000000000000000e+00
0.000000000000000000e+00
2.724235420900420008e-05
7.952326610917934688e-05
0.000000000000000000e+00
1.517156782216318167e-04
0.000000000000000000e+00
1.235257792342607291e-04
0.000000000000000000e+00
0.000000000000000000e+00
0.000000000000000000e+00
3.825048009084431721e-04
1.380279279922879245e-04
0.000000000000000000e+00
7.964311313652352911e-05
0.000000000000000000e+00
0.000000000000000000e+00
1.978430737857376533e-03
0.000000000000000000e+00
0.000000000000000000e+00
0.000000000000000000e+00
8.853765117926365111e-05
2.724235420900420008e-05
0.000000000000000000e+00
0.000000000000000000e+00
0.000000000000000000e+00
0.000000000000000000e+00
2.840337114007080322e-04
2.002731279403976408e-04
1.251388945216284345e-04
0.000000000000000000e+00
0.000000000000000000e+00
2.724235420900420008e-05
4.128309093313381364e-04
1.546485158127308668e-04
1.471392095996671464e-04
0.000000000000000000e+00
1.040162615252885822e-04
0.000000000000000000e+00
4.294267366378452908e-04
7.264627789067788495e-05
2.724235420900420008e-05
8.399725881109629515e-05
0.000000000000000000e+00
1.233317086422648656e-04
0.000000000000000000e+00
1.713999236975984747e-04
0.000000000000000000e+00
1.737157446355609616e-04
1.998185404936202007e-04
4.670117864400721272e-05
0.000000000000000000e+00
1.053580117874496980e-03
0.000000000000000000e+00
0.000000000000000000e+00
0.000000000000000000e+00
4.086353131350630520e-05
0.000000000000000000e+00
0.000000000000000000e+00
0.000000000000000000e+00
0.000000000000000000e+00
3.632313894533893570e-05
1.599398896749482969e-04
1.114655838226946694e-02
0.000000000000000000e+00
0.000000000000000000e+00
2.244088927966721191e-04
7.593998625267052080e-05
1.044290244678494444e-04
0.000000000000000000e+00
8.296331101419890386e-04
5.107941414188287981e-05
1.523885958698325584e-03
0.000000000000000000e+00
0.000000000000000000e+00
2.724235420900420008e-05
0.000000000000000000e+00
0.000000000000000000e+00
3.035887420232228056e-03
0.000000000000000000e+00
0.000000000000000000e+00
5.263437715240315773e-05
4.875159314071615181e-04
1.086037476520034894e-04
7.179873798195329033e-05
6.686759669482848464e-05
2.724235420900420008e-05
7.548227681602551220e-05
2.303339115058816375e-03
7.083012094341091004e-05
0.000000000000000000e+00
6.134192685210562235e-04
0.000000000000000000e+00
3.371356408329362125e-04
1.688411168650917464e-04
0.000000000000000000e+00
0.000000000000000000e+00
2.724235420900420008e-05
0.000000000000000000e+00
3.632313894533893570e-05
0.000000000000000000e+00
1.121743996841349371e-04
1.549532636274131314e-04
7.264627789067788495e-05
5.272895621825169146e-04
2.724235420900420008e-05
5.374090031994361493e-05
7.687285668758955250e-05
4.176284699421627979e-03
0.000000000000000000e+00
4.670117864400721272e-05
7.907639870276473226e-04
8.510925896670339455e-03
4.670117864400721272e-05
7.130284700087529640e-05
2.724235420900420008e-05
5.318745345567484859e-05
5.385925030044816093e-05
0.000000000000000000e+00
0.000000000000000000e+00
0.000000000000000000e+00
0.000000000000000000e+00
2.735472457282426195e-04
0.000000000000000000e+00
7.913255270234554792e-05
2.591980584857226516e-02
5.359151647672950983e-05
1.530760855553569438e-04
5.561404259258520728e-03
9.913198872132322162e-05
0.000000000000000000e+00
2.724235420900420008e-05
0.000000000000000000e+00
0.000000000000000000e+00
1.089694168360168003e-04
8.956291127990509155e-04
0.000000000000000000e+00
3.559434805780763069e-04
1.751490752932442004e-04
0.000000000000000000e+00
0.000000000000000000e+00
0.000000000000000000e+00
2.885358649537631557e-04
2.275235886463012822e-04
0.000000000000000000e+00
0.000000000000000000e+00
2.724235420900420008e-05
0.000000000000000000e+00
0.000000000000000000e+00
0.000000000000000000e+00
2.189546594553252719e-04
4.489659003076534156e-04
5.127972556989027013e-05
0.000000000000000000e+00
0.000000000000000000e+00
2.165276708067063744e-04
2.724235420900420008e-05
1.324144351858063328e-04
0.000000000000000000e+00
2.724235420900420008e-05
0.000000000000000000e+00
2.724235420900420008e-05
0.000000000000000000e+00
2.724235420900420008e-05
0.000000000000000000e+00
0.000000000000000000e+00
3.464954828904031909e-03
2.724235420900420008e-05
1.573137850989797949e-04
1.561166569456820519e-04
1.577579966466879631e-04
5.448470841800840016e-05
7.521301639198598062e-05
0.000000000000000000e+00
0.000000000000000000e+00
7.865356625471470187e-05
4.906550819874286708e-04
0.000000000000000000e+00
1.669887164133211253e-03
0.000000000000000000e+00
2.724235420900420008e-05
0.000000000000000000e+00
0.000000000000000000e+00
2.724235420900420008e-05
0.000000000000000000e+00
7.139004284810202558e-05
0.000000000000000000e+00
0.000000000000000000e+00
0.000000000000000000e+00
4.086353131350630520e-05
0.000000000000000000e+00
0.000000000000000000e+00
9.748051905940539148e-04
5.086024385603644905e-04
7.627859178521178055e-05
0.000000000000000000e+00
0.000000000000000000e+00
1.059424885905719009e-04
6.810588552251048834e-05
0.000000000000000000e+00
1.997626137673311241e-04
0.000000000000000000e+00
6.538165010161008019e-05
0.000000000000000000e+00
1.072488470965008280e-04
0.000000000000000000e+00
2.724235420900420008e-05
0.000000000000000000e+00
0.000000000000000000e+00
0.000000000000000000e+00
0.000000000000000000e+00
0.000000000000000000e+00
0.000000000000000000e+00
0.000000000000000000e+00
0.000000000000000000e+00
0.000000000000000000e+00
0.000000000000000000e+00
0.000000000000000000e+00
0.000000000000000000e+00
0.000000000000000000e+00
0.000000000000000000e+00
1.511748454891029237e-04
0.000000000000000000e+00
7.639703680351155317e-05
9.801340923371771208e-05
1.131277801257452698e-04
8.023140396455748170e-05
1.777636180564229340e-04
0.000000000000000000e+00
1.024831420243491644e-04
0.000000000000000000e+00
0.000000000000000000e+00
2.724235420900420008e-05
0.000000000000000000e+00
8.172706262701261040e-05
0.000000000000000000e+00
2.724235420900420008e-05
0.000000000000000000e+00
0.000000000000000000e+00
0.000000000000000000e+00
1.508297461304743559e-03
9.786784923219806246e-05
0.000000000000000000e+00
9.039508442078650081e-05
0.000000000000000000e+00
2.724235420900420008e-05
1.238878489028524333e-04
2.724235420900420008e-05
0.000000000000000000e+00
2.724235420900420008e-05
5.211580805200805526e-05
2.724235420900420008e-05
2.724235420900420008e-05
1.127198965291003913e-04
1.616379683067581646e-04
1.749290939891386207e-04
0.000000000000000000e+00
8.976407900284905214e-05
5.357832096574074185e-05
0.000000000000000000e+00
0.000000000000000000e+00
1.970670888397234625e-04
0.000000000000000000e+00
7.523430154053313513e-05
2.724235420900420008e-05
5.448470841800840016e-05
0.000000000000000000e+00
6.593632487489874952e-04
1.343956140977540560e-04
6.771670903381047843e-05
1.641576580743437503e-04
5.314195987909342729e-03
2.309717338523123139e-04
0.000000000000000000e+00
0.000000000000000000e+00
2.160538064384366858e-04
2.321955911531963358e-04
1.460572530335846732e-04
1.026128675205825237e-04
0.000000000000000000e+00
1.698572426963125201e-04
2.724235420900420008e-05
1.978018986885380281e-04
0.000000000000000000e+00
0.000000000000000000e+00
1.241040580632413789e-04
3.149940852898192880e-04
1.193747671654710955e-04
0.000000000000000000e+00
2.471270703245381111e-04
3.632313894533893570e-05
4.348346889168377386e-04
0.000000000000000000e+00
0.000000000000000000e+00
0.000000000000000000e+00
0.000000000000000000e+00
6.810588552251050189e-05
1.213738441958004549e-04
0.000000000000000000e+00
3.587539234863799898e-04
1.055868530330412596e-04
2.724235420900420008e-05
0.000000000000000000e+00
3.316991911385508114e-04
1.753815685997968106e-04
2.724235420900420008e-05
5.248783933668512976e-05
0.000000000000000000e+00
1.061617018480682313e-04
1.056369986465729505e-04
1.837489744225143465e-04
8.172706262701261040e-05
1.243190673947712553e-04
4.716499785808702912e-04
2.044173237170766953e-04
4.953155310728036501e-05
5.029357700123850394e-05
5.275806381382393403e-04
8.603794065569013005e-05
2.724235420900420008e-05
1.048830637046661678e-04
7.567320613612281150e-05
0.000000000000000000e+00
0.000000000000000000e+00
3.282055054703839525e-04
0.000000000000000000e+00
9.685704704155188535e-05
0.000000000000000000e+00
1.169151034803097173e-04
0.000000000000000000e+00
0.000000000000000000e+00
0.000000000000000000e+00
2.724235420900420008e-05
0.000000000000000000e+00
2.226189023237143383e-04
2.920463461821570794e-02
0.000000000000000000e+00
6.356549315434311884e-05
1.210748537057017770e-03
1.652811222100216597e-03
1.182194904329466256e-03
0.000000000000000000e+00
