0.000000000000000000e+00
1.198663585196185007e-04
7.264627789067788495e-05
1.039666694940946304e-04
1.341102180060407118e-04
0.000000000000000000e+00
0.000000000000000000e+00
2.724235420900420008e-05
5.398939288693576808e-05
0.000000000000000000e+00
0.000000000000000000e+00
0.000000000000000000e+00
2.127916607569682540e-04
0.000000000000000000e+00
0.000000000000000000e+00
2.724235420900420008e-05
0.000000000000000000e+00
1.995178132068974313e-04
1.078561287855786424e-04
5.448470841800840016e-05
0.000000000000000000e+00
4.086353131350630520e-05
1.312722233038280241e-04
2.724235420900420008e-05
2.313074417732591281e-04
4.829737711818750715e-04
4.994431604984103066e-05
0.000000000000000000e+00
3.632313894533893570e-05
0.000000000000000000e+00
5.085239452347452488e-05
1.109409029958789358e-04
1.311524766919202245e-04
1.497491255211877014e-04
0.000000000000000000e+00
1.677512823167550164e-04
0.000000000000000000e+00
3.262051407370430544e-03
9.800984905078519399e-05
2.187060034169998810e-04
1.089694168360168003e-04
3.221400149054238484e-04
5.325902303895390250e-05
2.724235420900420008e-05
0.000000000000000000e+00
0.000000000000000000e+00
3.988537653029857952e-03
0.000000000000000000e+00
0.000000000000000000e+00
4.657317536494229478e-03
5.283365664776569015e-05
0.000000000000000000e+00
4.198435960096243971e-04
2.724235420900420008e-05
0.000000000000000000e+00
0.000000000000000000e+00
7.934444100814650163e-04
0.000000000000000000e+00
1.395656497281271718e-04
9.457333485008691471e-04
1.911505186998461341e-04
2.724235420900420008e-05
0.000000000000000000e+00
0.000000000000000000e+00
0.000000000000000000e+00
0.000000000000000000e+00
0.000000000000000000e+00
0.000000000000000000e+00
0.000000000000000000e+00
1.638138186753995110e-04
2.724235420900420008e-05
0.000000000000000000e+00
4.843085192711857415e-05
8.691608247634674891e-05
0.000000000000000000e+00
4.767411986575735268e-05
1.865757353089607146e-04
0.000000000000000000e+00
0.000000000000000000e+00
5.448470841800840016e-05
5.448470841800840016e-05
0.000000000000000000e+00
2.629889605457980898e-04
8.998388311525557697e-04
2.747039453958868491e-04
0.000000000000000000e+00
2.789969459663439906e-04
5.922431605549667837e-04
3.476381240959191361e-04
0.000000000000000000e+00
2.724235420900420008e-05
9.003663114677147301e-05
1.325794571504871082e-04
0.000000000000000000e+00
0.000000000000000000e+00
0.000000000000000000e+00
0.000000000000000000e+00
1.407777723335576199e-04
2.242423332314664672e-04
0.000000000000000000e+00
2.724235420900420008e-05
1.824333376060163780e-04
0.000000000000000000e+00
2.724235420900420008e-05
0.000000000000000000e+00
0.000000000000000000e+00
0.000000000000000000e+00
5.409805375360624425e-05
0.000000000000000000e+00
3.415564211243998587e-04
2.724235420900420008e-05
6.356549315434311884e-05
0.000000000000000000e+00
4.994431604984104421e-05
0.000000000000000000e+00
4.981459055360770531e-05
9.534823973151470536e-05
5.336787627227492121e-05
5.401411287046270656e-05
0.000000000000000000e+00
7.870755523791181764e-05
0.000000000000000000e+00
0.000000000000000000e+00
0.000000000000000000e+00
6.412431067657914656e-05
1.394843915181805550e-04
3.305036972877661047e-04
2.842202647857314940e-04
2.724235420900420008e-05
4.086353131350630520e-05
0.000000000000000000e+00
5.448470841800840016e-05
3.929778388472616470e-04
5.105267057507165184e-04
9.918568917218598710e-05
2.921876029867705540e-04
0.000000000000000000e+00
5.672799129988110624e-04
0.000000000000000000e+00
1.340162909792947895e-04
0.000000000000000000e+00
0.000000000000000000e+00
5.669842690072605636e-04
0.000000000000000000e+00
9.794178395769844369e-05
0.000000000000000000e+00
5.029357700123850394e-05
0.000000000000000000e+00
1.526078053201643389e-04
4.358776673440671335e-05
0.000000000000000000e+00
5.276426612627485113e-05
0.000000000000000000e+00
0.000000000000000000e+00
1.763604320707733641e-04
0.000000000000000000e+00
0.000000000000000000e+00
5.433502515312347447e-05
0.000000000000000000e+00
9.612659270891482004e-05
0.000000000000000000e+00
2.724235420900420008e-05
0.000000000000000000e+00
6.761120506719213918e-04
1.947976106525300868e-03
7.718667025884525445e-05
3.466081029861994584e-03
1.655493807598331160e-03
7.859248359098149105e-04
2.395474995056328434e-03
8.559901253746808256e-03
2.406407955128704210e-04
4.903623757620758386e-05
2.724235420900420008e-05
2.724235420900420008e-05
0.000000000000000000e+00
2.004621137346740422e-04
0.000000000000000000e+00
1.965577132473908994e-04
5.776711072303419891e-04
0.000000000000000000e+00
1.137543736642962640e-04
5.689912260646630242e-03
0.000000000000000000e+00
1.611839290699415496e-04
1.808729995097684614e-04
2.724235420900420008e-05
5.535028590882611283e-04
1.071532598887498119e-04
0.000000000000000000e+00
5.843178051540778460e-04
1.186988290535183219e-04
3.369387879858919826e-04
1.749386471264485353e-04
3.880588165334886543e-04
0.000000000000000000e+00
2.724235420900420008e-05
6.810588552251050189e-05
0.000000000000000000e+00
0.000000000000000000e+00
4.072529171732390866e-04
1.935435503642983653e-04
2.724235420900420008e-05
1.448041774425949104e-04
0.000000000000000000e+00
1.731835374715267153e-04
7.264627789067787140e-05
6.868375364209550020e-05
8.227190971119272727e-05
2.196854356723838386e-04
1.628054977728585196e-04
1.925822395731595490e-04
5.773857328832611609e-04
1.004061163196293713e-04
0.000000000000000000e+00
0.000000000000000000e+00
2.217992028814657322e-04
0.000000000000000000e+00
2.935571861834087594e-04
2.644950776236974083e-04
5.330025823500817350e-05
0.000000000000000000e+00
1.276783787622538672e-04
5.848258344241378300e-04
3.596584180730899864e-04
0.000000000000000000e+00
1.180502015723515529e-04
7.720354424634207101e-05
2.724235420900420008e-05
1.634541252540252208e-04
1.518255501277449709e-04
3.316308099054309042e-03
7.182676737716149704e-04
3.116419182467707548e-04
1.581125491312997296e-03
2.724235420900420008e-05
0.000000000000000000e+00
2.724235420900420008e-05
5.862568970755493210e-04
0.000000000000000000e+00
2.371554856175265126e-04
5.029357700123850394e-05
0.000000000000000000e+00
1.422727969559476474e-03
5.448470841800840016e-05
4.540392368167366793e-05
0.000000000000000000e+00
0.000000000000000000e+00
5.410369647102915113e-05
5.211580805200805526e-05
0.000000000000000000e+00
1.936018660883885936e-04
2.724235420900420008e-05
0.000000000000000000e+00
6.743025294819449383e-04
4.592998513530855038e-04
0.000000000000000000e+00
7.628973710838322930e-05
0.000000000000000000e+00
0.000000000000000000e+00
1.455982347357742809e-03
2.724235420900420008e-05
0.000000000000000000e+00
0.000000000000000000e+00
6.356549315434311884e-05
0.000000000000000000e+00
0.000000000000000000e+00
6.164858119673666649e-04
0.000000000000000000e+00
5.448470841800840016e-05
0.000000000000000000e+00
1.120998335717042412e-04
5.085239452347452488e-05
5.448470841800840016e-05
1.315800233335195077e-04
7.355435636431137240e-05
0.000000000000000000e+00
2.724235420900420008e-05
1.889762704299576576e-04
5.324641959032635580e-05
1.648963675356784203e-04
5.448470841800840016e-05
0.000000000000000000e+00
0.000000000000000000e+00
2.724235420900420008e-05
0.000000000000000000e+00
2.724235420900420008e-05
4.994431604984103066e-05
0.000000000000000000e+00
0.000000000000000000e+00
2.724235420900420008e-05
0.000000000000000000e+00
0.000000000000000000e+00
1.270768534637603856e-04
2.042860890481360599e-03
0.000000000000000000e+00
0.000000000000000000e+00
1.307633002032201875e-04
5.396580643307489551e-05
4.150605406543856550e-04
2.555712988107452003e-04
7.211211408265817289e-05
0.000000000000000000e+00
1.676371191431035371e-03
2.724235420900420008e-05
7.838432144625162915e-05
5.448470841800840016e-05
2.724235420900420008e-05
2.724235420900420008e-05
0.000000000000000000e+00
0.000000000000000000e+00
2.724235420900420008e-05
0.000000000000000000e+00
2.724235420900420008e-05
0.000000000000000000e+00
0.000000000000000000e+00
9.671035744196491621e-05
2.091074847240601518e-03
1.526494843461961501e-03
0.000000000000000000e+00
2.938231817567198752e-03
0.000000000000000000e+00
2.213070395175527642e-04
1.040741150913620253e-04
2.393759719245953346e-04
3.903798490107108533e-04
4.358776673440671335e-05
1.186280696919364563e-04
1.050402311327950158e-04
0.000000000000000000e+00
1.611452325440764324e-04
8.329873690830128083e-05
0.000000000000000000e+00
0.000000000000000000e+00
8.010218076442766552e-03
0.000000000000000000e+00
0.000000000000000000e+00
2.724235420900420008e-05
0.000000000000000000e+00
5.406879461329065133e-05
0.000000000000000000e+00
0.000000000000000000e+00
0.000000000000000000e+00
1.319879706617089099e-04
3.692852459442791694e-04
2.724235420900420008e-05
2.724235420900420008e-05
5.733559688917875489e-04
0.000000000000000000e+00
2.724235420900420008e-05
3.231831607942288421e-04
0.000000000000000000e+00
0.000000000000000000e+00
0.000000000000000000e+00
5.384371184838472808e-05
3.975370262599928228e-04
1.232097383543598768e-04
3.751129143904544496e-04
1.286039564080582209e-04
2.596860804930436204e-04
2.030897147698698581e-04
0.000000000000000000e+00
0.000000000000000000e+00
0.000000000000000000e+00
2.086075797816992435e-04
0.000000000000000000e+00
0.000000000000000000e+00
2.536373879132892972e-04
4.670117864400721272e-05
1.831689868526466573e-04
1.197338137321305742e-04
3.860326310767379140e-03
2.095263481867277403e-03
4.463937571697432520e-04
5.091502062510447151e-05
0.000000000000000000e+00
5.156588475275793962e-05
5.211580805200805526e-05
4.149918624504973829e-04
0.000000000000000000e+00
1.839725940683993761e-03
0.000000000000000000e+00
0.000000000000000000e+00
7.394353285301140941e-05
2.724235420900420008e-05
0.000000000000000000e+00
0.000000000000000000e+00
0.000000000000000000e+00
3.188045648619347930e-04
0.000000000000000000e+00
1.992011040643691070e-04
2.724235420900420008e-05
0.000000000000000000e+00
0.000000000000000000e+00
1.452925557813557428e-04
2.724235420900420008e-05
2.724235420900420008e-05
0.000000000000000000e+00
5.292800246320816403e-05
3.125787053054908111e-04
0.000000000000000000e+00
5.448470841800840016e-05
1.311535089902987844e-04
5.448470841800840016e-05
1.068640860148005163e-03
2.540044871627274246e-04
0.000000000000000000e+00
0.000000000000000000e+00
0.000000000000000000e+00
0.000000000000000000e+00
2.434475835222830260e-04
2.590559055227259814e-04
9.120253717289522957e-03
0.000000000000000000e+00
2.870176604162942764e-04
9.516846091794997631e-04
0.000000000000000000e+00
2.724235420900420008e-05
5.844784486539795001e-03
8.855879558688612395e-04
7.312421392943235560e-05
1.458513733035917434e-04
4.540392368167366793e-05
5.448470841800840016e-05
1.175482995860378284e-04
2.724235420900420008e-05
2.724235420900420008e-05
0.000000000000000000e+00
2.494850219913677934e-04
2.928584493093583895e-04
2.497215802492051872e-04
4.086353131350630520e-05
3.448655463486420265e-04
0.000000000000000000e+00
5.599602483111102520e-04
0.000000000000000000e+00
0.000000000000000000e+00
2.724235420900420008e-05
9.430045687732229907e-05
2.724235420900420008e-05
0.000000000000000000e+00
9.638604370138149783e-05
9.906310621456073003e-05
2.455794679133331895e-04
0.000000000000000000e+00
0.000000000000000000e+00
3.151845701380152323e-04
6.166846263915583531e-04
1.080781136185747444e-04
0.000000000000000000e+00
0.000000000000000000e+00
0.000000000000000000e+00
0.000000000000000000e+00
4.784806302578703476e-04
9.496870228897437329e-05
0.000000000000000000e+00
2.587669853047489324e-04
7.705694476261190878e-05
2.954959700114683408e-04
3.136813371666105025e-04
0.000000000000000000e+00
9.410995090383268810e-05
0.000000000000000000e+00
1.499493373797884644e-04
0.000000000000000000e+00
1.032655997724883694e-04
2.724235420900420008e-05
3.632313894533893570e-05
1.746304756987448537e-04
0.000000000000000000e+00
2.711262871277084967e-04
5.448470841800840016e-05
0.000000000000000000e+00
1.843399301475951205e-04
0.000000000000000000e+00
4.903623757620757708e-05
1.633383897622876172e-04
4.670117864400721272e-05
2.724235420900420008e-05
5.448470841800840016e-05
7.247231649726153821e-05
0.000000000000000000e+00
1.079271006749766410e-04
5.160235070759660713e-04
0.000000000000000000e+00
2.086929437586746306e-04
7.264627789067788495e-05
5.585422705175413982e-04
5.332545930273167341e-05
4.358776673440671335e-05
2.724235420900420008e-05
2.551592406329865467e-04
2.044790392140393017e-04
2.717159090319932438e-04
0.000000000000000000e+00
0.000000000000000000e+00
8.626745499517997991e-05
7.677390731628456848e-05
2.983896106635007561e-04
0.000000000000000000e+00
0.000000000000000000e+00
0.000000000000000000e+00
0.000000000000000000e+00
0.000000000000000000e+00
3.632313894533893570e-05
0.000000000000000000e+00
0.000000000000000000e+00
0.000000000000000000e+00
6.201572865153434384e-04
2.724235420900420008e-05
7.991090567974562194e-05
5.365918253288713664e-05
8.086222598545692291e-05
7.022003717952858212e-05
1.207675050310467015e-03
2.724235420900420008e-05
1.304773672954073500e-03
1.548922425026238645e-04
3.632313894533893570e-05
6.810588552251050189e-05
3.173829322824677553e-04
0.000000000000000000e+00
0.000000000000000000e+00
2.745460125894201445e-04
0.000000000000000000e+00
4.257989490728659966e-04
0.000000000000000000e+00
2.907902981040506396e-04
5.278206127994563998e-05
0.000000000000000000e+00
0.000000000000000000e+00
0.000000000000000000e+00
2.724235420900420008e-05
0.000000000000000000e+00
0.000000000000000000e+00
2.724235420900420008e-05
1.079287617563426431e-04
2.724235420900420008e-05
0.000000000000000000e+00
0.000000000000000000e+00
1.996346101591152291e-04
0.000000000000000000e+00
1.448268745128257332e-04
1.073644077506473579e-04
0.000000000000000000e+00
0.000000000000000000e+00
0.000000000000000000e+00
0.000000000000000000e+00
1.050037871774607556e-03
0.000000000000000000e+00
2.708283679784221639e-05
4.540392368167366793e-05
8.159733713077922408e-05
0.000000000000000000e+00
0.000000000000000000e+00
7.491647407476155615e-05
0.000000000000000000e+00
0.000000000000000000e+00
0.000000000000000000e+00
4.086353131350630520e-05
0.000000000000000000e+00
7.718667025884522735e-05
2.742185809332709531e-04
2.724235420900420008e-05
9.807247515241511351e-05
2.724235420900420008e-05
2.724235420900420008e-05
0.000000000000000000e+00
2.724235420900420008e-05
1.878223424690841567e-04
0.000000000000000000e+00
2.724235420900420008e-05
7.151117979863602224e-05
0.000000000000000000e+00
6.810588552251048834e-05
2.984863253476555426e-04
4.903623757620757708e-05
0.000000000000000000e+00
4.019353441663731010e-04
1.001802491205960795e-04
2.724235420900420008e-05
2.724235420900420008e-05
1.038614754218285198e-04
9.807247515241511351e-05
1.215059254412943399e-04
5.275110405925352043e-05
5.211580805200805526e-05
0.000000000000000000e+00
0.000000000000000000e+00
0.000000000000000000e+00
0.000000000000000000e+00
0.000000000000000000e+00
5.448470841800840016e-05
2.724235420900420008e-05
1.267098484658417705e-04
2.724235420900420008e-05
7.264627789067785784e-05
1.802535770162444744e-04
4.486930245730757875e-04
4.881482763784125494e-04
0.000000000000000000e+00
7.745909380093521802e-05
0.000000000000000000e+00
0.000000000000000000e+00
1.033887728471100462e-04
3.632313894533893570e-05
0.000000000000000000e+00
0.000000000000000000e+00
8.271815573722825178e-05
7.083012094341091004e-05
2.116891171182032772e-04
2.724235420900420008e-05
1.044290244678494308e-04
0.000000000000000000e+00
3.087307498340891411e-04
0.000000000000000000e+00
0.000000000000000000e+00
0.000000000000000000e+00
8.123074647704862439e-05
2.025014996202645443e-04
0.000000000000000000e+00
0.000000000000000000e+00
0.000000000000000000e+00
2.724235420900420008e-05
1.201868568044302791e-04
0.000000000000000000e+00
1.342305089207298521e-04
5.372003940065456039e-05
0.000000000000000000e+00
2.724235420900420008e-05
2.724235420900420008e-05
0.000000000000000000e+00
0.000000000000000000e+00
0.000000000000000000e+00
0.000000000000000000e+00
0.000000000000000000e+00
2.724235420900420008e-05
0.000000000000000000e+00
1.189582800459850539e-04
2.416492175229525887e-04
4.419017851195306099e-04
0.000000000000000000e+00
0.000000000000000000e+00
1.331183540555398454e-04
2.126493989781936937e-04
0.000000000000000000e+00
0.000000000000000000e+00
3.632313894533893570e-05
2.724235420900420008e-05
0.000000000000000000e+00
5.403729898790185797e-05
1.906964794630294649e-04
0.000000000000000000e+00
0.000000000000000000e+00
0.000000000000000000e+00
2.048265168282864871e-04
0.000000000000000000e+00
1.246606039695332833e-04
0.000000000000000000e+00
2.158217745908902550e-04
0.000000000000000000e+00
0.000000000000000000e+00
5.610458481210824251e-03
4.994431604984103066e-05
1.731252127115109961e-04
2.724235420900420008e-05
0.000000000000000000e+00
2.855704768066745654e-04
1.017047890469490227e-04
1.032846172061080360e-04
0.000000000000000000e+00
1.602331497535013159e-04
1.322492467964385648e-04
7.984827957811572953e-05
1.408111295478398940e-04
1.021588282837657596e-04
2.791693402049323777e-04
5.448470841800840016e-05
2.724235420900420008e-05
1.108492625450093150e-04
0.000000000000000000e+00
1.629799625625352874e-03
1.423501865219682291e-02
1.288439554149997050e-04
2.000162322187413512e-04
9.775192658110676454e-04
1.501792894691430320e-04
4.972669641513842789e-04
9.686170385423718897e-05
1.064974254355701485e-04
0.000000000000000000e+00
0.000000000000000000e+00
1.083207893548500449e-04
0.000000000000000000e+00
0.000000000000000000e+00
1.652275003887046696e-04
0.000000000000000000e+00
3.632313894533893570e-05
5.035109720048370607e-04
3.632313894533893570e-05
4.540392368167366793e-05
0.000000000000000000e+00
0.000000000000000000e+00
8.134415051598543021e-05
2.776298586722072796e-04
7.742563827822251010e-05
0.000000000000000000e+00
1.965112340589008581e-04
2.026205716161267548e-04
0.000000000000000000e+00
1.913018651121183933e-04
5.278206127994563998e-05
0.000000000000000000e+00
1.198139693769088621e-04
0.000000000000000000e+00
6.810588552251050189e-05
7.567320613612277085e-05
5.888925538752764121e-04
2.724235420900420008e-05
1.606185545413382635e-04
1.159777088246372550e-04
2.724235420900420008e-05
0.000000000000000000e+00
4.058428943397288016e-04
0.000000000000000000e+00
1.337841046053934850e-04
1.392386992904658897e-04
1.645384046289176546e-04
0.000000000000000000e+00
6.810588552251050189e-05
1.068006469569031505e-04
0.000000000000000000e+00
0.000000000000000000e+00
0.000000000000000000e+00
2.581221457026530199e-04
0.000000000000000000e+00
2.724235420900420008e-05
6.810588552251050189e-05
1.043509793007525531e-04
3.632313894533893570e-05
5.378618651521354169e-05
3.400406998376095794e-04
0.000000000000000000e+00
1.976816984909792016e-04
2.724235420900420008e-05
1.273980682126961005e-04
0.000000000000000000e+00
9.761843591559837656e-05
1.295308132373834285e-04
0.000000000000000000e+00
2.724235420900420008e-05
2.113663775866446990e-04
2.724235420900420008e-05
3.301795103417635839e-04
1.078182775311761039e-04
1.401714262200081231e-04
0.000000000000000000e+00
4.540392368167366793e-05
2.724235420900420008e-05
4.358776673440671335e-05
5.324641959032638290e-05
8.124489706579119416e-05
1.879123529485026041e-04
0.000000000000000000e+00
2.724235420900420008e-05
1.398440849395548994e-04
5.197938035997012158e-05
0.000000000000000000e+00
0.000000000000000000e+00
2.724235420900420008e-05
5.344102832800366499e-05
0.000000000000000000e+00
5.059294353100781322e-05
0.000000000000000000e+00
0.000000000000000000e+00
2.003272893428707270e-03
7.813021210003801746e-04
2.466085782147909829e-04
2.424569524601373960e-04
0.000000000000000000e+00
3.348470082155907170e-03
4.767411986575735268e-05
2.724235420900420008e-05
0.000000000000000000e+00
8.302431758934614842e-05
5.403066918119169709e-05
4.318412367871119731e-04
2.398879441287470407e-04
4.006369424637718510e-04
2.697914770916185097e-05
5.337277559315111477e-05
1.047376065773011422e-03
1.271984192443885572e-03
1.058601036507113031e-03
2.724235420900420008e-05
5.950756021895661470e-04
2.724235420900420008e-05
0.000000000000000000e+00
5.143773896396502954e-04
1.604431843056511667e-04
0.000000000000000000e+00
0.000000000000000000e+00
8.438452168172721124e-04
4.994431604984103066e-05
1.017793835188571505e-04
1.896395191375012889e-04
0.000000000000000000e+00
0.000000000000000000e+00
2.944555579241073034e-04
1.071715760078059405e-04
0.000000000000000000e+00
1.875429705818658691e-04
2.900148721501382473e-03
7.211211408265817289e-05
0.000000000000000000e+00
7.958089073788575515e-04
0.000000000000000000e+00
4.307276031862705690e-04
9.080784736334732230e-05
0.000000000000000000e+00
5.852981036326348552e-04
1.619384434682836409e-04
4.374553583056110437e-04
0.000000000000000000e+00
0.000000000000000000e+00
1.346983069222986015e-04
6.810588552251050189e-05
7.718667025884524090e-05
2.724235420900420008e-05
1.340463531463565827e-04
2.724235420900420008e-05
0.000000000000000000e+00
0.000000000000000000e+00
5.448470841800840016e-05
0.000000000000000000e+00
2.724235420900420008e-05
4.994431604984103066e-05
0.000000000000000000e+00
0.000000000000000000e+00
2.363012367773256511e-04
0.000000000000000000e+00
0.000000000000000000e+00
0.000000000000000000e+00
1.935372798225742919e-04
4.767411986575735268e-05
7.609071348032210331e-05
7.232196415009448012e-05
2.724235420900420008e-05
9.807247515241511351e-05
1.686277145632692452e-03
3.010430536825427130e-03
0.000000000000000000e+00
6.810588552251048834e-05
4.086353131350630520e-05
8.080315900418173422e-05
0.000000000000000000e+00
1.043362350528883849e-03
2.059786237138823797e-04
0.000000000000000000e+00
7.991090567974556773e-05
0.000000000000000000e+00
1.351086919884245639e-04
2.724235420900420008e-05
0.000000000000000000e+00
0.000000000000000000e+00
0.000000000000000000e+00
0.000000000000000000e+00
5.223866325715955912e-05
2.724235420900420008e-05
1.928099498681708570e-04
3.701864923715068975e-04
0.000000000000000000e+00
4.277599961403741216e-04
1.181567588142608277e-04
0.000000000000000000e+00
0.000000000000000000e+00
0.000000000000000000e+00
1.144178876778176302e-04
1.510281889305465188e-04
4.540392368167366793e-05
5.183871259715133132e-04
9.975890660344872919e-05
0.000000000000000000e+00
2.724235420900420008e-05
4.577126709547985409e-04
6.384579948355224681e-03
2.724235420900420008e-05
1.923439729320429122e-04
0.000000000000000000e+00
1.567921804995423679e-04
0.000000000000000000e+00
0.000000000000000000e+00
0.000000000000000000e+00
0.000000000000000000e+00
0.000000000000000000e+00
7.083012094341091004e-05
3.120696495158199768e-04
0.000000000000000000e+00
0.000000000000000000e+00
0.000000000000000000e+00
0.000000000000000000e+00
1.514220854783816848e-04
5.272713717871777185e-05
2.842401582060928144e-04
1.529319461150977551e-04
2.724235420900420008e-05
2.724235420900420008e-05
2.724235420900420008e-05
0.000000000000000000e+00
4.867672328987166256e-04
0.000000000000000000e+00
2.480706766350795379e-04
0.000000000000000000e+00
1.408188505341455635e-03
1.981417465183575599e-04
6.989001447725178874e-04
1.409219638289822168e-04
6.600040494296834960e-04
0.000000000000000000e+00
2.373280613796192168e-04
0.000000000000000000e+00
0.000000000000000000e+00
0.000000000000000000e+00
0.000000000000000000e+00
8.172706262701261040e-05
5.623232433914478277e-04
9.220489116893729675e-05
2.724235420900420008e-05
5.448470841800840016e-05
0.000000000000000000e+00
0.000000000000000000e+00
0.000000000000000000e+00
0.000000000000000000e+00
0.000000000000000000e+00
0.000000000000000000e+00
0.000000000000000000e+00
0.000000000000000000e+00
4.670117864400721272e-05
0.000000000000000000e+00
0.000000000000000000e+00
2.724235420900420008e-05
2.724235420900420008e-05
8.038029309598179696e-05
0.000000000000000000e+00
0.000000000000000000e+00
0.000000000000000000e+00
1.486221208178714961e-04
5.085239452347452488e-05
6.810588552251050189e-05
0.000000000000000000e+00
0.000000000000000000e+00
5.107941414188287981e-05
5.156588475275793962e-05
0.000000000000000000e+00
0.000000000000000000e+00
0.000000000000000000e+00
0.000000000000000000e+00
2.724235420900420008e-05
0.000000000000000000e+00
2.724235420900420008e-05
1.349206587332060520e-03
1.181137035635147520e-04
1.285147249351753485e-04
5.272713717871777185e-05
0.000000000000000000e+00
5.839994836169025774e-04
1.663767943222591635e-03
1.128611817230173873e-04
4.994431604984103066e-05
2.724235420900420008e-05
2.724235420900420008e-05
0.000000000000000000e+00
0.000000000000000000e+00
1.847240472027505617e-02
3.842098817125598909e-03
0.000000000000000000e+00
0.000000000000000000e+00
0.000000000000000000e+00
0.000000000000000000e+00
1.018822817594917766e-02
8.046579808140407342e-04
2.016572875475562167e-03
3.926491404453833650e-04
2.843659573801998221e-04
0.000000000000000000e+00
6.526242282374168993e-04
7.151117979863602224e-05
2.724235420900420008e-05
0.000000000000000000e+00
3.600590114091373911e-04
0.000000000000000000e+00
1.062483474120464675e-04
9.830679848864352227e-04
1.480007774873961200e-03
0.000000000000000000e+00
4.843085192711857415e-05
0.000000000000000000e+00
1.294173816500469583e-04
9.080784736334732230e-05
0.000000000000000000e+00
0.000000000000000000e+00
0.000000000000000000e+00
2.724235420900420008e-05
4.994431604984103066e-05
2.724235420900420008e-05
5.990749836577499840e-04
2.724235420900420008e-05
0.000000000000000000e+00
0.000000000000000000e+00
0.000000000000000000e+00
5.445665824734761962e-03
2.724235420900420008e-05
0.000000000000000000e+00
7.753394782950739006e-05
0.000000000000000000e+00
9.080784736334732230e-05
0.000000000000000000e+00
0.000000000000000000e+00
2.610312848753674922e-04
4.358776673440671335e-05
0.000000000000000000e+00
0.000000000000000000e+00
1.114342012644505307e-04
1.976640295455035865e-04
1.276741551259572298e-04
8.017035667221236749e-05
2.724235420900420008e-05
2.370679786194463692e-04
4.739213760289221703e-04
3.574378239361521072e-04
1.230446331773356729e-04
0.000000000000000000e+00
7.730576251768232960e-05
0.000000000000000000e+00
0.000000000000000000e+00
5.448470841800840016e-05
5.288221699394931821e-05
5.341638080196907092e-05
0.000000000000000000e+00
3.639074034282055122e-04
7.945686644292893920e-05
4.514637063387282674e-04
3.632313894533893570e-05
1.362117710450210038e-04
0.000000000000000000e+00
0.000000000000000000e+00
2.080329668816986233e-04
0.000000000000000000e+00
8.475399087245750985e-05
3.921370410851520208e-04
2.553823258741762378e-04
2.724235420900420008e-05
0.000000000000000000e+00
7.394353285301140941e-05
7.545645645283358290e-05
4.798864463778566673e-04
1.603606711130759355e-04
9.826198718169512646e-05
1.981983896958100771e-03
0.000000000000000000e+00
0.000000000000000000e+00
0.000000000000000000e+00
1.566962916440469821e-03
4.158767492026806817e-02
0.000000000000000000e+00
1.856736512409617882e-03
1.089694168360168003e-04
2.724235420900420008e-05
5.361987177645271267e-05
2.474513840651214889e-04
3.632313894533893570e-05
1.249687789301462003e-04
0.000000000000000000e+00
0.000000000000000000e+00
7.627859178521178055e-05
8.172706262701261040e-05
2.724235420900420008e-05
2.724235420900420008e-05
3.736364552971062759e-04
1.660568173560345202e-03
5.883106950281134957e-04
1.969661746257289625e-03
4.767411986575735268e-05
3.632313894533893570e-05
0.000000000000000000e+00
0.000000000000000000e+00
2.724235420900420008e-05
2.048304696581257876e-04
2.724235420900420008e-05
0.000000000000000000e+00
2.457840924414011357e-04
0.000000000000000000e+00
0.000000000000000000e+00
0.000000000000000000e+00
0.000000000000000000e+00
0.000000000000000000e+00
1.068802786824400464e-04
0.000000000000000000e+00
1.135098092041841834e-04
7.990419891703913035e-05
3.063043654020463757e-04
1.594055699234498736e-04
1.089694168360168003e-04
2.724235420900420008e-05
0.000000000000000000e+00
0.000000000000000000e+00
0.000000000000000000e+00
8.717553346881344025e-05
8.328647958233789846e-04
3.632313894533893570e-05
0.000000000000000000e+00
9.938251995240550397e-05
2.724235420900420008e-05
0.000000000000000000e+00
0.000000000000000000e+00
0.000000000000000000e+00
0.000000000000000000e+00
1.528797903965827898e-04
0.000000000000000000e+00
0.000000000000000000e+00
0.000000000000000000e+00
0.000000000000000000e+00
2.311454532124856715e-04
1.198663585196184736e-04
4.851503239466107599e-03
1.244068137045041685e-04
3.003070179631120462e-04
1.579518866078644698e-04
0.000000000000000000e+00
0.000000000000000000e+00
4.540392368167366793e-05
5.305090030174498144e-05
2.724235420900420008e-05
1.646098614931950548e-04
0.000000000000000000e+00
0.000000000000000000e+00
6.356549315434311884e-05
5.085239452347451811e-05
0.000000000000000000e+00
0.000000000000000000e+00
8.091385802375868097e-05
0.000000000000000000e+00
2.724235420900420008e-05
7.243989641939752163e-05
0.000000000000000000e+00
1.725349099903599598e-04
1.140803358447527974e-04
8.172706262701261040e-05
7.408468773748313986e-04
4.213896043785854677e-04
7.264627789067788495e-05
1.419240364990242455e-03
0.000000000000000000e+00
1.060326524106490139e-04
6.356549315434311884e-05
0.000000000000000000e+00
1.650595096348782232e-04
0.000000000000000000e+00
5.161709218548167114e-05
7.368779857058728672e-04
0.000000000000000000e+00
5.832247909863979337e-04
5.375824563910151668e-05
1.633896472066000030e-04
2.012021180104517143e-04
2.724235420900420008e-05
0.000000000000000000e+00
0.000000000000000000e+00
1.280390647823197116e-04
1.544593567025805245e-04
0.000000000000000000e+00
7.429732966092054752e-05
2.272436897200440914e-04
0.000000000000000000e+00
1.712978990665248386e-04
0.000000000000000000e+00
8.853765117926365111e-05
0.000000000000000000e+00
0.000000000000000000e+00
0.000000000000000000e+00
2.724235420900420008e-05
0.000000000000000000e+00
6.810588552251050189e-05
1.931413061228118592e-04
2.724235420900420008e-05
7.894941082531027306e-05
0.000000000000000000e+00
5.361067299090171181e-05
0.000000000000000000e+00
7.927942367718739027e-04
2.724235420900420008e-05
8.168755232359309023e-05
5.405623630779480296e-05
5.448470841800840016e-05
1.829129496890282097e-04
0.000000000000000000e+00
0.000000000000000000e+00
1.740195844241657205e-03
2.724235420900420008e-05
0.000000000000000000e+00
0.000000000000000000e+00
0.000000000000000000e+00
0.000000000000000000e+00
9.978371931068725684e-05
2.724235420900420008e-05
0.000000000000000000e+00
3.161253100181083526e-04
0.000000000000000000e+00
0.000000000000000000e+00
0.000000000000000000e+00
1.216241246115964183e-04
2.724235420900420008e-05
3.410413081085148196e-04
5.586790130588051989e-04
0.000000000000000000e+00
0.000000000000000000e+00
0.000000000000000000e+00
5.448470841800840016e-05
0.000000000000000000e+00
1.633162590889999488e-04
0.000000000000000000e+00
0.000000000000000000e+00
0.000000000000000000e+00
5.822619621688824784e-04
2.523124614886629639e-04
8.097842481211142826e-05
1.698457058912423881e-04
5.244566052129792004e-04
2.017500593915002877e-04
2.781813081673675586e-04
4.882727352073770646e-04
4.358776673440671335e-05
2.708221001037351461e-05
3.632313894533893570e-05
0.000000000000000000e+00
0.000000000000000000e+00
1.036598616892862000e-03
0.000000000000000000e+00
0.000000000000000000e+00
0.000000000000000000e+00
1.024812634107240972e-04
1.179231975900252224e-04
2.724235420900420008e-05
5.433695734601564985e-05
1.241636982371459145e-04
2.724235420900420008e-05
5.269020102375557621e-05
0.000000000000000000e+00
3.314486428762178924e-04
0.000000000000000000e+00
4.582949643411970519e-04
1.603237115070505728e-04
2.947129806184735552e-04
1.573886837455937748e-03
4.994431604984104421e-05
0.000000000000000000e+00
1.806816711538144907e-04
0.000000000000000000e+00
0.000000000000000000e+00
0.000000000000000000e+00
0.000000000000000000e+00
0.000000000000000000e+00
0.000000000000000000e+00
0.000000000000000000e+00
4.739984508787947574e-03
0.000000000000000000e+00
0.000000000000000000e+00
2.724235420900420008e-05
3.036959212544007667e-04
0.000000000000000000e+00
0.000000000000000000e+00
8.059196453497082901e-05
2.139432883880462938e-04
0.000000000000000000e+00
2.724235420900420008e-05
0.000000000000000000e+00
4.358776673440671335e-05
2.724235420900420008e-05
2.724235420900420008e-05
4.086353131350630520e-05
5.288221699394931821e-05
2.724235420900420008e-05
4.994431604984105098e-05
5.187840526641101591e-04
2.724235420900420008e-05
0.000000000000000000e+00
0.000000000000000000e+00
9.807247515241511351e-05
1.030241362556105246e-03
7.083012094341091004e-05
1.734495480603569706e-04
2.736815138114475016e-04
5.326615152986055991e-05
0.000000000000000000e+00
2.724235420900420008e-05
8.717553346881342670e-05
0.000000000000000000e+00
2.202738926042340124e-04
0.000000000000000000e+00
0.000000000000000000e+00
0.000000000000000000e+00
6.931415458023135710e-03
3.283493315640339562e-04
2.209873828335175085e-04
2.724235420900420008e-05
1.709133412874430441e-04
2.162620128501604403e-04
4.086353131350630520e-05
5.425186778374331407e-05
0.000000000000000000e+00
2.244190958712826269e-04
5.085239452347451811e-05
2.418221092254962045e-04
0.000000000000000000e+00
1.115387468815828815e-04
6.810588552251050189e-05
0.000000000000000000e+00
5.274648151625622918e-05
0.000000000000000000e+00
0.000000000000000000e+00
5.864162109843195324e-03
2.227819188647454614e-04
0.000000000000000000e+00
2.962431389753507750e-04
0.000000000000000000e+00
0.000000000000000000e+00
0.000000000000000000e+00
5.380515035087284200e-04
1.272008384989657920e-04
4.358776673440671335e-05
0.000000000000000000e+00
1.116936522569172085e-04
0.000000000000000000e+00
4.086353131350630520e-05
0.000000000000000000e+00
0.000000000000000000e+00
8.183905570322962683e-04
0.000000000000000000e+00
8.149933209745401541e-05
1.224954075177063463e-04
1.712376550280264218e-04
2.519778488493373543e-04
0.000000000000000000e+00
5.394924196206368804e-05
2.572306907042512828e-04
0.000000000000000000e+00
3.632313894533893570e-05
1.062451814151163922e-04
8.136139344299928597e-05
0.000000000000000000e+00
9.571438605064060471e-05
0.000000000000000000e+00
2.724235420900420008e-05
2.724235420900420008e-05
1.724217291950954408e-04
3.563350310337729324e-04
7.978118018351228983e-05
1.555384223329182988e-04
3.694611282913440927e-03
2.724235420900420008e-05
1.116936522569172085e-04
4.744380660231491739e-04
0.000000000000000000e+00
5.294440017613126753e-04
8.172706262701261040e-05
0.000000000000000000e+00
0.000000000000000000e+00
1.311038296308327368e-04
8.172706262701261040e-05
0.000000000000000000e+00
0.000000000000000000e+00
0.000000000000000000e+00
6.139091265610118267e-04
4.843085192711857415e-05
0.000000000000000000e+00
4.086353131350630520e-05
0.000000000000000000e+00
3.326835979284888632e-03
3.962154727471946898e-04
1.925229378333939082e-04
0.000000000000000000e+00
2.724235420900420008e-05
2.601130429134083087e-04
2.724235420900420008e-05
0.000000000000000000e+00
6.810588552251050189e-05
0.000000000000000000e+00
5.189019849334134446e-05
6.959183211572889279e-05
0.000000000000000000e+00
1.634397113099992965e-04
3.653241754619789006e-02
6.356549315434311884e-05
1.111994514209415329e-03
0.000000000000000000e+00
0.000000000000000000e+00
0.000000000000000000e+00
4.086353131350630520e-05
5.127972556989027013e-05
5.448470841800840016e-05
1.758563670429680618e-03
0.000000000000000000e+00
4.825748114630719668e-04
0.000000000000000000e+00
0.000000000000000000e+00
0.000000000000000000e+00
2.443698990761051008e-04
0.000000000000000000e+00
0.000000000000000000e+00
0.000000000000000000e+00
1.643178588661460961e-04
2.724235420900420008e-05
0.000000000000000000e+00
1.830052652642362768e-04
1.463966514525292628e-04
7.337450864616988601e-04
5.162501793563534442e-04
5.448470841800840016e-05
5.448470841800840016e-05
2.724235420900420008e-05
0.000000000000000000e+00
0.000000000000000000e+00
4.358776673440671335e-05
6.810588552251050189e-05
5.448470841800840016e-05
2.724235420900420008e-05
0.000000000000000000e+00
1.491280760476118106e-04
6.356549315434311884e-05
0.000000000000000000e+00
1.541821661021886393e-04
0.000000000000000000e+00
1.050378734215670498e-04
0.000000000000000000e+00
0.000000000000000000e+00
0.000000000000000000e+00
2.478667355099679415e-04
0.000000000000000000e+00
1.637135762464919393e-04
2.724235420900420008e-05
2.724235420900420008e-05
1.316713786768536343e-04
0.000000000000000000e+00
5.301513975921359452e-05
1.115958826013978825e-04
5.059294353100781322e-05
0.000000000000000000e+00
1.998638790476051270e-04
0.000000000000000000e+00
1.460893363554365866e-03
7.717782648718929828e-05
0.000000000000000000e+00
0.000000000000000000e+00
0.000000000000000000e+00
1.481564275283958328e-04
2.166534438465507679e-04
0.000000000000000000e+00
6.048053240471200093e-04
5.324641959032638290e-05
3.632313894533893570e-05
0.000000000000000000e+00
5.448470841800840016e-05
1.303359691568044016e-04
5.372304694005106259e-05
0.000000000000000000e+00
3.314866690034447413e-04
0.000000000000000000e+00
5.142247342749355337e-04
1.882032278485826259e-03
0.000000000000000000e+00
0.000000000000000000e+00
1.991492608034491497e-04
0.000000000000000000e+00
0.000000000000000000e+00
0.000000000000000000e+00
1.119963450814617133e-04
0.000000000000000000e+00
5.016052521022995592e-05
3.225395536496036440e-04
3.044638595800247690e-04
7.865356625471470187e-05
0.000000000000000000e+00
1.033330676893263068e-04
1.005336104810955337e-04
2.724235420900420008e-05
4.358776673440671335e-05
0.000000000000000000e+00
2.882553704738687159e-04
0.000000000000000000e+00
0.000000000000000000e+00
1.895233454180614307e-04
0.000000000000000000e+00
5.313403707487292617e-05
2.992947209350120172e-04
0.000000000000000000e+00
8.172706262701261040e-05
5.085239452347447745e-05
2.111546043259292585e-03
3.672660375395512102e-04
2.724235420900420008e-05
1.054048665280667580e-04
0.000000000000000000e+00
0.000000000000000000e+00
1.789784029894399611e-04
7.673846316298746481e-05
1.566751421494981728e-04
1.020769806035048396e-04
1.631165463865802011e-04
1.731947781274906868e-04
5.893053938720833147e-04
0.000000000000000000e+00
0.000000000000000000e+00
0.000000000000000000e+00
0.000000000000000000e+00
0.000000000000000000e+00
2.724235420900420008e-05
1.153209119113378649e-04
4.607449003906813573e-04
2.724235420900420008e-05
4.767411986575735268e-05
7.852207977889447360e-05
0.000000000000000000e+00
0.000000000000000000e+00
0.000000000000000000e+00
0.000000000000000000e+00
0.000000000000000000e+00
7.065642256130366553e-05
0.000000000000000000e+00
0.000000000000000000e+00
5.448470841800840016e-05
0.000000000000000000e+00
0.000000000000000000e+00
2.724752777518535223e-04
0.000000000000000000e+00
0.000000000000000000e+00
7.491647407476155615e-05
0.000000000000000000e+00
4.903623757620757031e-05
0.000000000000000000e+00
0.000000000000000000e+00
3.812955440621618435e-03
2.724235420900420008e-05
0.000000000000000000e+00
4.717763182319473897e-04
2.731794560626881786e-04
0.000000000000000000e+00
2.724235420900420008e-05
0.000000000000000000e+00
0.000000000000000000e+00
0.000000000000000000e+00
2.143065197774997050e-04
5.448470841800840016e-05
0.000000000000000000e+00
2.862386536523412600e-02
5.244845117306824885e-05
4.145678579469648344e-03
0.000000000000000000e+00
3.063558215685075240e-04
0.000000000000000000e+00
2.724235420900420008e-05
3.279947624239373696e-04
0.000000000000000000e+00
2.724235420900420008e-05
2.724235420900420008e-05
3.434584981372830405e-04
3.952103118246900440e-04
1.472488867695169717e-04
1.543733405176904818e-04
2.724235420900420008e-05
2.644043723247867087e-04
1.501825971806223148e-04
2.724235420900420008e-05
0.000000000000000000e+00
0.000000000000000000e+00
0.000000000000000000e+00
0.000000000000000000e+00
8.081898415337908229e-05
5.312259070755822319e-05
1.331493363098935304e-04
0.000000000000000000e+00
1.225905939405188953e-04
0.000000000000000000e+00
1.040162615252887719e-04
1.278024527856688156e-04
4.763765913916449455e-04
0.000000000000000000e+00
0.000000000000000000e+00
0.000000000000000000e+00
1.245613360889292586e-04
5.445511324776430840e-05
0.000000000000000000e+00
1.714871271361675129e-04
3.632313894533893570e-05
7.718667025884525445e-05
1.359732857893191922e-04
2.657014027397682616e-04
0.000000000000000000e+00
3.810959728260121093e-03
2.724235420900420008e-05
5.448470841800840016e-05
2.028845231210011247e-04
2.724235420900420008e-05
1.016139811995856292e-04
2.189332379308514889e-02
0.000000000000000000e+00
3.090137629393908264e-04
2.054623154747633161e-04
0.000000000000000000e+00
5.238914270962349948e-05
2.655500563274960837e-04
1.301579145541312049e-04
0.000000000000000000e+00
1.450951474175222870e-04
5.253882597450809313e-05
4.300775086936251012e-04
0.000000000000000000e+00
1.267182233661255653e-04
8.069600362239000041e-05
1.062451814151163380e-04
0.000000000000000000e+00
1.243418881396691838e-04
2.724235420900420008e-05
7.264627789067785784e-05
7.681710343818021485e-05
1.742890459184378866e-03
1.043456051854945501e-04
2.023747313921823434e-04
9.523749845424232818e-05
0.000000000000000000e+00
2.409434883374149395e-04
9.768058646220253126e-04
3.717540650342990912e-04
0.000000000000000000e+00
2.724235420900420008e-05
5.448470841800840016e-05
0.000000000000000000e+00
1.238984979184086510e-03
0.000000000000000000e+00
3.170574285312537056e-04
0.000000000000000000e+00
5.369716784374223902e-05
0.000000000000000000e+00
2.322463315620162581e-04
0.000000000000000000e+00
0.000000000000000000e+00
0.000000000000000000e+00
0.000000000000000000e+00
1.057526775108853253e-04
5.448470841800840016e-05
2.494134821956508997e-04
1.296560004317997986e-04
1.084157036170240937e-03
0.000000000000000000e+00
2.195860457869967472e-04
0.000000000000000000e+00
0.000000000000000000e+00
4.743110971027717252e-04
1.035209459942159840e-04
0.000000000000000000e+00
1.643193602965851931e-04
1.496939323018741178e-03
2.921680511871239689e-04
1.533696748363061544e-04
1.494579766358497769e-04
2.724235420900420008e-05
1.267499743617070429e-04
0.000000000000000000e+00
4.086353131350630520e-05
0.000000000000000000e+00
3.869447359544355368e-04
0.000000000000000000e+00
2.724235420900420008e-05
6.889312664166127777e-04
2.724235420900420008e-05
9.080784736334732230e-05
0.000000000000000000e+00
0.000000000000000000e+00
0.000000000000000000e+00
2.534172484558529811e-04
1.070863047939197015e-04
7.567320613612277085e-05
0.000000000000000000e+00
9.080784736334732230e-05
4.571482387409654680e-03
2.724235420900420008e-05
1.058116329059419561e-02
4.381880763430056475e-04
5.145778017256350071e-05
8.561882751401322445e-05
2.814833483597100391e-03
3.029664192554674734e-04
7.809474873247872835e-05
0.000000000000000000e+00
0.000000000000000000e+00
0.000000000000000000e+00
2.724235420900420008e-05
9.262400431061429721e-05
0.000000000000000000e+00
3.309240298946660255e-04
1.676838591970021336e-04
1.431653467600290590e-04
0.000000000000000000e+00
0.000000000000000000e+00
0.000000000000000000e+00
2.724235420900420008e-05
5.774898448657222365e-04
2.697213876046708004e-04
5.176047299710797168e-05
0.000000000000000000e+00
7.627859178521176700e-05
0.000000000000000000e+00
6.810588552251050189e-05
2.244592467721838371e-04
0.000000000000000000e+00
2.724235420900420008e-05
1.664810534994701338e-04
9.988863209968208842e-05
1.850143187202125494e-04
1.471336095410311117e-03
2.724235420900420008e-05
0.000000000000000000e+00
1.551788208193831495e-04
2.847474642322106323e-04
0.000000000000000000e+00
2.724235420900420008e-05
1.214351211782684748e-04
0.000000000000000000e+00
1.991942386728363273e-04
0.000000000000000000e+00
5.562166621122001386e-04
0.000000000000000000e+00
1.838509648156385929e-04
2.013339701541644604e-04
1.355631435638542483e-04
9.080784736334732230e-05
0.000000000000000000e+00
3.486266572228997386e-04
0.000000000000000000e+00
0.000000000000000000e+00
1.012066232346870635e-04
1.521031443336067835e-04
4.402434419143837685e-04
1.738062198534468179e-04
2.219961133681570917e-03
2.724235420900420008e-05
0.000000000000000000e+00
0.000000000000000000e+00
7.567320613612277085e-05
2.724235420900420008e-05
2.142239671889875218e-04
3.422730818649645491e-04
7.627859178521178055e-05
0.000000000000000000e+00
5.029357700123850394e-05
0.000000000000000000e+00
0.000000000000000000e+00
1.558857140519612791e-04
5.141708197766674661e-05
2.724235420900420008e-05
0.000000000000000000e+00
0.000000000000000000e+00
3.460449649736691956e-03
0.000000000000000000e+00
2.724235420900420008e-05
0.000000000000000000e+00
5.013623347515098116e-04
4.495171390698328787e-04
0.000000000000000000e+00
0.000000000000000000e+00
2.724235420900420008e-05
9.315557610344574928e-05
0.000000000000000000e+00
5.448470841800840016e-05
0.000000000000000000e+00
2.724235420900420008e-05
6.810588552251050189e-05
0.000000000000000000e+00
0.000000000000000000e+00
4.767411986575735268e-05
1.843399301475950663e-04
4.169297073655301019e-04
2.724235420900420008e-05
0.000000000000000000e+00
0.000000000000000000e+00
6.810588552251050189e-05
0.000000000000000000e+00
1.283574192658952810e-04
5.421498213871149026e-05
0.000000000000000000e+00
0.000000000000000000e+00
5.310398109625959543e-05
4.960905879944720433e-04
0.000000000000000000e+00
1.108541344076412053e-04
1.015396838699247510e-04
1.626910340997113542e-04
4.540392368167367470e-05
0.000000000000000000e+00
0.000000000000000000e+00
1.245760794709320810e-04
0.000000000000000000e+00
4.670117864400721272e-05
1.754713243932585532e-04
0.000000000000000000e+00
2.724235420900420008e-05
5.374842857452171802e-05
3.439887741787753814e-04
2.351167702611754295e-04
5.304282705784692958e-05
6.356549315434311884e-05
8.445129804791300500e-05
6.810588552251050189e-05
2.147281276402581394e-04
2.724235420900420008e-05
2.898330630237541585e-04
2.724235420900420008e-05
5.423928180351254581e-05
0.000000000000000000e+00
2.724235420900420008e-05
0.000000000000000000e+00
6.356549315434311884e-05
6.908063110777694187e-03
1.371198495186545048e-04
6.538165010161006664e-05
1.020416289705475005e-04
4.358776673440671335e-05
1.140630574151137991e-03
0.000000000000000000e+00
1.390657319621547441e-04
1.189582800459849997e-04
0.000000000000000000e+00
3.732010969481994482e-04
9.262400431061429721e-05
3.632313894533893570e-05
2.724235420900420008e-05
7.888409709605660345e-04
0.000000000000000000e+00
0.000000000000000000e+00
0.000000000000000000e+00
0.000000000000000000e+00
4.148405370912678692e-04
0.000000000000000000e+00
1.312054686491091835e-03
3.607870551641176315e-04
1.453169294596071148e-04
1.508093432254718736e-04
4.293422653171103005e-03
0.000000000000000000e+00
7.542349639718975334e-04
0.000000000000000000e+00
8.163834138375629932e-05
5.873434047322170781e-04
2.673539423136336250e-03
1.856723885149174150e-02
0.000000000000000000e+00
2.164794218394083738e-04
5.266855147074143203e-05
3.266779194167092597e-04
0.000000000000000000e+00
4.086353131350630520e-05
9.119306233073001203e-04
2.724235420900420008e-05
0.000000000000000000e+00
1.220964122674333963e-03
3.782145911374607938e-04
5.868510499679846070e-04
2.724235420900420008e-05
7.852207977889447360e-05
2.527210440877902440e-04
0.000000000000000000e+00
7.264627789067787140e-05
7.534287872452097464e-05
2.406407955128704753e-04
1.183528943968960306e-04
1.400730786416015845e-04
0.000000000000000000e+00
0.000000000000000000e+00
1.861939436644747387e-04
0.000000000000000000e+00
0.000000000000000000e+00
0.000000000000000000e+00
9.080784736334732230e-05
4.927223556448681726e-04
9.769146320543585092e-05
0.000000000000000000e+00
0.000000000000000000e+00
6.538165010161006664e-05
0.000000000000000000e+00
0.000000000000000000e+00
1.295957707371199951e-04
4.047239954196447768e-04
0.000000000000000000e+00
0.000000000000000000e+00
2.675779938189202416e-04
5.526626900427884142e-04
0.000000000000000000e+00
2.792764324345429409e-04
2.724235420900420008e-05
1.100521813117324017e-04
0.000000000000000000e+00
1.669127197883857317e-04
5.406559527633123029e-05
0.000000000000000000e+00
1.618826473897924830e-04
4.086353131350630520e-05
1.206982248767743925e-03
7.580799058606460007e-03
5.157519837812852247e-04
5.417688520660725863e-05
1.404773487069143918e-03
0.000000000000000000e+00
8.036494491656235889e-05
0.000000000000000000e+00
1.229573179394862436e-04
1.180502015723515258e-04
0.000000000000000000e+00
7.824931528118233529e-05
0.000000000000000000e+00
0.000000000000000000e+00
4.358776673440671335e-05
8.761020174509722216e-04
0.000000000000000000e+00
5.749610786951035203e-04
2.724235420900420008e-05
0.000000000000000000e+00
2.724235420900420008e-05
0.000000000000000000e+00
2.724235420900420008e-05
0.000000000000000000e+00
2.724235420900420008e-05
0.000000000000000000e+00
0.000000000000000000e+00
6.356549315434311884e-05
4.670117864400721272e-05
0.000000000000000000e+00
3.785917350629596726e-04
0.000000000000000000e+00
0.000000000000000000e+00
1.438811109824137161e-04
2.284844633328840177e-02
2.724235420900420008e-05
0.000000000000000000e+00
6.356549315434311884e-05
0.000000000000000000e+00
1.338614502897343304e-04
6.100474653623522321e-04
5.266855147074143203e-05
1.818485353609596629e-04
0.000000000000000000e+00
0.000000000000000000e+00
3.084346023868196336e-04
1.240923484762182765e-04
3.588521842530997992e-03
1.580056544122244045e-04
1.952386072833775326e-04
4.953155310728036501e-05
5.403903136911954370e-05
1.162340446250845915e-04
0.000000000000000000e+00
2.724235420900420008e-05
7.009667294547621344e-05
9.534823973151470536e-05
0.000000000000000000e+00
0.000000000000000000e+00
6.444173520038716822e-04
1.113224965060623543e-03
2.724235420900420008e-05
0.000000000000000000e+00
2.898805240635616534e-04
1.871756540409033956e-04
5.409583876514501585e-05
2.681697971883197648e-04
5.448470841800840016e-05
0.000000000000000000e+00
2.724235420900420008e-05
0.000000000000000000e+00
8.123375445371541629e-05
4.903623757620757708e-05
0.000000000000000000e+00
8.114898786765658970e-05
0.000000000000000000e+00
0.000000000000000000e+00
5.162130466367803334e-04
0.000000000000000000e+00
4.086353131350630520e-05
1.048008080560767623e-04
8.172706262701261040e-05
0.000000000000000000e+00
3.859333512942258928e-04
0.000000000000000000e+00
0.000000000000000000e+00
2.724235420900420008e-05
0.000000000000000000e+00
0.000000000000000000e+00
0.000000000000000000e+00
2.724235420900420008e-05
2.724235420900420008e-05
0.000000000000000000e+00
0.000000000000000000e+00
0.000000000000000000e+00
7.677390731628452782e-05
0.000000000000000000e+00
1.004960424499386462e-04
0.000000000000000000e+00
9.481277327556998646e-05
1.856378552754097376e-04
2.724235420900420008e-05
1.412762214050154470e-03
9.945580641646971972e-04
6.356549315434311884e-05
0.000000000000000000e+00
0.000000000000000000e+00
0.000000000000000000e+00
0.000000000000000000e+00
1.462705304845947655e-03
1.008917420414865454e-04
1.747431530510402291e-04
4.134932154590462410e-04
1.114287960354407210e-04
3.396880501025693281e-04
0.000000000000000000e+00
2.419014757814864219e-02
0.000000000000000000e+00
6.065020160910527267e-04
0.000000000000000000e+00
0.000000000000000000e+00
4.170340562472618856e-04
0.000000000000000000e+00
4.540392368167366793e-05
2.724235420900420008e-05
0.000000000000000000e+00
1.069355681451845605e-03
0.000000000000000000e+00
7.491647407476155615e-05
1.247085414982483263e-04
4.092639828475784307e-04
0.000000000000000000e+00
2.313266825415960103e-04
0.000000000000000000e+00
4.086353131350630520e-05
3.632313894533893570e-05
1.131316736165702882e-03
0.000000000000000000e+00
2.724235420900420008e-05
2.719199681719411334e-04
2.724235420900420008e-05
2.724235420900420008e-05
0.000000000000000000e+00
3.144930035858009261e-04
2.724235420900420008e-05
2.724235420900420008e-05
2.724235420900420008e-05
2.492810837839731547e-04
2.724235420900420008e-05
2.145095454524991016e-04
8.915679559310465973e-05
4.528713760758481567e-03
5.448470841800840016e-05
5.288221699394931821e-05
4.723938677670693441e-04
2.724235420900420008e-05
7.718667025884522735e-05
0.000000000000000000e+00
6.356549315434314594e-05
8.146938431239737820e-05
0.000000000000000000e+00
3.764621147409261668e-04
8.051049816472877435e-05
0.000000000000000000e+00
4.903623757620757708e-05
1.954845295967331674e-04
2.409040577295293913e-03
5.405494429661730104e-05
1.840372373230506292e-04
0.000000000000000000e+00
1.337351933896572945e-04
0.000000000000000000e+00
9.744137814371236508e-05
0.000000000000000000e+00
0.000000000000000000e+00
2.612001990262151113e-04
0.000000000000000000e+00
7.083012094341091004e-05
1.214231499219850432e-04
0.000000000000000000e+00
2.714845406783527345e-04
2.724235420900420008e-05
0.000000000000000000e+00
1.031983113468247428e-04
3.854376599985698238e-04
0.000000000000000000e+00
0.000000000000000000e+00
0.000000000000000000e+00
4.292734602630966052e-04
0.000000000000000000e+00
0.000000000000000000e+00
2.725604046926946447e-04
7.394353285301140941e-05
0.000000000000000000e+00
2.724235420900420008e-05
0.000000000000000000e+00
3.149826087722942401e-04
0.000000000000000000e+00
9.764233271753611026e-05
0.000000000000000000e+00
0.000000000000000000e+00
0.000000000000000000e+00
0.000000000000000000e+00
1.740091316123888005e-04
0.000000000000000000e+00
7.816191812170911093e-05
0.000000000000000000e+00
0.000000000000000000e+00
0.000000000000000000e+00
0.000000000000000000e+00
0.000000000000000000e+00
0.000000000000000000e+00
0.000000000000000000e+00
2.147066471197779300e-04
0.000000000000000000e+00
4.969561281587313523e-04
0.000000000000000000e+00
2.530169157675069697e-04
5.448470841800840016e-05
1.255640927563931968e-02
2.644737739936940581e-03
0.000000000000000000e+00
0.000000000000000000e+00
2.444256596626513179e-04
2.074357313164179139e-04
3.716056869486115510e-04
3.621393658488738566e-04
0.000000000000000000e+00
3.371396900909571798e-03
1.144178876778176302e-04
8.250145933327289113e-03
2.724235420900420008e-05
2.724235420900420008e-05
1.041484712617276459e-03
1.779779814800664869e-02
2.724235420900420008e-05
0.000000000000000000e+00
2.724235420900420008e-05
4.554710441192581501e-04
2.724235420900420008e-05
0.000000000000000000e+00
0.000000000000000000e+00
0.000000000000000000e+00
9.080784736334732230e-05
9.807247515241511351e-05
1.362117710450210038e-04
9.988863209968208842e-05
3.193128719088822714e-03
0.000000000000000000e+00
0.000000000000000000e+00
1.031952221938909351e-04
0.000000000000000000e+00
5.448470841800840016e-05
5.420385940554466292e-05
2.724235420900420008e-05
3.632313894533893570e-05
0.000000000000000000e+00
0.000000000000000000e+00
2.724235420900420008e-05
2.724235420900420008e-05
0.000000000000000000e+00
0.000000000000000000e+00
0.000000000000000000e+00
0.000000000000000000e+00
7.264627789067788495e-05
2.323978990088389619e-04
1.010571154297251365e-04
0.000000000000000000e+00
0.000000000000000000e+00
1.850788160046498698e-04
0.000000000000000000e+00
0.000000000000000000e+00
7.396946651975705792e-04
8.623105916573255928e-04
2.724235420900420008e-05
0.000000000000000000e+00
0.000000000000000000e+00
1.089155519566369545e-04
8.915679559310465973e-05
3.632313894533893570e-05
8.691608247634674891e-05
2.724235420900420008e-05
4.086353131350630520e-05
7.696232145947690248e-05
2.724235420900420008e-05
1.444406692208287564e-04
0.000000000000000000e+00
1.063749069113497514e-04
6.356549315434311884e-05
9.588490899829620886e-05
1.232968771977893750e-04
5.448470841800840016e-05
8.046510063056617264e-05
9.180023486354643941e-05
5.448470841800840016e-05
0.000000000000000000e+00
8.172706262701261040e-05
2.724235420900420008e-05
0.000000000000000000e+00
0.000000000000000000e+00
7.394353285301140941e-05
8.572761771375273258e-04
6.824313729057601436e-04
1.276557530334985504e-04
2.724235420900420008e-05
0.000000000000000000e+00
5.380406181181074442e-05
0.000000000000000000e+00
5.448470841800840016e-05
1.513020017420033743e-04
7.508833803727534635e-05
1.003316173789996338e-04
0.000000000000000000e+00
0.000000000000000000e+00
0.000000000000000000e+00
0.000000000000000000e+00
0.000000000000000000e+00
0.000000000000000000e+00
0.000000000000000000e+00
7.805129388644995423e-05
0.000000000000000000e+00
4.903623757620757708e-05
4.096049353120263868e-04
0.000000000000000000e+00
5.448470841800840016e-05
1.324341197560974020e-03
4.903623757620757708e-05
7.264627789067787140e-05
0.000000000000000000e+00
6.356549315434311884e-05
0.000000000000000000e+00
5.807966151077487670e-04
0.000000000000000000e+00
0.000000000000000000e+00
2.208356511834290957e-03
1.037665040285855604e-04
9.831500542798198060e-05
0.000000000000000000e+00
0.000000000000000000e+00
3.632313894533893570e-05
3.632313894533893570e-05
4.086353131350630520e-05
7.264627789067788495e-05
4.126119841176163479e-04
8.172706262701261040e-05
0.000000000000000000e+00
0.000000000000000000e+00
7.567802956712058092e-04
2.147984885820111787e-04
2.724235420900420008e-05
5.418859587225841973e-05
0.000000000000000000e+00
9.534823973151470536e-05
9.262400431061429721e-05
2.716598960173553052e-04
2.724235420900420008e-05
0.000000000000000000e+00
2.724235420900420008e-05
0.000000000000000000e+00
0.000000000000000000e+00
0.000000000000000000e+00
2.724235420900420008e-05
0.000000000000000000e+00
3.632313894533893570e-05
0.000000000000000000e+00
5.677318784176035513e-04
0.000000000000000000e+00
0.000000000000000000e+00
0.000000000000000000e+00
2.534224602917746396e-04
5.448470841800840016e-05
2.724235420900420008e-05
0.000000000000000000e+00
0.000000000000000000e+00
5.419334634090697744e-05
2.920545476382274967e-04
0.000000000000000000e+00
0.000000000000000000e+00
1.963778592208061244e-04
0.000000000000000000e+00
0.000000000000000000e+00
5.331903176607067220e-05
2.724235420900420008e-05
4.468232560887564300e-04
0.000000000000000000e+00
4.154732123181000296e-04
7.177768108981105613e-05
0.000000000000000000e+00
0.000000000000000000e+00
0.000000000000000000e+00
0.000000000000000000e+00
1.029820862406312382e-04
3.798266028745765329e-04
0.000000000000000000e+00
4.905474309112473627e-04
3.539384469142722303e-04
2.382136333098714819e-03
1.289802403336584016e-03
1.987748399102882968e-04
0.000000000000000000e+00
2.550580929802556663e-04
5.448470841800840016e-05
1.059424885905719009e-04
1.949488937521066023e-04
0.000000000000000000e+00
1.180502015723515529e-04
0.000000000000000000e+00
0.000000000000000000e+00
0.000000000000000000e+00
0.000000000000000000e+00
0.000000000000000000e+00
1.026038180994994333e-04
0.000000000000000000e+00
9.350613768500107758e-05
5.232755873778518763e-05
1.617244519709138187e-04
0.000000000000000000e+00
2.724235420900420008e-05
5.230532008128805467e-05
0.000000000000000000e+00
2.409002465053371124e-04
7.939200369481225282e-05
3.440316345672662056e-04
0.000000000000000000e+00
5.304159992477478424e-05
3.098346040785933961e-04
6.786649920200981670e-04
1.578130317056960943e-04
0.000000000000000000e+00
0.000000000000000000e+00
0.000000000000000000e+00
4.086353131350630520e-05
5.442859646289200466e-05
0.000000000000000000e+00
1.744507340871721108e-04
0.000000000000000000e+00
0.000000000000000000e+00
1.316677141148133150e-04
5.260592536911151928e-05
4.086353131350630520e-05
0.000000000000000000e+00
5.448470841800840016e-05
1.256546490114851793e-04
0.000000000000000000e+00
2.724235420900420008e-05
3.379783000699344148e-03
5.837647330500901421e-05
8.061512980215531146e-05
0.000000000000000000e+00
1.343956140977540289e-04
1.445818307850782816e-04
0.000000000000000000e+00
9.534823973151470536e-05
1.850424059479531308e-04
0.000000000000000000e+00
0.000000000000000000e+00
4.670117864400721272e-05
0.000000000000000000e+00
1.011858870620156129e-04
0.000000000000000000e+00
0.000000000000000000e+00
0.000000000000000000e+00
1.652702822012922228e-04
3.812424123114131541e-04
3.760239841832529214e-04
1.253148293614193170e-04
2.236467555063011354e-04
8.117110921113405899e-05
0.000000000000000000e+00
2.403366380882441188e-04
0.000000000000000000e+00
0.000000000000000000e+00
0.000000000000000000e+00
0.000000000000000000e+00
0.000000000000000000e+00
1.743510669376268534e-04
2.724235420900420008e-05
0.000000000000000000e+00
0.000000000000000000e+00
4.767411986575735268e-05
0.000000000000000000e+00
0.000000000000000000e+00
0.000000000000000000e+00
0.000000000000000000e+00
3.487021338752537068e-04
2.724235420900420008e-05
0.000000000000000000e+00
1.793714311775737895e-04
2.724235420900420008e-05
8.122720291675570464e-05
0.000000000000000000e+00
9.201861866152531461e-05
2.724235420900420008e-05
0.000000000000000000e+00
0.000000000000000000e+00
5.412574929834500269e-04
0.000000000000000000e+00
1.468610549630862763e-04
2.724235420900420008e-05
0.000000000000000000e+00
0.000000000000000000e+00
2.724235420900420008e-05
0.000000000000000000e+00
9.614709933414405593e-03
3.267791624835431367e-04
6.167300623115928556e-04
0.000000000000000000e+00
1.066992206519331562e-04
0.000000000000000000e+00
2.724235420900420008e-05
1.874522164908881846e-04
0.000000000000000000e+00
3.746254509339429759e-04
5.448470841800840016e-05
3.325144268550761419e-04
4.283379975622972412e-04
0.000000000000000000e+00
0.000000000000000000e+00
3.962067245563529252e-03
2.470672939917098400e-04
2.927213729008455289e-03
9.418071026541452657e-05
3.874014092620062829e-04
0.000000000000000000e+00
0.000000000000000000e+00
2.724235420900420008e-05
3.960202050984546786e-04
8.563020694350742014e-05
0.000000000000000000e+00
0.000000000000000000e+00
0.000000000000000000e+00
5.421918558689047056e-05
2.724235420900420008e-05
5.283039120165385029e-04
4.994431604984104421e-05
5.448470841800840016e-05
0.000000000000000000e+00
2.724235420900420008e-05
0.000000000000000000e+00
0.000000000000000000e+00
0.000000000000000000e+00
2.552024824650643195e-04
0.000000000000000000e+00
0.000000000000000000e+00
0.000000000000000000e+00
2.294755501354755394e-04
0.000000000000000000e+00
5.344914119453631049e-05
2.697704446659975392e-05
0.000000000000000000e+00
0.000000000000000000e+00
5.292800246320816403e-05
9.701714071008434113e-05
0.000000000000000000e+00
7.985871726172079517e-05
2.724235420900420008e-05
0.000000000000000000e+00
2.724235420900420008e-05
1.987193117535808289e-03
0.000000000000000000e+00
8.585469205261930749e-05
8.671216188551042004e-04
0.000000000000000000e+00
1.334875356241205550e-04
0.000000000000000000e+00
0.000000000000000000e+00
2.970163349725558140e-04
0.000000000000000000e+00
8.172706262701261040e-05
1.220221197100077672e-04
0.000000000000000000e+00
0.000000000000000000e+00
8.073643156486692612e-05
8.172706262701261040e-05
5.448470841800840016e-05
0.000000000000000000e+00
0.000000000000000000e+00
0.000000000000000000e+00
8.029325451074918491e-05
1.049827308542113167e-04
3.632313894533893570e-05
1.183994625237489991e-04
0.000000000000000000e+00
2.724235420900420008e-05
1.003880752601805357e-04
0.000000000000000000e+00
0.000000000000000000e+00
1.941495673430304256e-04
9.988863209968207486e-05
0.000000000000000000e+00
7.447046241910902035e-04
4.953155310728036501e-05
8.687792021337230330e-04
9.145647484451409131e-05
0.000000000000000000e+00
5.301214873103525272e-05
6.156731261041446628e-04
0.000000000000000000e+00
9.020844303137143673e-05
5.339501424964824774e-05
0.000000000000000000e+00
2.724235420900420008e-05
1.866837682253007875e-03
0.000000000000000000e+00
1.436421739513525674e-04
1.080353932631366464e-04
0.000000000000000000e+00
0.000000000000000000e+00
1.088601743128729988e-04
0.000000000000000000e+00
2.814400777529646458e-04
2.724235420900420008e-05
1.065241571723274112e-04
0.000000000000000000e+00
0.000000000000000000e+00
0.000000000000000000e+00
9.915019465958455102e-05
0.000000000000000000e+00
1.587840073896245598e-04
1.675817546796319179e-04
1.904382122453655542e-03
2.137940899840848330e-04
3.223725522838657986e-04
1.133358478107678502e-04
2.724235420900420008e-05
2.724235420900420008e-05
1.033880564614891504e-04
2.724235420900420008e-05
4.953155310728036501e-05
0.000000000000000000e+00
1.172489558603220593e-04
1.341061086957916291e-03
0.000000000000000000e+00
1.248607901246025665e-04
0.000000000000000000e+00
0.000000000000000000e+00
0.000000000000000000e+00
0.000000000000000000e+00
0.000000000000000000e+00
1.054866657136395653e-03
5.364129187902993490e-05
6.356549315434311884e-05
0.000000000000000000e+00
0.000000000000000000e+00
1.282120321106308843e-04
6.416461870048839654e-04
7.394353285301140941e-05
1.516491050967901143e-04
5.221451223392475606e-05
0.000000000000000000e+00
1.089694168360168003e-04
2.724235420900420008e-05
0.000000000000000000e+00
5.448470841800840016e-05
0.000000000000000000e+00
0.000000000000000000e+00
2.724235420900420008e-05
0.000000000000000000e+00
7.991021335378502592e-04
4.994431604984104421e-05
2.724235420900420008e-05
0.000000000000000000e+00
0.000000000000000000e+00
4.300544604249510673e-04
2.304053818600000419e-04
2.874766890952738406e-04
0.000000000000000000e+00
4.245266864236487640e-04
5.648028545721944663e-04
2.724235420900420008e-05
2.724235420900420008e-05
3.408969534378620647e-04
3.246988358555005371e-04
2.724235420900420008e-05
3.389835902982087004e-03
6.974881444107894660e-05
9.943459286286535147e-05
0.000000000000000000e+00
2.281581599237812990e-03
1.015986500045762853e-04
0.000000000000000000e+00
0.000000000000000000e+00
5.419019648061374899e-05
2.030206636769075839e-04
0.000000000000000000e+00
0.000000000000000000e+00
1.144178876778176437e-04
0.000000000000000000e+00
0.000000000000000000e+00
1.182489777145074097e-03
9.599686721268150147e-05
0.000000000000000000e+00
2.609927399579173735e-03
1.025480047724659050e-04
3.701910269391684187e-04
2.724235420900420008e-05
5.402199958310713307e-05
0.000000000000000000e+00
1.254138924676338393e-04
0.000000000000000000e+00
2.357961198849749165e-04
1.124747223513408462e-04
4.907141314345543799e-04
5.448470841800840016e-05
0.000000000000000000e+00
0.000000000000000000e+00
0.000000000000000000e+00
0.000000000000000000e+00
3.112780068872812288e-04
7.987999237000490869e-05
9.663866703615170157e-05
1.011858870620156129e-04
2.052436812560588623e-04
2.822759525118123344e-04
4.086353131350630520e-05
1.803774058990126545e-04
0.000000000000000000e+00
0.000000000000000000e+00
1.938182827071764148e-04
4.953155310728036501e-05
5.374091622467799936e-05
4.358776673440671335e-05
8.940445335864107403e-05
1.336935187419660716e-04
0.000000000000000000e+00
0.000000000000000000e+00
8.172706262701261040e-05
0.000000000000000000e+00
1.597126234999290734e-04
0.000000000000000000e+00
0.000000000000000000e+00
0.000000000000000000e+00
2.647207505619482860e-04
2.724235420900420008e-05
7.935816226101225195e-05
0.000000000000000000e+00
7.576110241911219458e-05
0.000000000000000000e+00
2.373678225118367249e-03
5.410895180822912698e-05
4.843085192711857415e-05
1.275093523393668450e-04
5.448470841800840016e-05
0.000000000000000000e+00
0.000000000000000000e+00
0.000000000000000000e+00
9.737395324962011274e-05
2.724235420900420008e-05
5.448470841800840016e-05
0.000000000000000000e+00
0.000000000000000000e+00
5.370368693442509100e-05
0.000000000000000000e+00
2.724235420900420008e-05
1.520874878081992392e-04
4.034121166439282057e-04
1.021856036801665498e-04
0.000000000000000000e+00
0.000000000000000000e+00
0.000000000000000000e+00
3.876133378698215070e-04
3.283712118707419157e-04
7.500492327673883729e-05
3.210601460024717965e-04
1.744983229063243010e-04
0.000000000000000000e+00
0.000000000000000000e+00
3.035631042138608147e-04
0.000000000000000000e+00
4.767411986575735268e-05
1.015895221199552954e-04
8.041359197764986013e-05
0.000000000000000000e+00
1.327635953783586368e-03
2.724235420900420008e-05
0.000000000000000000e+00
0.000000000000000000e+00
0.000000000000000000e+00
0.000000000000000000e+00
0.000000000000000000e+00
0.000000000000000000e+00
0.000000000000000000e+00
5.837647330500901421e-05
8.172706262701261040e-05
1.025057043367016973e-02
1.104828809587392568e-04
0.000000000000000000e+00
1.116595070297581949e-04
2.224202570537752398e-04
1.390192631276832350e-04
0.000000000000000000e+00
4.296449469114010369e-04
2.724235420900420008e-05
1.559523018526158848e-03
5.380364956278324052e-05
2.652577527742948555e-04
5.059294353100781322e-05
2.724235420900420008e-05
0.000000000000000000e+00
3.928376069832133048e-03
0.000000000000000000e+00
0.000000000000000000e+00
0.000000000000000000e+00
5.632897255612590980e-04
6.686759669482848464e-05
1.239664704157211457e-04
0.000000000000000000e+00
5.448470841800840016e-05
5.124157101217458222e-05
2.852208270682628395e-03
1.819828139283583804e-04
4.670117864400720594e-05
5.918452829407416056e-04
0.000000000000000000e+00
2.693459487581847446e-04
2.724235420900420008e-05
0.000000000000000000e+00
0.000000000000000000e+00
8.853765117926365111e-05
0.000000000000000000e+00
0.000000000000000000e+00
5.322507562421329835e-05
1.282545521995025499e-04
5.344509403457403960e-05
0.000000000000000000e+00
1.417922555420151340e-04
0.000000000000000000e+00
0.000000000000000000e+00
0.000000000000000000e+00
3.240219287653486446e-03
2.724235420900420008e-05
6.810588552251050189e-05
4.950521406175524899e-04
9.214619233627239364e-03
0.000000000000000000e+00
0.000000000000000000e+00
0.000000000000000000e+00
1.306811211558324957e-04
0.000000000000000000e+00
0.000000000000000000e+00
0.000000000000000000e+00
5.085239452347452488e-05
2.724235420900420008e-05
4.425606446366079738e-04
0.000000000000000000e+00
7.264627789067787140e-05
2.577254513531797298e-02
0.000000000000000000e+00
1.768590931981383295e-04
4.833599259258822799e-03
5.266855147074136427e-05
5.158049347981128558e-05
4.086353131350630520e-05
0.000000000000000000e+00
9.798090421389747608e-05
1.477478211734373475e-04
4.531170367711671713e-04
1.001705758193183182e-04
3.628859650978186299e-04
3.228191758627927668e-04
5.305512982421199480e-05
1.395946128314138896e-04
9.444016125788124501e-05
0.000000000000000000e+00
5.305281839167320500e-04
0.000000000000000000e+00
0.000000000000000000e+00
0.000000000000000000e+00
0.000000000000000000e+00
5.339702228558437222e-05
0.000000000000000000e+00
2.724235420900420008e-05
0.000000000000000000e+00
3.632313894533893570e-05
0.000000000000000000e+00
1.331848427995761179e-04
1.089694168360168003e-04
0.000000000000000000e+00
1.894230618742784116e-04
8.050464929712146747e-05
8.851111641867043288e-05
0.000000000000000000e+00
0.000000000000000000e+00
0.000000000000000000e+00
0.000000000000000000e+00
0.000000000000000000e+00
0.000000000000000000e+00
2.050606055593528002e-03
0.000000000000000000e+00
1.945386434249996000e-04
1.044290244678494308e-04
7.491647407476155615e-05
7.809474873247867414e-05
5.229384534072091436e-05
0.000000000000000000e+00
0.000000000000000000e+00
7.783529774001199635e-05
0.000000000000000000e+00
1.089694168360167732e-04
1.514729045716878449e-03
0.000000000000000000e+00
0.000000000000000000e+00
0.000000000000000000e+00
0.000000000000000000e+00
0.000000000000000000e+00
8.086222598545693646e-05
2.542619726173728006e-04
0.000000000000000000e+00
0.000000000000000000e+00
0.000000000000000000e+00
0.000000000000000000e+00
0.000000000000000000e+00
0.000000000000000000e+00
6.032211314188161812e-04
5.119805702870609430e-04
8.172706262701261040e-05
5.435214221747786318e-05
0.000000000000000000e+00
5.221451223392472896e-05
5.448470841800840016e-05
0.000000000000000000e+00
2.643058708863488737e-04
0.000000000000000000e+00
0.000000000000000000e+00
0.000000000000000000e+00
2.724235420900420008e-05
0.000000000000000000e+00
3.128068395953767836e-04
0.000000000000000000e+00
4.358776673440671335e-05
2.460679880159229150e-04
0.000000000000000000e+00
0.000000000000000000e+00
0.000000000000000000e+00
2.724235420900420008e-05
0.000000000000000000e+00
0.000000000000000000e+00
0.000000000000000000e+00
2.724235420900420008e-05
0.000000000000000000e+00
0.000000000000000000e+00
2.724235420900420008e-05
3.040212551034713012e-04
0.000000000000000000e+00
0.000000000000000000e+00
0.000000000000000000e+00
0.000000000000000000e+00
6.356549315434311884e-05
0.000000000000000000e+00
0.000000000000000000e+00
1.063749069113497514e-04
0.000000000000000000e+00
0.000000000000000000e+00
7.083012094341091004e-05
0.000000000000000000e+00
1.320206396282511076e-04
0.000000000000000000e+00
9.962918110721541063e-05
0.000000000000000000e+00
0.000000000000000000e+00
0.000000000000000000e+00
3.831721261465482684e-04
4.358776673440671335e-05
5.448470841800840016e-05
0.000000000000000000e+00
2.724235420900420008e-05
1.818324648864618896e-04
6.933032561424491962e-04
0.000000000000000000e+00
5.414325148489680401e-05
0.000000000000000000e+00
0.000000000000000000e+00
1.755979405407948708e-04
2.724235420900420008e-05
0.000000000000000000e+00
6.301402920244775782e-04
2.724235420900420008e-05
0.000000000000000000e+00
9.115710831474479559e-05
7.567320613612281150e-05
0.000000000000000000e+00
0.000000000000000000e+00
0.000000000000000000e+00
0.000000000000000000e+00
0.000000000000000000e+00
1.571815159655654643e-04
2.724235420900420008e-05
0.000000000000000000e+00
3.349924275242476056e-04
2.488383296217408502e-04
1.180502015723515258e-04
1.568425204191030214e-03
6.421252358324830434e-03
1.767726095339828109e-04
0.000000000000000000e+00
1.743510669376268805e-04
0.000000000000000000e+00
5.448470841800840016e-05
1.832185978905848534e-04
2.139326051118859025e-04
0.000000000000000000e+00
0.000000000000000000e+00
0.000000000000000000e+00
1.188989001138973840e-04
0.000000000000000000e+00
1.419244313473999694e-04
5.312259070755822319e-05
3.482343358736851471e-04
0.000000000000000000e+00
5.426763786654198950e-05
4.636587445600041306e-04
0.000000000000000000e+00
2.477184659691313517e-04
0.000000000000000000e+00
0.000000000000000000e+00
0.000000000000000000e+00
0.000000000000000000e+00
2.724235420900420008e-05
1.180502015723515258e-04
9.422727839226765763e-05
9.970541040763844856e-04
0.000000000000000000e+00
2.724235420900420008e-05
8.036494491656242666e-05
8.423817264343486664e-04
0.000000000000000000e+00
0.000000000000000000e+00
2.724235420900420008e-05
0.000000000000000000e+00
0.000000000000000000e+00
2.724235420900420008e-05
2.004258916805307154e-04
2.724235420900420008e-05
7.705694476261190878e-05
9.331289142854314088e-05
2.594333751505160067e-04
1.030741328460489767e-04
2.724235420900420008e-05
2.974875551881450567e-04
2.724235420900420008e-05
2.357188575675462944e-04
1.410349007205333475e-04
2.724235420900420008e-05
0.000000000000000000e+00
0.000000000000000000e+00
4.408011145769049808e-04
0.000000000000000000e+00
0.000000000000000000e+00
5.360880911262615466e-05
3.947459475460770857e-04
3.632313894533893570e-05
0.000000000000000000e+00
0.000000000000000000e+00
1.568661049551156692e-04
0.000000000000000000e+00
5.012532063262123069e-04
2.940298683954286479e-02
0.000000000000000000e+00
2.724235420900420008e-05
1.058620212261207009e-03
2.432081818887708944e-03
1.200188568553791756e-03
0.000000000000000000e+00
