-1.180787168759912659e-01
4.447356436765114718e-01
1.516825362858328051e-02
7.247308987673879710e-02
1.673922379361950374e-01
-4.701350028499524242e-02
-4.817398853077919929e-02
3.932623475042087285e-02
5.835543688247119692e-02
6.667823722530624719e-02
-1.104243849855632842e-01
-1.938646603377885969e-02
4.175123070482170823e-02
-3.719483031270429119e-02
5.606882723207226582e-02
-4.360659066181819810e-02
1.637329581677546622e-02
1.965303029875658802e-01
4.579449902733202515e-01
6.912316601980893205e-02
8.309721878723939914e-02
4.550298102257962357e-02
3.606099849098585303e-02
-6.733152493287496154e-02
1.654177925877035049e-01
2.584788548710252321e-01
2.072197023654441528e-01
-6.468668666900639908e-02
-1.764027664357904410e-02
-7.932781619958098607e-02
4.042794472893755930e-01
1.669226396688265890e-01
1.253286988152919335e-01
1.149186767552927702e+00
1.038852497389953111e+00
1.086945116162789438e+00
-1.482571566429000641e-02
8.179289404242933159e-01
1.832548250722850769e-01
1.879740709791387077e-01
3.623816810294231971e-01
3.524322639387816314e-01
1.501722322765383904e-03
3.827618431425264083e-03
-5.171744505989162716e-02
2.915621314102960146e-02
3.502040814719822870e-01
3.964820754891102556e-02
1.017933631034721731e-01
1.373110013531871676e+00
-5.245874160095278377e-02
5.266070470269559323e-01
2.921161390290151760e-01
1.689631974773353196e-01
-5.900835314601391574e-02
3.519280996434476227e-03
1.020499611746941149e+00
2.088221745254814632e-01
2.816728819698957609e-01
6.434058938504421121e-01
2.811031569985358858e-01
-6.655551768491618780e-02
3.791346429278895369e-02
-2.081364936324297740e-02
-4.743236025068454931e-02
3.699446458153478057e-01
-6.774841573320120047e-02
8.530797933582121018e-02
2.002181856763899370e-01
2.718209493311840030e-01
-1.843025138378325337e-02
-5.960066640485694317e-02
-2.268763345629059430e-02
-8.540296761881131793e-02
8.413242178768239043e-02
3.301067610327774182e-01
-2.862323488999902153e-03
-1.118939528400778316e-01
4.615647232546652573e-02
1.437285508935130240e-01
-8.889836253619556872e-02
3.928755458405963630e-02
5.888582567903333231e-02
6.543847643397466829e-01
4.908958508728659131e-01
-1.007631230903706793e-01
1.333150739956183439e-01
3.652944425025476671e-01
1.719293635794702235e-01
-9.079877476643606615e-02
1.446397658208341264e-01
8.628096567735624167e-02
1.349236717935833330e-01
-7.165315754257213510e-02
1.310911485510147037e-02
-5.287315651071028411e-02
-3.791774915726077444e-02
4.530275285205711405e-02
1.050209442232212659e-01
1.348936715192351234e-02
5.878386863038780399e-03
1.265393998783199137e-01
-1.306376358470122956e-01
-7.866041780861138602e-03
2.699705464685371870e-01
-6.426198976435452959e-02
-5.199489366425058545e-02
1.503121563265177041e-01
-8.908775196160845233e-02
6.784548266292429464e-01
-7.549667322917792689e-02
3.153576413030897974e-02
-1.134722000038110301e-01
-4.344827509146301225e-02
-8.329319974567549190e-02
-9.442348901439835684e-03
3.696329911754548392e-01
-8.048632487452436757e-02
-4.021080503870040623e-02
-9.612010363088124842e-02
1.323382058849525283e-02
-9.301942218708614263e-03
1.034863770903845029e-02
-2.116131921004327926e-02
4.072592839379069601e-02
9.007027837413203453e-02
5.332906076467583967e-01
1.885695991107649572e-01
1.315842035137288757e-01
6.039999989817881332e-01
-3.020826295332275369e-02
1.356057373542189359e-01
4.220033963003173016e-01
2.825376850171029131e-01
-6.103863987515380923e-02
-8.760729432258473892e-03
-1.295565087548148329e-02
8.582471072458015549e-01
-5.458494454816711916e-02
2.167730622517053118e-01
2.230774289501975122e-02
-7.768931797857385468e-02
4.711077307545454285e-01
-5.851263714717554187e-02
6.417969198589532076e-02
-4.069454473013062179e-02
-6.857234261139695530e-02
7.848960625034465122e-02
-8.416646009225579872e-02
1.824670940722976364e-02
-2.257055476447048480e-03
-1.679080247223344036e-02
5.996175643885375862e-03
-9.447791048277826009e-02
5.457906729263703460e-02
-4.410297304513598887e-03
-6.715507638215062469e-02
-3.640468676169379171e-03
-3.816370797534836268e-02
1.049779526848786670e-01
1.281056374723587021e-01
-7.212443297645092233e-02
-2.061523999045081473e-03
8.626503123774972304e-01
7.287047469751217754e-01
-5.323786320686360596e-02
7.110967823587954761e-01
1.026252970041846790e+00
1.257452502189065013e+00
1.281888250306474131e+00
1.138264081083653068e+00
7.644543869184221574e-01
-1.333174220067188109e-01
1.765686853763269101e-02
2.475386786555229882e-02
-5.153163439050937461e-02
5.310529892741004676e-02
2.218468348339950116e-02
3.824688550009386900e-01
5.432910382896670720e-01
-7.044879063004480524e-02
-8.421102307887273763e-02
5.765136180551216905e-01
-3.639356936090390460e-02
3.719184409875643804e-01
9.104408659189927588e-01
9.595924882480887097e-02
7.971981351700367924e-01
9.868609117246646134e-02
2.860021845851070527e-02
5.792518936981336797e-01
1.325946382770755161e-01
5.999178181097265528e-01
2.998774724668323843e-01
1.673379887036094971e+00
-8.202003285503006724e-02
5.411886330660883315e-01
2.415218384902571291e-01
2.836627239304472803e-01
-5.101270751993017272e-02
1.589820236446546353e-01
2.967805070996611949e-01
3.223622995091193766e-02
2.342027171952541231e-01
-1.188067060054066315e-01
3.756538849843116812e-01
4.201695783818802932e-01
1.226603074261706505e-01
4.605483944534637941e-01
4.751421278774464185e-01
4.540011288565272696e-01
-2.100508529271103916e-02
6.367516813883660198e-01
-1.193808437373465314e-01
1.189583904448872909e-01
-5.256535414140849766e-02
2.806674280718736425e-02
3.611623467993541493e-03
3.038054350104770762e-01
-3.766243028364374499e-03
7.398253279309568997e-02
1.976217936427596480e-02
2.148434103560526443e-01
5.977831791647788551e-01
4.121976548341324542e-01
4.957730900199283086e-01
4.580184486054801329e-01
-4.286438164183577204e-02
8.138700764164130685e-02
-5.866180546104516995e-03
2.042650623871688775e-01
6.677895998062207683e-01
4.430288589281960454e-01
6.041203126469328888e-01
1.174142475943061203e+00
1.502381675365540847e-01
4.300877200848550463e-02
9.937327105532586802e-02
2.948722898665024350e-01
5.271654435758613144e-02
1.204534928250833165e-01
-2.722823965604700969e-02
-2.111785652134329574e-02
1.793107141761278722e-01
1.216073448170256442e-02
1.456168339240419655e-02
-3.785432465653892214e-02
1.022657272389267125e-02
4.548972546897078750e-02
-2.802022690959487389e-02
1.621252410604898386e-01
4.109909612895250586e-01
9.147210074281485193e-02
-2.508522647403479619e-02
2.356387448915759908e-01
3.801200526251883316e-01
1.627387488929398981e-02
-4.270676065826062989e-02
-4.952846560474074428e-02
-2.856712879630078292e-02
5.770590409100759821e-01
2.227980597778033214e-02
3.189369150077702164e-01
2.238523519431681597e-01
8.356375089149664301e-03
-5.077476660228881500e-02
-1.054648073031600047e-01
3.893983865436039249e-01
-3.529234185481615327e-02
-7.089626556232604682e-02
-2.442058642725421572e-02
4.006414766494802160e-02
-5.063151653786055612e-02
-5.772309046242907714e-03
-1.236638865175077595e-01
-6.500665702115625277e-02
1.192745862134558521e-01
1.853966004306403445e-02
8.229194404045026001e-02
7.669909427064429408e-02
1.834481258381444671e-02
-2.743434721716170310e-02
4.913020398369912292e-03
-4.833204173146529031e-02
-1.013230574204053991e-01
-9.282145641618994025e-02
3.953811156063459231e-01
2.628418109617742804e-01
-2.909834355493075633e-02
-7.968758682361055945e-02
-4.689664409349851570e-02
-5.360283515473156235e-02
-2.067723351594353068e-02
1.038899836130255903e-02
3.838898752270313297e-01
1.080071810353085138e-02
-1.085841829857642632e-01
1.660168066535153836e-02
6.955676256757752363e-01
2.092403264671810481e-01
-4.447129507448362856e-02
1.427011800451351287e-01
-4.658997535822756442e-02
6.465612559256896930e-01
2.363821967477133107e-02
1.960416462735057111e-02
2.947127381280638045e-02
-3.151342275355138722e-02
6.584192692063670256e-03
-8.949930250232897289e-02
1.046202523409230228e-01
-2.784968195228771856e-02
-4.368793054221536964e-02
3.146267230318660069e-01
7.497127178308654605e-01
-5.376745187648188790e-02
8.433380798319101146e-02
4.069563557832994727e-01
3.579597339421593527e-01
1.391234142703978932e-03
7.068140862906633348e-01
7.758330230907992120e-02
1.901957445527268920e-01
3.431366847406116388e-02
2.746565855790943367e-01
2.135161912579733312e-01
7.246562343631007819e-02
-6.120811800795576685e-02
-3.901831018400010037e-02
-1.803243748636771879e-02
5.492450629519179950e-02
7.784292400264383738e-02
-3.955299191098773925e-02
-8.351086251822556483e-02
7.532822047444946989e-01
6.586090306830580388e-02
3.074517257248077229e-01
-1.500127268116475121e-01
9.252902806916790679e-02
-5.161721446222664045e-03
-6.568220181196522678e-02
-2.978519153866023873e-03
-8.450527850324197898e-02
-2.342863636920345174e-02
4.491128652251018538e-01
1.865353700792389980e-04
1.962567303788436412e-01
3.525142892430224162e-01
7.186193554094595648e-02
-4.474683321721558554e-02
9.118090211635675180e-02
1.937995471187687058e-01
-4.765359429833166544e-02
2.605814387718817862e-02
7.376461387318275498e-03
4.758606955166845842e-01
1.026756372037141707e-01
1.266299850909641533e-01
5.367602729580910337e-01
1.638851183378758347e-01
1.964081898777629565e-02
1.835738256054617323e-01
-7.358275147872409797e-05
-1.349521757218074269e-01
1.887850271274702785e-01
-9.166961628837051387e-03
-7.588544146225480180e-02
2.943585158340100705e-01
6.007042824020391442e-02
2.850927688681388905e-01
6.879652659243608477e-03
1.108459800128283046e+00
8.946594180635946136e-01
1.815253792040334158e-01
-4.902997030647181925e-02
2.654884880891256183e-02
3.672068814854583807e-01
-6.622689418232419363e-03
3.972832636992678496e-02
2.856482451857252358e-01
6.346495159910653383e-01
-2.459747955939234690e-02
-5.638733384364556095e-02
8.523855657539400332e-02
-2.403761978434680244e-02
-3.748800742068744002e-02
-3.036075656528139030e-02
-2.815742626616212288e-02
2.872872824189515728e-01
-6.199469156825126873e-04
2.611159680068070865e-01
-6.317588851092914570e-02
-1.121994029365609713e-01
1.785563700432406253e-01
4.223305509876525143e-02
1.522513073717315368e-01
3.003376755000647380e-02
3.171709197946832037e-01
-7.107636371529042763e-02
7.588654588370261078e-02
6.557267607965534817e-02
-1.979236212271195602e-02
-8.373044741558041681e-02
6.782462098890998381e-02
9.034697638760126326e-01
4.619966857079160771e-03
-2.719477435425162251e-02
4.629535334529141094e-02
-2.707136409935772745e-02
-3.230306764445503576e-02
4.951018255013604069e-02
-1.998235463822772492e-02
1.338589399751090481e+00
3.177248541579364427e-01
3.413505854061995581e-01
4.851088499283962019e-01
4.737293565346976237e-02
2.476848770577298048e-02
5.314403727988741277e-01
5.990980330499451334e-01
2.126241811581562058e-01
3.340591668406013848e-01
1.452776537906425580e-01
2.674158465320661815e-01
1.663507696605737995e-01
3.004024940900911211e-01
-8.794088024817853233e-02
1.169979483441481311e-01
4.420789836401562561e-02
7.867319755492261368e-01
4.561070206514042935e-01
9.840498646351178783e-03
2.610431583902932395e-01
4.721369743880261642e-03
2.288551823236618932e-01
-5.130857366476201248e-02
-6.892649137827061567e-02
1.361974076155565150e-01
-1.099485307303537246e-01
-3.451169487349054626e-02
-2.665977902265254454e-02
6.890483429527657910e-02
2.112503950952267229e-01
2.560742656790047644e-01
-5.341124959211261680e-02
-2.673393789014663104e-03
7.296875189218329227e-01
5.735068642893914603e-01
1.814760712770868145e-01
-3.006179869319018302e-02
-3.032962741106211627e-02
3.089320476209357347e-01
-3.987174462156562599e-02
6.707502893055829196e-02
3.296935239935697148e-01
2.571892895884805852e-01
3.981180317983766016e-03
2.290769543169543232e-01
-2.653568430583143345e-02
4.724114615689995467e-01
6.380459866316617185e-03
-3.923146405784773416e-02
1.488793833421022117e-01
1.281950329761752660e-01
-6.659853725096236132e-02
-3.995636648687150849e-02
-3.971025886626299711e-02
-7.832333454861023503e-02
1.545477898282699991e-01
-9.502091679081842157e-02
-5.685642944404625115e-02
-3.031855432528911959e-02
2.181308118034577526e-01
3.314276119121618569e-01
-5.795582292168199867e-02
-2.498590373202057985e-02
-7.981132906059765220e-02
6.909415826008169330e-03
-7.782480890494369689e-03
4.842021450419695117e-02
-6.169183192176942027e-02
6.585721064024364635e-01
3.556187187366966623e-02
1.463322636931101983e-01
-1.695125122858047104e-02
3.213677112321354779e-01
1.072960819541839972e-01
5.225654713978173938e-01
1.431072231876910628e-01
-3.512657863913983686e-02
-9.275814757339123640e-02
5.841763502145099624e-02
3.011465356954171058e-01
3.495960045725753917e-01
7.242719514302721207e-01
5.453242494718250379e-03
1.137646173899313357e-01
-2.069220560349293789e-02
2.900256677897394275e-01
-6.902317054652419570e-02
7.710121820396245718e-02
-7.811190238702202249e-02
-1.008862272047139500e-03
-7.823887614518628547e-03
4.700459322788036465e-02
5.538501824248398542e-02
3.293995533136949427e-02
-3.672810667209243461e-03
2.880712667623787082e-01
4.439174269907315562e-01
-1.320198944418882192e-01
7.326216848553994410e-02
9.708316522109422531e-02
2.226420027965918258e-02
9.954175013871052746e-01
-9.965138471527397457e-02
4.547787965925279008e-01
3.732470409444885173e-01
3.074142570761731127e-02
-8.130424141017339457e-02
1.497718452902839503e-01
-1.322908852473376855e-02
-5.061733346754416357e-02
6.110554628914168646e-02
8.556006073469589468e-03
3.917350077735006764e-01
1.391450730017042003e-01
9.179393855365213656e-03
8.335472167534951904e-02
2.276139727127507451e-01
3.864134269123686849e-03
6.107906637711445035e-03
-6.731614127597664032e-02
-4.780129580042025150e-02
8.109229223132351227e-02
7.718651218441405226e-02
6.423697843613743186e-02
-5.745212374220581147e-02
-7.406080417524596449e-02
-1.035562330073666465e-01
3.449310893403237932e-01
4.030934802027240360e-02
-1.377638052888823569e-03
3.808270825611075050e-02
-6.705317407987904099e-02
6.261461256289765909e-02
-6.433064447462656654e-02
-1.497350170170640149e-01
3.788163602392038420e-01
2.698479628903594288e-02
1.986432054926529425e-02
-3.562938663309642151e-02
7.474358266872564993e-01
1.287274152237112904e-02
-2.755460947822037376e-02
2.744044980651681453e-01
2.909460067527247507e-01
1.154496698521252362e-01
-2.274571595442499705e-02
5.326225079739359547e-01
3.082007030806573761e-02
1.708966747554869353e-02
2.995840868082150221e-01
2.128556173350484165e-02
-4.137658941159978732e-02
-3.175115025083252024e-02
-1.054996084750401200e-02
2.526460572450049402e-01
3.708730539172962887e-02
7.539526041622847397e-02
1.368139214593803435e-03
-2.522027411133183697e-02
2.151399731976737784e-01
-9.914143285633455083e-04
-7.527963320164875183e-02
7.366631863940546754e-02
-8.028482367283279464e-02
-6.025809547999970428e-02
5.704384060787511812e-01
2.405261389244787301e-02
1.575379678401610806e-01
5.994369427378713061e-02
-1.000901962583356369e-01
-6.145934930777999239e-02
3.126291591981945894e-02
7.666773901131443414e-02
-4.910843841631649248e-02
9.501191242448597807e-02
-9.810523731354499344e-02
-1.081508302129239631e-02
1.372618467835148293e-01
4.428700061432064849e-01
1.440907155575204657e+00
1.092648131055018179e-01
1.645189374193409271e-02
3.830551662751701357e-03
2.557055996525259278e-01
-1.807244139474036004e-02
2.972641789114207622e-01
4.266092616848238261e-02
3.679301227446632461e-02
1.474054701542431012e-01
3.755742281870867033e-02
-1.251676443537431405e-01
-9.602526446986125314e-03
6.901381333090220171e-02
-5.298745465125677401e-02
9.894152137920770099e-03
5.131496493763432892e-02
5.049504183040559591e-02
3.421881432634044651e-01
2.059081291690675053e-01
3.504195197713884102e-01
-1.216110693113795910e-01
2.348115224594679862e-01
6.038954282879362145e-02
-6.509273999871481586e-02
9.343431419800939108e-02
2.344080789252799349e-02
9.843322307454237252e-02
1.271275357927585670e-01
-3.183186131155299470e-02
1.624753019144099253e-01
1.911747933034645477e-02
3.288026624915054569e-02
3.440791776671477398e-01
2.103630498184477782e-01
-5.450751105032278915e-02
-5.039566651724911722e-02
-6.091993294833204092e-02
-2.203582178086974444e-02
2.427495101214022510e-01
2.003524150405997309e-02
-2.441114315656604805e-02
1.260357277863383661e-02
2.640269231528127175e-02
1.008240899335697965e-01
-9.551029920978910959e-02
9.662335518263699685e-02
3.282907758326026326e-01
1.434645521932473022e-01
-6.606295073402806278e-03
-5.839352844559156375e-02
3.461665514690506068e-02
4.388110000108021852e-02
-2.160399637896779496e-02
-1.172295381322513569e-01
4.843623368792346513e-03
-1.515585206578470324e-03
-6.831258947300208884e-02
-1.338046883071740412e-01
5.487154226586479222e-01
-7.128543384305054131e-02
3.679173767737247552e-02
-6.778697604289954382e-02
1.075901997409938887e-01
-3.556659498459846958e-03
-7.350460411441094022e-02
6.791415151469727685e-02
3.970766710858176368e-02
-4.918412743587271402e-02
-9.739336786805934121e-02
6.398317718045410940e-01
5.869346295866040980e-04
1.308854769797453479e-02
3.304583528011963978e-01
-5.498470698348988106e-02
1.972742152214045641e-01
2.679281742631244856e-01
5.886569160034502840e-02
-2.503857606431737076e-02
1.019695111068167764e-01
1.339388174484409944e-01
1.379336779642760247e-01
-3.467007455997276472e-02
2.715485465183862801e-01
4.439727886926895239e-01
5.068108395049017445e-02
1.918815199338272937e-01
8.377021398630674076e-02
-1.246477528559239260e-02
5.020480218944295414e-01
1.517086033107939880e+00
8.201412482857999287e-01
4.820127678943414984e-01
4.894388634645845948e-01
9.288302689200501616e-01
3.773602382523909560e-01
-1.596350368021191499e-02
6.296646010746952127e-02
-6.782506460076401233e-02
-7.921239171484406594e-02
9.973068923105646300e-02
1.387325682060163226e-02
-9.615701821248147374e-02
1.376296614207917768e-01
-6.686742138751883280e-02
-3.740189172176888732e-02
3.369817264127973333e-01
-2.300699325622555455e-02
1.249689861291057441e-01
-2.111775365509217448e-02
6.834602347403420652e-02
2.680049753137004036e-03
2.749473539599412222e-02
1.557641932926436337e-02
4.784932826936304923e-02
-5.231609197834209690e-02
1.659449150558789110e-01
1.825542585211431187e-02
1.338194575763105854e-01
-1.283610967375522494e-01
-3.914510832557282355e-02
-1.039604644067925951e-02
-5.841748128022691833e-02
1.069674217837926766e-01
2.583018127526105073e-02
6.331765025199440622e-01
1.970652005724776723e-01
-1.000044524093612018e-02
2.212935422560332321e-01
1.612033377916592680e-01
-9.513906872724599284e-02
4.229958483155409898e-01
-5.404426643680187298e-02
6.782270386274549812e-02
6.511528221779672165e-01
-1.883907026425358719e-02
-5.525874945831382723e-02
-7.400509370206861948e-02
1.526755781224659048e-01
-2.352181532998521077e-02
-1.133698014972309709e-01
1.331199584366126176e-01
1.662496020352078815e-02
1.044158625367009458e-01
-9.211249333435610198e-02
1.871400979099392403e-01
1.102992999982497883e-02
1.521856449573668890e-01
-4.450576580347342937e-02
5.436437703648568931e-01
3.329130744940528297e-01
2.212520886008828569e-01
-1.017873693431496467e-02
6.801173397662575726e-02
-6.280239044250238156e-02
3.954084553994419715e-01
1.518967915980320993e-01
-3.702488517007877789e-02
6.197242687254919669e-02
1.751263774517997363e-01
7.759969375017711224e-02
6.612087355856266502e-02
2.231323478561288501e-02
2.755739540043506963e-01
-1.099422014870681842e-02
-5.149160655670714098e-02
3.566683716490450240e-01
7.288994019559434656e-02
-7.440394582892778663e-02
1.092890977503822442e-01
1.973873768974680407e-02
-8.752593354851434526e-02
-5.752874963104205597e-02
-8.896097562782766949e-03
-5.937206494077923100e-03
-1.927004590388067123e-02
-9.717300282770599540e-02
-5.114893064574058817e-02
-5.078690881475382557e-02
7.264055402690500207e-02
2.545476218175753425e-01
3.296428443844075327e-03
-1.709625980807353771e-02
1.366902933158855138e+00
8.955214155071546944e-01
2.829379842571857484e-01
3.174424538294487452e-01
-7.511501136524881272e-02
6.531970245602207736e-01
-4.551121437937952208e-02
1.186258889294210389e-01
-1.123930610705447808e-01
9.086136483979841139e-02
-3.273089218817490376e-02
2.359676399548932269e-01
2.358571580625360153e-01
1.413108517398431740e-01
8.794092258706269830e-03
-3.343175099094516933e-02
2.847246788170304521e-01
6.735260033580334760e-01
3.463725593785291768e-01
-1.653750425766234780e-02
3.587746307896756970e-01
-1.481428096647271174e-02
-2.580268609050170164e-02
2.013161657132371829e-01
1.253263910875510034e-01
-8.390521573181365655e-02
-1.253910546630977452e-01
1.295809224208199217e-01
2.248585828846953183e-01
-3.442103884316263795e-02
-2.915334650952549483e-02
-5.650206163176237084e-02
-3.663974313969887292e-02
1.771399741804505490e-01
3.676940584805313272e-02
2.204673499313196047e-02
-6.243382936676587780e-02
1.953265748681713432e-01
2.277565574882653085e-02
-3.473947318969405201e-02
1.794906956900756412e-01
-2.924389529875492250e-02
6.433791301017489639e-01
-3.826671592924390380e-02
-1.863192904850910492e-02
6.267208626660782933e-01
2.808046259869156902e-01
2.798228412466101656e-01
2.796817380178358639e-02
2.200022066679369320e-03
-9.729901202125525519e-03
1.502612022469752007e-01
-1.993544145392482370e-01
-6.098469972295238878e-02
3.405725838245519665e-01
2.648760178333756793e-02
-2.825985090004990222e-02
-1.132253740277009979e-01
1.155831758863595515e-01
3.132428256575717218e-02
1.667834272792896935e-02
3.165562452486698347e-02
2.179186330847413533e-01
5.454349090307900050e-02
2.317931548359688371e-02
8.254531111111192143e-02
6.423590295699818653e-02
-6.401537738017147594e-02
4.908105633249507660e-01
1.315761405538287340e-02
3.692897571235383841e-02
2.679053262293517035e-01
5.713017854069287610e-02
-1.317767469160059136e-02
7.128091828990111845e-01
9.825094167561781999e-01
-6.366208286203370315e-02
-8.712644528525406717e-02
-4.361258775977166352e-02
-3.528024254594595843e-02
-1.889158215712128525e-02
6.826035711506535097e-01
4.013518635546614033e-01
-2.531278039540393616e-03
7.137624875387388323e-01
-1.981345746016228981e-02
1.709665395836392062e-03
7.880145059318446887e-02
-6.349933804764599891e-03
-9.262059150154294818e-02
3.274019739284882435e-01
6.021769307184685061e-02
7.543041921148614659e-02
7.309448492114413165e-01
9.342109556732684783e-02
3.817458754843321145e-02
-9.672538551917501948e-02
1.101878949078398895e+00
-5.967674768911408745e-02
-6.025082447296367660e-02
-1.356421283396360040e-02
2.424622179034335301e-01
4.564172707162293952e-01
2.033220114158582892e-01
9.121280994220026805e-02
1.949974018184277014e-01
1.701453212799728110e-01
5.337804839785574573e-02
4.572682479074965251e-02
4.053129264236776663e-01
4.427368719647860051e-01
1.050461438991150409e-01
1.785678887764877501e-02
-3.402541939881231076e-02
1.433575372482825960e-01
-9.310294852835369894e-02
-5.515524681781994870e-02
-3.702950975121951233e-02
6.492314480090970175e-02
1.400985441474311421e-01
-8.159099990755649956e-02
3.161103801286198611e-01
2.808464261683406016e-01
-8.967894360925188213e-02
9.484860803397013318e-02
1.236444374198133675e-02
2.518656166623550186e-01
-7.192013002062060123e-02
2.685362256369868694e-01
1.795145864055683327e-01
-8.121036143758858517e-02
2.918344646729065239e-01
-8.534797506229750697e-02
6.309813038461690171e-01
8.691641895856581923e-02
1.026682342114942081e-01
3.074923951141486644e-01
8.021724532642035554e-02
8.873560658400124757e-01
1.682843238777814721e-01
3.527504036344260019e-01
4.101872993616503642e-03
4.122532556957799743e-01
3.343981986482678914e-02
3.223617940789196695e-02
-3.951977498295545371e-02
-4.241729133631069737e-02
-1.368282548675453514e-02
4.977078925710535368e-02
1.193308700707465947e-01
1.318139939975597197e-01
4.970872847168632432e-03
3.064240374205881752e-03
4.026783121058576109e-02
-3.848653384429314567e-02
-1.762949324175152807e-02
-7.781838176779692917e-02
-7.432919883624287960e-02
-2.106474637345320290e-03
-1.927088448480327940e-02
3.227352176647228094e-02
-3.321625295675575268e-02
-1.025380540000617458e-01
-4.798424044138777794e-02
-2.152142528097730073e-02
-9.297746688297302275e-02
-3.949691832145896947e-02
5.648011126866428477e-02
-6.618688993692187217e-02
-9.546417083354533095e-03
-5.612045724535017627e-02
-2.368975005104611078e-02
-1.655102680808978946e-02
7.190202748822462075e-02
-7.407996938174112034e-02
-3.164304290802139735e-02
1.816034284815860531e-02
-1.452468479459157261e-02
-3.416795150019460992e-02
-5.029751213762115314e-02
-2.004404682126055201e-02
-7.756183400515037629e-02
1.800535658274023468e-02
-4.353338507055629081e-02
-3.068726058765882878e-02
7.215683029109715152e-01
7.806178951467031280e-02
-2.529470902340691732e-02
-4.364784760366235972e-02
2.313063294950131951e-02
3.740344072078173876e-01
9.612481414726835593e-01
1.199577332825713993e+00
9.303484060232027064e-02
1.429011219161145929e+00
-8.484293532066965182e-02
-7.836080869072535593e-02
-5.936874908167726062e-02
7.744985130172410415e-01
5.183219859692778098e-01
-7.636214607145333511e-02
-3.404022405689283853e-02
-5.683125431866185850e-02
7.407746735617308509e-02
1.577998347249131683e+00
1.200937423103378920e+00
1.401004414683631794e+00
1.133656425699223202e+00
1.024341653809075714e+00
5.236058771684972551e-02
9.711307129853917475e-02
9.677624463685585710e-02
4.039579400626816183e-03
2.664489604955882496e-01
6.204251692636323368e-01
-2.532353916117161680e-02
9.801163384903759102e-02
1.132869149819737187e+00
1.008600805853792304e+00
5.151102446160491649e-03
-1.040581002074676548e-01
2.879236483032939897e-03
7.043830197882205990e-02
5.305732846263368913e-02
3.369307138016006814e-02
2.630083933946665217e-02
5.737352236308303904e-02
-2.037818472393193581e-02
8.594292236294294451e-02
3.461001631576363091e-02
-1.693231519343394581e-02
1.677714055134109025e-02
-4.803942061341264641e-02
-1.271556313060008547e-01
-5.888646806000757961e-02
3.009610790283895887e-01
2.613639980712303412e-01
-2.600075731742130733e-02
2.977140325416657678e-03
-1.027026293694518339e-01
9.044036068708483089e-02
1.682118660487559869e-01
8.038910874855162425e-02
1.887859359366354517e-01
5.970255170049756227e-02
-2.000850666023761687e-02
-2.314750968928670771e-02
2.505010899383778786e-02
2.892535081170573563e-01
5.232881863297671882e-02
-1.467327123951147651e-02
-2.286362948232351783e-02
2.774579130655220327e-01
2.349377295344066974e-01
1.054027776059066168e+00
1.912328057144649096e-01
-2.526804628773394665e-02
-1.499947227747371048e-02
-1.019889793249326437e-01
2.329238274580222937e-02
-4.449391653016440684e-02
-3.850575811482733618e-02
7.509170103334994462e-02
-4.734630768831066955e-02
2.853878198173388503e-01
-1.299757476313377902e-01
3.608698688822171707e-01
2.931927278661611291e-01
-5.889450099859522975e-02
2.563243643532166910e-02
-1.606894814545084191e-02
1.039517810483596150e-01
8.164648938532372002e-02
5.959724182269368620e-02
2.667534191777051200e-01
2.811317405681398318e-01
-3.875763978069937665e-02
-5.382348318679917865e-02
1.297314367531412771e-01
6.730407437305087337e-02
8.129799658608062585e-02
1.392450693877893449e-02
2.066656073567030572e-01
4.463429849062083843e-01
1.307796566668117553e-03
-2.301607696011914034e-02
4.823851387402239982e-02
7.086493398250186537e-01
1.547924998021815712e+00
-2.898952914127536640e-02
2.114169179531150411e-01
4.740418155159014518e-02
5.920031240072579776e-02
1.996026502472203479e-01
2.887306101244829781e-02
5.424327939968334733e-02
-2.471678242757052724e-02
1.091854676816981090e-01
-5.908286662823213770e-02
1.320493603502979063e-01
1.564865608713725265e-02
7.278970740495334379e-02
-5.486700290671408381e-02
4.643734096936039113e-01
6.486135769413599039e-01
5.601495547600678915e-01
5.215052413588965319e-01
-5.119067143795982822e-02
-1.260991037701497675e-02
-9.019937194915007839e-02
-2.691903892870373474e-02
3.081162018427567595e-02
9.617626117284677756e-02
5.584264940502300933e-02
-5.088700094271147306e-02
7.821517420018197358e-03
1.254012838087494031e-01
1.518898461728174776e-01
2.529640564262394253e-01
-8.920008750768453065e-02
1.702067069854766232e-02
1.413671686354509294e-01
1.136141109475899413e-02
1.575674829364402951e-01
2.928109199519152717e-01
1.417564847751530688e-01
1.819620774642259284e-02
-3.493003327909038197e-02
-1.217705126103995200e-01
1.514760144550424681e-01
-5.416375728524640276e-02
-5.179924085602895245e-02
2.031007236596733267e-01
2.273463497357891827e-01
3.952050587981369850e-02
5.140123306852577290e-02
4.582564989644314357e-01
1.561764441921548001e-02
-1.146248310334306159e-01
4.474008549287676606e-02
-8.287671218100753356e-02
-1.168470523600276950e-02
1.243309838383588467e-01
9.141327915581301186e-03
-5.057357707140745090e-02
-1.604144257801434770e-03
1.951796027576774284e-02
6.417794616412982878e-01
1.788440611212391562e-01
6.417048686655825451e-02
-3.320715056031284945e-02
1.502865518331389927e-01
3.215321195820375899e-01
3.402937703667551633e-02
-1.058160404114892594e-01
-5.799239903776996080e-02
-3.555404128913074863e-02
6.366377139142224972e-02
-1.239864676253510378e-01
-5.856278838641481264e-03
-6.993049467188278134e-02
8.228682684533351888e-02
-1.002852276801351541e-02
-2.004399431615120145e-02
-2.040176397840432962e-02
-4.855785847586991527e-02
-7.403226624357972518e-02
1.360680332846973539e-01
1.862942713349206858e-01
4.084525608188761120e-02
4.849950240110940669e-01
1.422217961381814777e-01
1.500504657267344617e-02
1.064029425803502571e+00
3.661429253009736429e-01
5.025167142003918869e-02
4.125412520568362829e-01
-7.756766536246241517e-02
-6.507465812218708734e-02
1.072201398073390904e-01
5.758511173180398679e-02
1.079233227924580700e-02
-5.209035066652324165e-05
-8.454314458711624514e-02
8.557045400910461286e-01
1.191531309399576806e-02
4.669640090661566489e-01
1.969787470955973799e-02
-4.362507000084219801e-03
4.183334256300093590e-01
-6.144584804273172524e-02
2.367818863258663864e-02
-3.399618314747710618e-02
-3.416111293746304511e-03
1.894135897986921058e-01
2.964304789626891548e-02
-5.677241762866877539e-02
1.118435165393397712e+00
-2.956197661768240892e-02
2.414027968696159654e-01
-6.810918440840472987e-02
-8.230158763243894393e-02
9.768603742091479525e-01
6.010641005832007694e-02
-6.866716106328385472e-02
1.328385730285517596e-01
-3.676671997451075573e-03
-1.913656382800577385e-02
1.624708397758211631e-01
-2.632321657197224385e-02
-2.460470141117306053e-02
-1.279347395041402213e-01
-4.913899201258370431e-02
-2.381206149024416366e-02
5.387691510391137140e-01
7.757596362139423940e-02
-3.578552397337556035e-02
1.190548160182025236e-03
-5.267471238145363804e-02
7.040590115884666489e-02
2.773356878298689071e-02
1.071673434103962291e-01
8.033233626237079594e-01
-3.203767758960178458e-02
-4.031303406372054032e-02
-1.248994150370008327e-01
-1.901391086345047754e-03
1.516605405611764490e-01
1.785027794913406074e-01
-1.597548625662740529e-01
4.671293436186320543e-03
2.873393261969885981e-01
-1.285056107525076909e-02
3.909550242662520637e-03
-2.988460519276306751e-02
9.000705637086272096e-03
-6.008592797872122637e-02
3.736735471268403663e-01
5.409224122226286013e-01
-6.363130629763480428e-02
-2.086897958645324985e-02
-8.335083716363232698e-02
1.790437974637600071e-02
-7.468667880982433893e-02
-7.242648170163294707e-02
-3.928593958379248546e-02
-1.135678842014724299e-01
9.949038142255306472e-02
5.712605191488027145e-01
5.610640010695424618e-01
2.160913398987455436e-01
1.081382214109873202e-01
2.914654294027050341e-01
1.869764112618482188e-01
5.236716045759252092e-01
5.762925415155181197e-01
1.372079148729851983e-01
-1.943738958219775464e-02
-1.221146456783980955e-01
-3.496232415785114483e-02
7.397423994919872375e-03
1.507878181614026591e-01
2.014686451915114959e-02
-4.248462348023453877e-02
-7.600803396640848364e-02
-4.238914689657014012e-02
5.670753819525673478e-01
4.213373844913673866e-02
-1.161959606297990888e-01
7.103581055904278907e-03
1.285080781533191607e-01
-4.434172717489487381e-02
-6.855245945534856056e-02
4.364893656459836180e-01
-6.394914375653525107e-02
5.628157105636649553e-03
-7.604162483642533388e-02
3.570531586857062512e-01
5.363021257042337453e-01
6.512245380270657857e-02
2.334338204865136768e-01
1.043956520690618728e+00
-7.248466714507911801e-02
2.868714320779237534e-02
5.923335804150882400e-02
-2.089634415562387822e-03
-1.035554837743223738e-02
6.765934675390693209e-02
3.014622577153122391e-03
1.445538792090861779e+00
6.252734602655097840e-01
-1.241547276041351650e-01
-1.543717845289338357e-02
3.469886241896357193e-01
-5.164434104319516605e-02
-7.046000933044946346e-02
-1.976979937522916134e-02
1.068924458012174977e-01
-2.813376402320385064e-02
-8.441096269501818794e-02
-1.333428671624194428e-01
-7.112733492599350449e-02
-1.791516473756658845e-02
-9.506601415381860098e-02
-4.393101343885371518e-02
-8.003997118277182687e-02
-5.057541439419604296e-02
-9.038561274940569434e-02
6.351830446453979873e-01
-6.483917730779371891e-02
-8.570767849422271378e-02
1.036293835921535261e-01
1.117895951804439292e-01
4.197115469643953323e-01
6.343587058860619687e-02
2.106939852191753171e-01
4.005509906873838677e-02
1.019386771367355726e-01
1.115747763486100649e-02
1.331720219160210765e-02
-7.729549706517054031e-02
-4.026094425665355941e-02
2.550450501702352102e-01
1.675681961174134427e-02
-2.468084046482088220e-02
2.674137959693310279e-02
9.767449188961343509e-01
5.933011572884728385e-02
1.895816294917677391e-01
5.977585103502067176e-02
2.554633290005093871e-01
1.730647134662363917e-01
-1.190269334175519814e-03
-2.510811824925894206e-02
-2.676487110969077293e-02
5.434897445593215304e-01
-2.280260128827898969e-02
-3.117282136476235213e-02
-3.359879722913673705e-02
-1.549053947612659410e-02
1.345861763791173296e-02
-6.121872315829791911e-02
1.773042495528703855e-02
-1.467299570673122160e-02
-9.358390945332589750e-02
3.994644235572752389e-01
1.197831170798273198e-01
-7.934077328263629270e-02
2.611094875651309155e-01
-4.408486355457602590e-02
-1.378195632967496934e-02
1.740379999368364961e-01
2.746160348671995433e-01
1.358054906416576169e-01
-6.190913342660828850e-02
-4.130519399420969767e-02
4.170231930154084249e-02
-4.000945383555187806e-02
-2.278391798111273348e-02
1.751144304210434932e-01
-1.576311681539578624e-02
6.967654502966699193e-01
-1.275419404606842055e-01
2.740071066366531194e-01
-1.830790314262564864e-03
2.714060027925936369e-01
2.779221076304966842e-01
-4.673433686468251441e-02
-4.370717701750813367e-02
2.982748514995414713e-01
2.712614018681381092e-02
1.045577576782371898e-01
3.381935761581982003e-02
-4.945740548703237566e-02
-5.578962472872658895e-02
2.947731817178093558e-02
8.089041137102655557e-03
1.858526659796828628e-01
2.903558686855534782e-02
1.111198918520127643e-01
4.797099889225729941e-01
2.142431628842126901e-01
1.498274875977614606e-01
1.016362519380483276e+00
-1.068226074169441320e-01
6.620986564327096917e-04
1.069378427819431543e-01
-2.451060022746952977e-02
6.304171575608045197e-01
7.542483454272409793e-02
2.506932949731330296e-01
-3.768974370958206449e-02
2.486799018418290874e-01
7.700273727131795587e-02
-8.375466010250494364e-02
-3.746816799733292125e-02
1.476736986978774424e-01
1.054361153783372473e-01
4.474729271472813880e-02
-4.455313407141051757e-02
-3.915983125464775338e-02
6.351887142052031754e-02
1.041014355318788942e+00
6.590227343852793629e-01
-4.210169447172602136e-02
2.549699387090688385e-02
-8.992653435803861506e-02
1.181522515478179991e-01
1.289713796318152188e-02
-1.112104939095895778e-01
1.432552599291813944e-01
-8.893477876878684574e-03
6.159799520674735102e-02
3.535203000060372358e-01
-5.090380736042875165e-02
8.229170450062446573e-02
1.165386825462752629e+00
2.218868146065229863e-01
6.594034128832306774e-01
1.471803457695036732e-01
-2.919155103232725160e-02
-1.131225919399214686e-02
-4.676222352545454652e-02
6.428444201517821699e-02
1.524394469444654010e-01
2.198334942094611610e-01
-6.762730820689462352e-02
1.707247537208809313e-02
1.175708742696441322e-01
2.813781549925623016e-02
-6.518612863200322349e-02
9.285749942415337521e-02
1.159151061921090409e-01
-2.243668713242860985e-06
7.616598487877543344e-02
-9.955407658087932210e-02
7.035718665476788092e-02
-2.722476372020026306e-02
8.668944636973294204e-02
2.056996895504616674e-01
6.611111647352523324e-01
5.433945557229271639e-01
6.019656819485097454e-02
-2.300697317678430248e-02
1.986051800874370776e-01
6.483397314416468327e-02
-3.430623355701745841e-02
6.451841758764552404e-02
-2.078212820143292630e-02
5.247889828487959374e-01
1.433138325592207551e-01
-1.279707714003097407e-01
9.577163783843098410e-02
-9.898739945322580780e-02
8.521670409691892156e-02
5.329870304192192432e-01
6.833603794407270594e-03
4.004981652652628843e-01
3.164888819710253709e-01
4.347461700221483261e-02
5.104653922403563637e-01
-4.045947716535838040e-02
-5.549252160951051449e-02
1.839824302036301429e-01
-1.876384938639576519e-02
-3.857977024924656023e-02
1.125795043625763131e-01
-9.160922467523596735e-02
4.138961115656555889e-02
4.369701752591989563e-02
8.956681888830907157e-02
-7.195383799909582656e-02
7.181257964230863822e-02
3.266969705195196111e-02
1.222540098839220990e+00
-5.531797954346105717e-02
3.583330634754659794e-02
-1.129744073642371394e-01
-1.416515135681481741e-01
9.127261010137724395e-02
1.601136213142478615e-01
4.789808340020591804e-02
1.058214198680287765e+00
4.993622331616153886e-04
-4.300127114401630646e-02
-2.525343914687334587e-02
2.312150431876661832e-02
-2.611444399652650822e-02
1.463052894444185348e-01
-5.758527902567029538e-02
1.169644411493844932e-01
-1.304381018553704349e-02
3.975863244062819990e-01
7.663797680988899685e-01
1.320923310150762253e-01
9.755014637343422182e-03
1.158019478417994935e-01
4.562328421108713394e-02
3.183160428728012276e-03
6.654147803665723393e-02
3.532608072421587475e-01
1.328195972471465647e-01
1.796501544017947427e-01
4.953913342381077167e-01
1.617227768727584059e-01
1.416271407115897163e-01
2.446442798764141835e-01
8.881079212011631918e-02
-8.622856144170154558e-02
4.443840309774179514e-02
-9.320412262382092583e-02
2.559707777583551322e-02
9.102132639349457266e-01
-8.255823909268603100e-02
-2.913757530833857926e-02
-3.877236849018643461e-02
-1.238939216574762858e-01
-5.656190992784791184e-03
1.434405826176917143e-01
-1.633376206623251420e-02
7.125401999695979427e-02
3.254360891122660970e-02
7.473198945355242762e-01
1.473863325189453122e-01
-1.358463757706582509e-01
2.425444790929007222e-01
-5.843770780580374857e-02
1.836004435156753101e-03
1.350852615677744506e-01
-3.849685122567331197e-02
1.040064944226734150e-01
1.623091746197672658e-01
-6.395615456233459672e-02
3.477618342366351617e-02
3.686383880511374111e-01
1.758717915998170012e-01
1.975157813934175569e-02
-2.773892715658498806e-02
7.233808140046059376e-02
5.254909151897291068e-03
7.041356799838978386e-02
1.038263498832874693e-01
5.906014899303666521e-01
8.740434410170265511e-02
4.144668149452078107e-03
5.431720793306187706e-02
-7.648711165226990821e-03
6.189527532442071905e-02
5.914945215687525959e-01
1.028711911895645037e-01
-7.033828661493546353e-02
-1.441761802217106717e-02
4.050214524639237507e-02
-3.958061255472632850e-02
2.253943874215356968e-02
-1.702171650048125637e-02
-6.220438975127887821e-02
-7.490633203055199751e-02
6.660346426196718517e-02
-8.084738476926418838e-02
-2.153439087977275512e-02
-7.218893777365317788e-02
1.141831731145833473e+00
-3.137995614536482486e-02
2.738982242669179765e-02
1.143331835710637012e+00
2.353952264768662539e-01
8.542794295843887664e-02
5.546725055146212169e-02
8.492822490555740345e-01
-4.870781430804711765e-02
1.875733097199358546e-01
-6.750426986595940704e-02
1.042960985735528166e-02
3.158405051621137466e-03
1.463387777760919058e-02
8.864020964792483637e-02
-6.342490830048598538e-02
1.042993105848527113e+00
-8.555768830628696087e-03
1.642033335855368925e+00
7.279742854067244862e-02
2.645040725079910726e-01
-2.246943391397324130e-02
1.469642369376513991e-01
4.887204114473902017e-01
1.916074339687660055e-01
1.460080912658447139e-02
-1.068162060140720113e-02
4.783553762086441563e-01
1.900092205468336681e-01
3.655960169509065837e-03
9.001678856849833210e-03
3.652890581093896083e-01
7.883055663111577793e-01
-1.084506350159495786e-01
3.531909745503037084e-03
-5.541071692617239447e-02
-5.965282910209931955e-02
-4.310634023238938545e-02
-1.337990559056597695e-01
2.031243861299136810e-01
1.927708613910270319e-01
1.104657199818522006e-01
-1.031184984398293841e-01
1.529966978264183097e-01
3.764135171453695389e-02
-4.057558786098842442e-03
3.227251882403940342e-01
6.569467261474342124e-01
1.821216212485087804e-01
-4.383195137513731104e-02
-1.461254772551526249e-01
1.040991761775236640e-01
-1.221325545302514859e-01
-3.022867165916160587e-02
6.056383183486719890e-01
-4.934769455342637862e-02
8.880075052371042693e-03
-8.752515371467682603e-02
1.027949332646964642e+00
1.896632094237543642e-02
1.441953488681171791e+00
-4.881331543095019515e-02
7.301727541477988082e-01
1.166646627242683198e+00
6.195924219491213414e-01
8.784786403548967559e-01
1.122592458650110592e+00
1.414799441104195588e-01
3.948633039435128778e-01
2.496121996156930312e-01
3.580008048612078886e-01
1.707531466935091960e-02
2.990555704995137565e-02
3.763158138644517176e-02
-1.256723026719423764e-01
-1.559428849240703657e-02
1.431583741027291556e-03
2.940302712312150013e-01
-8.229052590704739184e-03
1.231954775521807433e-01
-1.002122464918491808e-02
1.909775049065773889e-01
-4.088107074688299147e-02
2.171640584234862947e-02
-1.064541153734391149e-01
5.474192377996415365e-02
4.709611708759260315e-03
6.928094410446576923e-01
-2.798525700960208251e-02
2.636745537956047478e-02
8.840957610873516337e-02
1.399550662636965259e-01
2.516798095542574498e-01
7.378443645445672550e-01
5.158621508543854706e-01
3.775394354566866673e-01
-1.936724604320216037e-01
2.847540617358458870e-01
7.736284939748773980e-03
9.927417128147945080e-01
-6.385449848925643657e-02
8.166093644791191930e-02
2.609829215996339880e-02
1.942017210588174378e-02
5.126328697008714075e-01
2.938138903325018120e-02
-2.172706839695630679e-02
1.719711377630183530e-02
5.016352750450437936e-01
2.947549571377836020e-02
5.424809850437753989e-01
-1.635343685623001642e-02
3.627956681732368710e-02
4.644061317050809760e-03
5.126346340877871999e-01
-8.281449739924727146e-03
4.544229236674339201e-01
-7.485561061513658354e-02
-8.591180496608741279e-02
4.012774857620181601e-01
8.467295213465955706e-02
-7.541196589879838041e-02
7.102732325794448853e-02
5.312443481491004871e-01
1.993037304898944984e-01
-1.253674039535690281e-02
1.610747432961683046e-01
-1.258574536175541825e-01
1.653754307826022646e-02
-9.759851158060592335e-02
7.094521657209934551e-02
-4.117876806194376016e-02
-8.116058194220895222e-03
-1.166751076250545360e-01
-8.540567014107298960e-02
1.984118032310679958e-01
-6.363176487262338366e-02
1.884134521170366672e-01
-7.715447672314872454e-03
5.702511977503415402e-02
-3.019144038934210017e-02
2.804299407964994106e-01
7.008755195151122885e-02
1.404273766329799111e-01
7.135777695539835541e-02
-1.283931374456384611e-02
1.057302816394826150e+00
-1.677880142236733846e-02
1.447352655635932406e+00
1.800199359288333079e-01
1.354242084869016483e-01
1.784952988551847738e-02
1.503184658544636010e+00
1.126136190570401041e+00
7.447122743440464099e-01
2.436392051131402656e-02
-3.645449194586006941e-02
3.044077250048064509e-01
-4.926579062735333275e-02
6.054177278325092448e-01
-7.268406545858599466e-02
6.343432964130479856e-02
8.512046140900862701e-02
3.967128830717241428e-01
-3.727095551872783991e-02
-1.821056664521062025e-03
-5.880940887123450173e-02
1.648864662310640938e-01
3.412607699999856692e-01
1.496021412470217304e-01
4.357265715998703270e-01
-3.364260532806116494e-03
-7.524299837848289797e-03
6.231481412762444189e-02
4.843000714599580703e-01
3.720255517874065943e-01
-8.799138431594254184e-02
1.047618502428386972e-01
1.057047007072582645e-01
9.893785913908831331e-02
1.373372352735845875e-02
5.331234834424164459e-01
5.984991639519363082e-02
-3.337646477905449605e-02
3.318345926085049941e-02
2.217116260240984127e-01
8.425091770976454340e-04
-1.151090454615312647e-01
1.893506786958390259e-03
-4.675954666261487175e-02
-5.983721677134921924e-02
-1.825015985838388671e-02
6.094868434690954295e-01
-2.994876014294129210e-02
-3.906879777306337606e-03
1.233726881984559404e-01
1.151155740950355819e-03
2.959771980818126993e-02
6.399772239759253523e-02
2.560737109290279756e-01
-9.654936872314631713e-02
-5.970273895083751808e-03
-7.180503856727352141e-02
1.915544578828754993e-02
4.487509600524128839e-01
2.711746373650104069e-01
4.808379848896519038e-01
-6.765939291372075060e-02
-3.667491664293572994e-03
-7.992627573817621955e-02
6.495496330428104925e-02
-1.299907042025634230e-01
2.779455624112595058e-02
5.398551151925674862e-02
2.276291673114314573e-01
-1.768671365279032848e-02
-1.728229832461192772e-01
-6.460976826087191927e-02
2.454548647293377794e-01
1.362060195738877370e-02
5.944474302478530703e-02
-1.383267381752590654e-02
1.601763069215774715e-01
-3.045981937979618664e-02
1.371949738400962460e+00
1.767357021946244500e-01
3.331481739897073080e-01
-2.033288476631548228e-02
8.484444851440297031e-01
4.383028482863549624e-01
-6.818392116297453120e-02
-2.448266201599043693e-02
3.750962489058106558e-02
4.472514697050940513e-01
1.453595341424898310e-02
9.175850449432451650e-02
8.210072870614589652e-03
-1.454891239700411600e-02
4.040234386162780411e-02
-2.340439620141837943e-02
-5.319900456177354547e-02
1.320454128027127028e-01
9.239498490703341727e-01
3.256567922220103828e-01
1.831780858516371055e-02
-9.158823269085063223e-02
-6.933059958358143982e-02
-5.410588871653900650e-02
-4.127778273236275969e-02
-8.921468510561930687e-02
3.070454009878523238e-01
-3.813762975022180063e-02
3.629703952421539648e-02
-9.364044488999680171e-02
5.435236965176012403e-01
-9.574957849743583049e-02
1.856062369704348236e-01
-8.799762418856005297e-02
2.362737512056234390e-01
2.540086820240001764e-01
2.512286722674296757e-01
-4.199045997148094511e-02
-7.848498747071878945e-02
-3.545903639578664585e-02
1.174925651068745996e-01
-3.737972523936686220e-02
-4.016977223189778512e-02
2.872820452486237949e-02
-2.284021999619179760e-02
1.494914845371707601e-01
2.704143073274246079e-01
-4.068897060705172625e-02
-3.288395565392824432e-02
8.369581377539268841e-02
3.333896461072801132e-01
3.280828699525430436e-01
5.015927288261539108e-01
2.700276289345526770e-02
2.447512123046110544e-01
-6.911822596891753490e-02
-4.104994532890125086e-02
-8.679175638288606776e-02
-4.956453721291368547e-02
2.205373281612654432e-02
8.671602061635531600e-01
1.879658885633043452e-01
3.099848265621385490e-01
-4.874977282302588727e-02
1.598360353574532211e-01
2.309690786822427289e-01
5.888085998298529279e-03
-6.252318550910929140e-02
-9.754544465883507529e-03
-1.193597027354300066e-01
4.287648027468373702e-01
1.063526556011746171e+00
-1.988398389471155228e-02
2.993558889504361470e-02
4.314806991735041786e-01
1.167957167565303739e-01
3.774268195448529095e-01
-6.979425969414047859e-02
-2.757144138117725504e-02
2.052382933551978872e-01
-2.739540395098678804e-02
7.158732850212877752e-01
8.204189839162071562e-01
1.689482220654027478e-01
3.345983158638822785e-01
1.099734097815830758e+00
-1.488100027438294878e-02
1.761554287536815921e-01
-8.698545207477269975e-03
8.801001997315511804e-01
3.532516123881597747e-01
7.807057085396059692e-01
2.749959393313448963e+00
-4.327886514835464077e-02
-3.785248670546455252e-02
6.753955709921419248e-03
1.470522110504047242e-01
-2.039695537263351913e-02
4.080372834568743445e-01
6.696262761074542880e-01
1.943553885168380624e-01
-2.936895854142063111e-02
9.710431617681877237e-01
2.845805178897173882e-01
1.073531452421384147e+00
9.885407429761707693e-03
2.189623262052650329e-03
9.937012699633328283e-02
1.554781784869981552e-02
-3.370591995469535140e-02
-2.779732926859231415e-02
3.142158242272568569e-01
3.381968287249902116e-02
1.704770082895627759e-01
7.411621363332275905e-03
-2.038390106096276203e-02
1.088615488661665298e-01
1.165643740737175825e-02
5.599608610483772751e-03
4.130981842659085801e-02
4.750204418763578906e-02
1.630418482459692342e-01
9.495291091247896886e-02
3.613808731046944112e-02
-8.455139447903839423e-02
4.285466387931193000e-02
-6.778117426015881075e-02
-7.311052552280200567e-02
1.278385261072605313e-02
2.719888959478437007e-01
-3.487979241084797517e-03
-2.220836192498868919e-02
-9.096699155387319435e-02
3.393416074872128152e-01
-1.197034807354286495e-01
3.108248639867345342e-01
-9.753679952562955072e-03
2.987961924973488170e-02
-8.305380729369329917e-02
1.717982809596276250e-01
1.913613663413561150e-01
-1.107008881015751709e-03
1.238005822000107642e-01
8.277771029706132433e-02
3.296098286904026176e-01
1.505116522293571402e+00
1.295151289887437329e+00
6.818798517042845564e-02
1.040502715655325483e+00
-6.414556720112137012e-02
1.239607741886674941e-01
-1.279339765268788440e-03
1.233641707955861200e-01
1.637896046354196944e-01
-8.532623153582881426e-02
2.446747337612625584e-01
-1.208835953253176443e-01
-1.229579541008414406e-01
2.613749527073207582e-02
6.909588188713318146e-01
1.317317229925858424e-01
7.268197595312253512e-02
4.730025826372340897e-02
-2.083996172073894135e-02
3.166735745253505818e-02
-8.477233832676239755e-02
-3.327066522797183633e-03
-2.502945486709538120e-02
-1.335585838364117817e-01
-2.332475657195711219e-02
-1.083502324545906059e-01
8.993253000466208680e-02
1.423508832479703501e-01
-4.127153419130947555e-03
2.633268601774815254e-01
4.615379101537618600e-02
-2.458237124614317398e-02
2.275120213714015849e-01
2.155685244009628132e+00
-1.252508499446821320e-02
-3.190722236093860176e-03
4.105472188066415506e-02
-1.927349106650373123e-01
2.916988457388393075e-01
2.969420951223961103e-01
-1.065595338619152732e-01
1.040724397396324136e-01
-3.525658373833057135e-02
-1.178520399898657367e-01
3.232999773567453161e-01
7.230437159365191158e-02
8.665433351724053379e-01
5.514724691894904579e-02
3.411857901703455043e-01
1.611846084471720286e-01
3.845842181843979468e-02
7.294004777496883307e-02
-1.474994301763881133e-01
2.576157792827682980e-01
2.563230097613858338e-01
8.811867868811661120e-02
-1.579835710433645166e-02
8.872944181835875146e-03
6.315291481893121617e-01
5.052222912466868276e-01
6.869012017139746948e-03
5.817927484277904404e-02
3.580292891299692859e-01
-5.520994307165048159e-02
-8.524968314548629633e-02
1.764512380891296028e-01
3.133483051024697069e-02
-9.667593891682527141e-02
2.784261833441008527e-01
4.127496917017084432e-02
1.543223786752647431e-01
-4.708273273676132076e-02
-1.278389457778973393e-01
-5.380668225327484011e-02
5.183803738280219793e-03
-6.650657809871621251e-02
5.429827014778969563e-01
-4.269525942226459758e-02
3.976518861428420676e-02
2.682701007778940938e-01
4.198184910182535881e-03
1.170148635136321891e-01
1.205034709422688442e-02
-3.328289670701514019e-02
-2.944011837864215012e-02
8.919590036248015164e-02
5.080316418091091607e-02
-8.676655534073209053e-02
-1.940509488861115808e-02
3.107327649417962814e-02
-1.295587105279276396e-01
1.185067408256376270e-01
2.049509074521320140e-01
4.883077635694912932e-02
-3.361424642778903377e-02
-7.457703550517670588e-02
-8.786705954076205749e-03
3.707341164764195174e-01
-5.009311329660017659e-02
-3.583576334738856201e-02
5.592373809520732181e-02
6.389590723266629357e-01
1.648567684598693517e-01
1.568229568328243784e-01
-4.883913020312581621e-02
-1.224699298190104618e-01
-3.514509590676635764e-02
-6.681842211720215308e-02
4.957373168181098411e-01
-5.826815958750754948e-02
-2.846388398043012136e-02
4.602386141929487029e-01
-1.191179434505356960e-01
7.863637489317980567e-01
1.832616086686953694e-01
7.211620196174306496e-01
-3.656631021654891539e-02
3.661610801017042838e-01
-1.014345237881904109e-02
1.749782599885443476e-02
6.211799392786877816e-02
2.170657642134333001e-02
3.157645483371002669e-03
-5.214671738355820124e-02
2.086270417706389754e-02
1.212388703160310666e+00
2.493451627704587961e-02
-3.566610446056016348e-02
3.801095364289933110e-01
3.776142154423907660e-01
-4.957066009973925408e-02
1.013559598123361938e-01
-6.082236899182915518e-02
5.308763865158423745e-02
4.532336481052968297e-02
6.763099624014601297e-01
5.237982869674376873e-01
5.946529747402590216e-02
5.546535069558680003e-02
1.125206665339843481e-01
-6.286033962208915915e-02
3.222293175365141815e-01
1.434515741612789885e-01
5.951289050001809522e-02
-6.853616937640664986e-02
-4.207783457655638049e-02
2.223368800315474458e-01
4.105063602617742835e-01
1.006819251594876785e-01
5.677672372283238955e-01
1.022585696341377304e+00
3.290307027650805627e-01
3.586605506057872345e-03
2.726352577769626251e-01
3.833251583017343034e-01
5.805049434325145613e-02
-3.509789900752453840e-02
-3.288986163459241968e-02
-7.012804314839648579e-04
-9.698640155170806798e-02
7.142701396569888228e-01
1.066329891572831839e-01
2.613134351310489878e-01
-1.064923925017162848e-01
3.378520688103086589e-01
4.822381167036137173e-01
1.356524721983765058e-01
1.926263461747239683e-02
-9.836992937118631264e-02
-3.659283255833373910e-02
-7.612822308906107283e-02
-9.730131183495381586e-02
-2.102784224621022380e-02
-3.947204625985133164e-02
3.463707325720527530e-01
2.056527109994163438e-02
1.314668097182418727e-01
-2.980981520035941648e-02
-4.444606718554718755e-02
9.800058796710444525e-03
-9.199110044755663684e-02
-6.782037203294627448e-02
2.527844389033497702e-02
2.143879543290817258e-01
-1.507538133880889294e-02
-4.346298161032884771e-02
-9.583876832040632426e-03
1.762490920531869509e-01
-6.765178473696646655e-02
2.921957959732059216e-03
1.185879035603482623e-01
-2.415190121173747470e-02
-3.778070418416164256e-03
5.894611669629132300e-02
1.514682625471532908e-02
2.689723623211881520e-01
2.077420973979469032e-04
-4.677429297725443913e-02
-1.746032077573654584e-01
-6.722598862692058530e-02
3.979496715141434687e-02
-4.558564105166883207e-02
7.268208230411465909e-02
-1.206427674291460882e-02
2.230626965069395229e-01
3.262447607857799081e-02
-3.467928675815245415e-02
-9.909764676107828130e-02
8.887948900690414294e-03
4.375753388667601163e-04
-7.541954112567279822e-02
3.172125990520408695e-02
3.628409602880852125e-01
-4.895729191232449373e-02
2.256918526643279244e-01
5.986376420675033616e-01
2.436874788397971336e-01
-4.769467740366986792e-03
1.051017999328502261e+00
1.233662836060345880e+00
9.863680002331193242e-02
-2.460085073565565841e-02
3.376165040248897409e-01
5.463498500180086204e-01
2.455854026541350321e-01
1.183637316586283322e-01
-5.170187237943464631e-02
3.247631356160604610e-01
1.433743857868834126e-01
4.309273537821322053e-01
9.174130884210317249e-02
4.707587179275622702e-02
9.635615049658087239e-01
6.075488141407253684e-01
-4.422577316879474502e-02
-2.147868713090390208e-02
1.265315687766208619e-01
2.588126717047135178e-02
-1.071387384476840537e-01
-6.382958688758895438e-02
-3.163039640394380708e-02
2.087483844560519830e-02
1.180191077197034616e-01
-5.893298247933344280e-02
-2.733545556770563406e-02
1.501938379493070186e-01
6.390945457779083627e-01
-6.721197897135582078e-02
2.669781959144651787e-02
3.537827679807211689e-01
-8.969944320031415785e-02
-1.238784923627465027e-02
-5.396183598216439115e-02
-2.756121139896025238e-02
-2.704876889197848494e-02
-9.642278349410736416e-02
2.075041990261223754e-02
-6.167855932107741551e-02
-8.271107183697740117e-02
-5.654073373850614093e-02
4.477624622360529827e-01
-1.273942095778293586e-02
7.607791491603355105e-02
2.216354830232013240e-02
3.965326893484588111e-01
-1.280033981955838208e-02
2.453070399780646338e-02
-7.449202098859325494e-02
3.477222815501301856e-01
8.505910183636898603e-02
-9.692988744594004114e-02
2.907032384932412561e-01
6.726464057559961018e-01
-9.918318465559497477e-02
1.304362878093159525e-02
1.049473918077215850e-01
-4.888916588566214610e-02
4.917865469411871193e-01
4.196264426707060208e-02
-5.887611729938096311e-02
8.763163411520410659e-03
-5.659122825453304778e-02
-5.376181536860029364e-02
3.141577752399101354e-03
-8.874005866869888459e-02
5.344352591666650699e-03
1.847774814667473287e-01
-3.966111429096154384e-02
-3.002936321140362713e-02
4.399305239401606060e-02
1.222049330008048024e-02
7.135691405377829755e-01
-2.070673285882811826e-02
1.452832239320018537e-01
-7.103416495196480940e-02
1.247422322691799507e-01
-7.789385797433449887e-02
-9.205503366929754239e-03
-2.718226520881245750e-02
-7.437506759749004659e-02
4.118372918327896648e-01
9.507294282835184740e-01
-2.560006928084271327e-02
-4.264093243733304422e-02
-2.227722452195393665e-03
-2.737604463231636462e-02
6.847156650654059873e-02
1.302453249266765853e-02
-5.818972427500691824e-02
3.327164923449609235e-01
-1.005213460192931063e-01
1.230310028955010071e-01
1.058293016371215228e-03
-1.092628221892069929e-01
-3.725377063294171842e-02
-5.791464466760819219e-02
-6.381711812808196597e-03
-7.110644754752502850e-02
-3.363428322986100616e-02
1.265867422084213101e-01
-2.559133909487027944e-02
7.496093195335230830e-02
-5.558097765177225785e-02
8.589182948423515485e-02
6.413653170920557978e-01
8.141204978178809282e-02
7.694691800702287490e-03
-2.407392735699885600e-02
7.676297619452400293e-03
-6.382001021226402226e-02
3.911687255615769465e-01
-4.981904409899503422e-02
-4.745360915633620863e-02
1.188482319570505874e+00
-2.498782060105686487e-02
7.458560198629027652e-03
-6.732451431072614123e-02
-3.525239531038354412e-02
-1.691808088340601268e-03
2.523892915108824631e-01
-1.419778857734984301e-01
-3.419801250300786438e-02
1.824576518130076042e-01
6.827840096770219913e-02
7.477514995235046147e-02
-4.283658743039429895e-02
2.400255148391890747e-01
3.160446926443202104e-02
7.889753897920365189e-02
-3.932948740851015951e-02
-4.117298448516048398e-02
-3.928550425848038180e-02
2.297118672296274144e-01
1.718319467780062559e-01
7.070085121413983709e-01
-3.566748569502297544e-02
9.398852787325637226e-02
-4.724634005275987758e-02
-5.299908989220139532e-02
-4.759901059793560096e-02
6.135418490478676823e-01
2.715012049818774434e-02
-6.163075956700269503e-02
-9.076488311660994845e-02
2.485283564311439042e-01
-3.789752721199567131e-02
-3.059140339414266954e-02
-9.996590395164392517e-02
-2.618164810145531818e-02
-3.098826595246081603e-02
9.992926543598392927e-03
-2.904460111424963381e-02
1.948575317213438463e-01
-5.657947296070801185e-02
3.933019643804261944e-01
2.600823720189334755e-03
-5.225422540291430745e-02
2.410538265466735941e-01
-8.070869286980524027e-02
-8.778032394520675352e-02
-3.071872162234182135e-02
3.159004935707127731e-02
9.789004980748448048e-01
5.568816706470669509e-02
4.075803533460919947e-01
1.263079725143918808e-01
-1.223693556208912264e-02
-5.225356990212127323e-02
5.048231019024885802e-01
-4.923612308816935519e-03
4.693205382181491608e-02
4.079260160154419834e-01
-1.702553428889495499e-02
5.953599562835050207e-01
2.714467447568920666e-01
6.463913724738135080e-01
5.087317176965493459e-01
1.702704085590802524e-02
1.891198599483277232e-01
1.334845053148369931e-01
-5.256385518889402503e-03
7.128525133683546143e-03
8.241795743270504682e-01
-6.475548825614978188e-02
7.983956147639892365e-02
-2.923312325098243597e-02
4.678609095411755125e-02
-9.061085370729478339e-02
-1.194632984028831668e-01
-1.508705857621241986e-01
6.334139839367994296e-03
1.762409201113257773e-01
4.205921299757346965e-01
-4.777459220919067634e-02
-6.621579786157376357e-02
-8.708719448601427021e-03
2.545016143861056346e-01
-6.595861975490359408e-02
-7.757674961346291975e-02
4.563898080722032097e-02
-1.180209279306328185e-02
1.954470334754968841e-01
-4.577513232804520521e-02
5.846484447501389126e-02
1.894122302804437108e-01
8.095677101442012580e-01
6.204410696638837930e-01
4.165897460269087360e-01
1.188432526424364477e-01
-5.758276815607975274e-02
-6.329395286732135417e-02
1.147894095894187588e-01
-7.554315564415979567e-02
-5.094732488237474488e-02
2.533716731750097415e-02
4.926379188028151557e-02
8.583041683807079991e-02
1.848346978037645749e-01
-4.505250515009884965e-02
-3.353528140180719180e-02
1.351119810960814960e-01
6.756645681130248049e-02
1.157833419910929557e-01
9.865759338200716377e-02
1.519674607794187171e+00
7.762356146111631938e-02
1.486211698005230827e-02
-7.242576183330649842e-02
1.694488527750421525e-01
-3.289204423441993708e-02
-3.068565801478067775e-02
2.798095111333968044e-01
1.513126306294275969e-01
-7.091752251417621222e-02
-3.911682652787833864e-02
1.115372434234622873e-01
-4.296762648530125933e-02
-3.767608176267265435e-02
-1.655854954602890144e-02
-4.764601035693579595e-02
-3.637325706521708779e-02
1.809882022747115460e-01
1.113627228714835660e+00
3.765743880731775017e-01
7.144878148612292534e-01
2.534917640287647211e-01
9.303803908617796700e-03
-5.358987113863281602e-03
-1.750267286677292464e-02
-4.110003755407921205e-02
7.602334012951296460e-02
-4.342199095009533633e-02
-2.864724159229451242e-02
6.588315996741865577e-02
1.890775413539673433e-01
1.090893665544966917e-01
-5.547811455429036429e-04
-5.736297311774059271e-02
-4.489053332103530580e-02
1.433919882413301483e-01
-1.662340386469047041e-02
2.609271002493239369e-03
-4.937023148999671041e-02
2.909222514672946125e-01
-5.129575719979668352e-02
-4.102722152506482062e-02
1.943472538060254939e-02
2.622294669743047146e-01
6.277689213681399150e-02
-2.372442899863227289e-02
-6.045185140344385560e-02
-6.566948729345427338e-02
-1.290891010221742897e-03
3.021710894408131676e-01
3.886075451345016307e-01
1.403396699472968245e-01
1.169037725370123820e-01
-1.007247564648725141e-01
-7.137234009328161620e-03
-8.562802529695905107e-02
6.725691479127607342e-02
-4.176056385458357112e-02
1.188305943814525367e+00
4.565492021617626461e-01
7.847320115985980671e-01
2.444933525747818026e-01
3.107331205695374465e-01
9.773574232496256009e-01
-2.273060449428247753e-02
4.454178714369584346e-01
-3.381737372257911933e-02
2.289500970388653189e-01
-1.534629162427238007e-02
1.699657920970854275e-01
1.739854526225182926e-02
-5.115544777949748712e-02
2.534547377308659644e-01
1.536625245113507177e+00
5.112799506590542942e-01
8.744095660817021720e-01
-6.373658295022111009e-02
6.091086784180360647e-01
-6.059497637928461244e-02
2.319846661886726738e-02
-7.923972554430067095e-02
1.583186330543766562e-01
-8.738559377596373523e-02
-7.469721377466144452e-02
-3.702656231942173803e-02
-1.609842927027865453e-02
-1.703071503462931513e-01
-9.552091749007346477e-02
9.220252549501981032e-02
1.631922564949757001e-02
2.171475002033128321e-01
3.115704900252320129e-03
4.144287816160473897e-02
-2.951194166082278872e-02
-3.766973230273709672e-02
-7.670637848628446276e-03
3.824675930062732543e-01
9.591994345548018885e-02
2.143408228603545240e-02
7.257219840113325604e-02
4.610205695081368016e-02
4.524372018559477682e-02
-3.715638169044417627e-02
-7.858138016458309297e-03
-4.147530345995974893e-02
-5.828833810075632893e-02
1.088849392112196772e-02
8.852108587116128136e-02
6.750583532043069601e-02
1.134589170548689074e-01
-8.990200872667691856e-02
2.146174587922559853e-03
-1.602605347496793495e-02
2.976303900297874172e-01
-9.474129917653474620e-02
7.483956029936321419e-02
5.980931896674472892e-01
4.318834123700128758e-01
2.862195858270660809e-01
5.728757008296243847e-02
4.506380498459200412e-02
9.889152506718603686e-01
1.012788243958196929e-02
5.206548793865362762e-02
-1.510504261101375777e-02
-1.061998696235346429e-01
-7.532522093268775865e-02
-3.393746764517106135e-02
1.777530550441318302e-02
4.103193008633545524e-01
1.685379429707186960e-01
1.896626664414889085e-01
1.908801498334155577e-01
6.677778491596556096e-04
-7.281405604461207125e-03
8.578050260842721986e-02
8.982079133918598191e-02
9.320529686900674848e-02
1.366080390382013454e-01
7.599102467405698287e-03
5.869231311556909886e-02
-5.988358883783694020e-02
5.105928885279920754e-02
1.538488491364661537e-01
4.236213056187320921e-04
4.492293912876372808e-01
-6.707117418844453505e-02
7.979638220248915781e-01
5.087677870863391849e-01
2.847887859789278303e-02
-4.161010748357635292e-02
1.074252124103109579e-01
1.217807647136672083e-01
-2.639370271393166184e-02
1.102718387749624385e-01
-4.250765501659607010e-02
-7.376049314187543837e-02
1.097942463097526966e+00
1.170080500273026382e-02
-5.833271668406920206e-03
-3.347438137106086790e-03
1.547467107179199830e-01
-2.349503194718406511e-03
1.333549337213290054e-01
2.592981138090454385e-01
1.618911164369002398e-01
2.741830126454948904e-02
2.609939498704616848e-02
1.872651240473990619e-01
-5.311466274938530380e-02
-5.957686903327172323e-02
1.428329705856265508e-01
1.994166963329007877e-02
3.064607177752768918e-01
1.684397238189890844e-01
3.940735278642365502e-01
-5.441502857008417154e-02
1.632223008691328914e-01
9.467019506855527122e-02
-2.545797867382371040e-03
8.063996224924883105e-01
9.053812025148086362e-02
3.676222939034010312e-04
-9.442461299552278031e-03
7.817717970217247236e-02
-5.309252713715288674e-02
-1.402045641653743013e-02
8.431667212790337762e-03
2.277294564121525033e-01
-2.946989216462728503e-02
1.090123855450957427e-02
-8.177052065633258482e-02
8.368882041608594405e-03
2.171317933203313344e-01
5.144961319580756420e-01
7.283103037152379236e-03
2.224607027850896701e-01
2.106101732904639423e-01
-9.785943730996796153e-02
4.082989693203954440e-01
3.908435586821949470e-01
4.533332969860693479e-02
-2.448177956041710721e-02
-9.885183737499180293e-03
3.041308746299295138e-02
7.031035414357869051e-01
-3.139053426587092022e-02
-4.793101766676415021e-02
1.583761351638197229e-02
-4.256131142830952424e-02
-1.005897607707789965e-01
6.830004340584046318e-02
-6.935738755486219043e-02
5.374053700350154283e-01
-6.669657138516092709e-02
5.294449940741851462e-02
4.965378433611385839e-02
-3.317972784191521723e-02
1.362356504840498139e-01
4.509503917593050970e-02
3.817666841164095715e-01
-3.151188722401189468e-02
7.947309681530836389e-01
3.126630599839414493e-01
2.170819819668858702e-02
1.166125226787209507e-01
4.943766986630946936e-01
7.095968311685318941e-01
-4.802204968176714277e-04
6.091398688891892510e-01
-8.583070028748944480e-02
-4.268564899043584410e-02
2.475519434907247004e-02
7.249113368587510875e-01
6.752900896219346527e-02
5.395359676543100003e-01
4.751763666383313628e-02
-3.053338094190134397e-02
9.571427387457839830e-02
6.839518587587854748e-02
3.078398588800043342e-02
2.274946199390812107e-01
1.554001243147549657e-02
4.349055936071704459e-02
1.143554434911774331e+00
4.340643026663494330e-01
-6.076907439279927853e-02
5.753811451964609969e-01
2.069842707501888882e-02
4.746554997841034851e-01
-5.697041579532259592e-02
-2.214164006190095721e-02
-6.334136147317859233e-02
9.963731600463709981e-03
-8.604072532204297408e-02
1.808397869183873130e-01
1.133731874718332984e-02
4.662211935923345485e-01
2.267140094139389050e-01
4.111290299724479347e-01
-5.187689828438098172e-03
-8.854706572759028782e-02
3.202229980686115141e-02
6.164651720863034701e-01
6.054747984506831521e-02
1.782619435123107277e-01
3.527088768320777584e-02
5.067693016472636647e-02
2.913404332068438296e-01
-1.724104819522829027e-02
1.482849260261750179e-01
-2.400874691287332996e-02
-7.221997283209836971e-02
3.666548780853886580e-01
-2.095490162721501404e-02
5.232186172882615643e-02
7.098583135227895524e-02
9.461910215424543247e-02
-2.737542872277973910e-02
-5.123646453532032519e-02
2.894907285809998967e-02
3.823166939282987564e-02
5.667747590859810447e-02
2.735500941570043754e-01
-1.715036219756313832e-02
-4.966875553141161109e-02
-3.455381559804628772e-02
5.362335069016490596e-01
5.171236905697588343e-02
-1.037172291153464626e-01
1.093848714234626263e+00
-7.260932786834277397e-02
-7.286475161401270717e-02
5.805976670027863662e-01
2.013089618917930923e-01
2.675691777655518910e-01
9.569972487103733938e-02
1.293786962412188102e-01
5.441033733247457871e-01
-3.521876758010807074e-03
1.493767353017811939e-01
1.762407462794872426e-01
-6.315575794902665747e-03
2.398600487119721680e-01
-1.611452849127398626e-02
-2.375431198269631686e-02
1.086093171126503894e-02
7.234512018558196533e-02
-2.205633063076131717e-02
-6.807852735821223744e-02
1.617699010186227082e-01
-2.585007805940132616e-02
1.270343237534760777e-02
1.095384639517754249e-01
1.283924156960744023e-01
4.285550586745171531e-01
2.084624893722636929e-01
2.551634360016647451e-01
2.331910797396626045e-01
-7.240693724423169497e-02
-8.400885258699168634e-02
-6.566070776790246255e-02
3.364467057569363595e-01
-5.900081558355085160e-02
-2.692255140001377500e-02
-3.117990860441903836e-02
1.395528007485328514e-01
-4.726830297053243035e-02
4.304860160700105243e-02
4.087440363564941517e-03
-4.877496688221533150e-02
-5.317355896369723584e-02
-5.895613022077440118e-02
-4.390852570368716790e-02
-4.795732663440598065e-02
9.719394187528705362e-03
2.684048095194839501e-02
-8.561510213859428731e-02
7.279941377749543641e-02
4.125384567559781668e-01
-8.084450820394109560e-02
9.351599975046945290e-02
1.078125185588500734e-01
-5.498039373998007961e-02
6.140073168864632752e-02
1.952418434496536181e-02
3.655704707492777872e-01
-1.661589460126059251e-02
4.616183722022692004e-01
-8.144589370736673994e-02
3.794083267265169201e-01
1.525305542317059726e-01
9.257924161776358296e-02
-3.533348442298747671e-02
5.508537884516743199e-01
-5.214234277775012943e-02
-1.280587881785087145e-01
5.364182504669310486e-02
2.017100708267368647e-01
4.734399774465877959e-03
2.172221430481855245e-03
4.310924097668684257e-02
1.012725669509624143e-01
6.112625317435633338e-02
1.136429643594117467e+00
-6.025343630268921100e-03
4.345962044547930225e-01
5.461553933735732169e-01
1.220123657207708261e-02
2.169791787066581712e-01
-1.009765871044913596e-02
-1.341380645336387456e-02
-5.056537395020550135e-02
4.857045330823164808e-03
-2.437783268239100860e-03
5.415328370088439564e-02
-1.773335501962827743e-02
-2.544010438853997608e-02
-1.055057348455494121e-01
2.965252056240067977e-02
1.095900508852598876e-01
-6.458088966481927151e-02
1.981625989277102391e-03
-1.022609481370318797e-02
1.698297862910637557e+00
-1.476281263309116021e-01
1.444346292092802964e-01
9.086776081381061632e-01
1.722772838650056482e+00
5.967633266286291593e-02
-1.692706409576362828e-02
-1.054829638387451418e-01
-2.539358358268335378e-02
-1.778486484767764081e-02
-4.564399053089990971e-02
-1.882184153138736701e-02
-7.350821878877443483e-02
4.076588237063993349e-03
4.224088002347747839e-01
-8.485108671998861651e-02
1.458266705895561177e-01
1.690098206665009872e+00
-8.294992656956363605e-03
2.556437969708386798e-02
4.631120545603474303e-01
-1.859167711998347891e-02
-1.053491119085462890e-01
3.035999627417873548e-01
-1.773001532214373704e-02
1.488293528461329075e-03
2.524853360618078968e-01
5.237354394210006481e-01
3.944458484700804485e-02
2.259848136566305066e-01
3.235897129281243290e-01
-5.487621398049059157e-02
-2.356329034932621094e-02
-3.833464677887678945e-02
1.259099356854288088e+00
6.469068784649856241e-01
2.190271662191938321e-02
-1.710294702529704600e-02
-1.034097353105662420e-01
-1.085057144975580708e-02
-2.013854137948535225e-02
-7.382290537660213259e-02
2.974551079450590274e-01
3.800361434411497763e-01
4.730997694196793085e-02
-5.190667897365887351e-02
1.680334114235271514e-01
9.561786874622602017e-01
7.464840015552434054e-04
6.490041175973420076e-03
-3.914750104150533511e-02
-6.899358164305302576e-02
-3.957550646609998141e-02
-1.059933331117520749e-01
-7.197175431472964402e-02
1.768693715343612194e-01
-2.929622281826475133e-02
-6.305671416109916161e-02
1.179093596652020848e+00
5.954832629702815766e-02
3.014920246306762031e-01
3.530088351274744962e-01
5.071883754153030388e-01
1.446038705846443805e-02
-5.939590772261232193e-02
-7.568630493111448698e-02
1.216513528757428046e-03
2.911754536877202426e-01
9.084943345872932563e-02
-8.507843427301549355e-03
7.040720944182661256e-01
1.861496382393720284e-01
-5.160237063165695054e-02
-7.017056445732464121e-02
-8.250684611928391088e-03
-4.819150702309538126e-02
-2.541877680983158864e-03
-4.998414036699509733e-02
-4.952810350397311712e-02
-1.363984565500651613e-01
-3.003809223813282483e-02
-4.539155441919244527e-02
-1.044244138619698364e-01
-8.801838591333061013e-02
2.864138893320425372e-01
3.364025277320096818e-01
-1.695447050516161666e-02
1.703113769023177348e-01
3.703531404319072573e-01
5.978626860334644855e-01
2.023498213026594661e-01
-7.773807994504867980e-02
2.525833788682334963e-02
-6.578945250385589971e-02
2.036047895663295471e-01
-7.429889050156504582e-02
-1.403197888659759099e-02
-1.101272950369125564e-01
1.051510072807365498e-01
-1.081248774837278992e-01
4.674599368492588641e-02
7.717470128447051535e-04
-1.389284037812910377e-01
-3.193871118858737645e-02
-3.587646268656769638e-02
8.104616177511998407e-03
-5.495785830074607914e-02
-5.765576039220981185e-03
1.326573063725045693e-04
6.168593435326305378e-03
-9.445965799928218720e-02
-1.971139531334201861e-02
-8.002266293172848044e-03
6.722963411489429886e-02
-1.058816915481126941e-02
-2.815564088725925479e-02
-2.495530997017396391e-02
-3.474994796744793057e-02
1.696509353876659021e-01
-4.803827868967879694e-02
7.579550761155084970e-02
2.203099054718530569e-01
-5.246201378237057289e-02
6.870356627163776630e-04
2.724298554476687825e-02
-5.238623488814489471e-02
2.174085223973211134e-01
-1.077945018595190402e-01
7.586410337540269722e-02
-9.984923466929768177e-02
-2.514143091038894412e-02
-4.190170386664412300e-02
7.328246095917233527e-01
2.010887096351556772e-03
2.727296453908231721e-01
-4.766946434937119337e-02
-1.081289613066858113e-01
-2.335430282396373097e-02
3.163546042508443290e-01
-8.144522918119463661e-02
-6.155917487152352818e-02
-4.228859514629933203e-02
4.209844355866599989e-03
1.004283843397106718e-01
2.034245891536962114e-01
3.803032365572241863e-02
7.858508904947548723e-01
9.048879546625569759e-02
2.600745235376675929e-02
3.414509137899018332e-01
-3.358832846040810810e-02
3.337263278094833308e-02
-5.090687103976766076e-02
1.953698648235195345e-01
3.408635504780741649e-02
6.733274540440156164e-01
4.630186336228743205e-01
9.743594457465722114e-02
8.096179957103582375e-03
8.215389300981436049e-01
9.409876390405021163e-02
2.626086657800791313e-01
1.037816094162565150e+00
1.250605129877229160e+00
1.042402581179159571e-01
-5.827017610972869827e-02
1.994742831398161609e-01
-3.768078574462336433e-02
7.273491711618393363e-02
-4.812845507871107292e-02
1.191028903171511277e-01
-1.251179607432299605e-02
4.938773118711042333e-03
5.127829130738626590e-02
2.791471112934232890e-01
-2.769991074649497467e-02
-1.001237358163826335e-02
2.541011815994108011e-02
6.244141476843879240e-02
-4.461592195994309876e-04
2.316496440025652553e-02
-3.714388492221056687e-02
-2.952755194792981361e-02
2.119718898470612789e-01
1.166400991452686865e-02
-5.225923608794525582e-02
3.048138278926885211e-03
7.595458937776304598e-02
1.375223163912327184e-01
3.118975786151754193e-01
-7.905225271602941972e-02
5.137292563312230165e-01
1.351365045726442560e-01
7.717245637270792047e-02
-4.281677462238998172e-02
6.312477327582519671e-01
-7.268324061185117702e-02
-4.957790834364650401e-02
1.038098545130474448e-01
-1.011084565574483498e-03
4.174548140169797791e-03
3.598722081239578985e-02
5.408552350229140632e-02
1.150578348342485707e-01
1.336052465574368575e-01
6.532788392268663591e-01
2.663540594920864035e-01
-7.759294898481511327e-03
-6.362846639075374344e-02
5.899712782161290470e-01
3.708824264331285758e-01
4.018304387750108037e-02
-3.958425197520899774e-02
1.742030831975692473e-02
9.874889503708138543e-04
-4.581021523326729572e-02
5.592121339899782662e-01
-3.323618519608233235e-02
-3.754094992338814774e-02
-5.220161961358159297e-02
6.171757164329850776e-01
6.467606241084795926e-02
-6.342610286895135341e-02
5.156763539661198686e-02
3.168879127422773445e-01
-7.638302568229785039e-02
1.045916395664763465e+00
1.513677984751223837e+00
6.069480236210210433e-02
4.797830318485024614e-01
4.519171643431235674e-01
4.232717828243608982e-01
3.382282239040839134e-01
-5.736058975059737247e-02
