0.000000000000000000e+00
8.538168691706715663e-02
6.787292243800280289e-02
5.905924732545830835e-02
2.791090195257162065e-02
3.785535448517229895e-03
1.398741589336616187e-03
3.766188907974665767e-02
2.683572022120372935e-02
3.018598954604456708e-02
1.855120636881046892e-02
6.395758862635325670e-03
4.564134390800944630e-02
1.470432747671956975e-02
4.018828956773745631e-02
5.387537933777597488e-02
1.773472711211976360e-02
1.406329981503207094e-01
6.770612831758615613e-02
4.958263020864439596e-02
6.161712502078664500e-02
3.953033750992762663e-02
3.893491298235840503e-02
8.939937679701692730e-03
9.039591202533614478e-02
1.054962355238995286e-01
1.149922727751846452e-01
2.552771247811591593e-02
1.493502909754340635e-02
2.485621581806451985e-02
2.154446788721351425e-01
1.225419728907395367e-01
9.957275385214181540e-02
9.608047998506297205e-02
1.008580228811304380e-01
1.020732720351755773e-01
2.832790576747168387e-02
3.762815202477360899e-01
6.872218112082428831e-02
7.694289403214593648e-02
1.728867420434880842e-01
1.289588849959262262e-01
1.857477604277768535e-02
3.646319663234187658e-02
9.253114788230654142e-03
1.252447661263111911e-02
1.543467858679559157e-01
8.993159240132442278e-03
4.153838887464100793e-02
4.465118887871364350e-01
4.555251255046766090e-02
7.747606777140969569e-02
1.205430009478298814e-01
5.388108070900177182e-02
1.271023127257464580e-02
4.555492307027897425e-03
3.401771269334492587e-01
4.034068790651801351e-02
4.150211958889205022e-02
1.696777586730009446e-01
1.027719619121363337e-01
1.318493566513900817e-02
2.976615690913764212e-02
1.113216594130417292e-02
2.713738206870086600e-02
6.436655254739331866e-02
1.011460324048929493e-02
3.831958555012526801e-02
1.054496050710946875e-01
1.481823364391479103e-01
2.058019984216841181e-03
2.429435245658417841e-03
0.000000000000000000e+00
1.535289101959413927e-02
9.914312559093652055e-02
2.057363865178807316e-02
6.537699267245411505e-02
7.746189479472143091e-03
1.893104162066538976e-02
1.010062329208230025e-01
3.753254245382020571e-02
4.938601482217119809e-02
1.113183464676961165e-01
2.793551916564354087e-01
2.667405623830694239e-01
2.368989899200535376e-03
5.640664148342189321e-02
1.475511405077245541e-01
1.277090616649347865e-01
4.845743357417831021e-03
2.844854985980038720e-02
3.798881280028876262e-02
8.074790077666538224e-02
9.026827859830888201e-03
4.413026677273101939e-02
3.480717195848548329e-02
7.001696739626694921e-03
2.536075153243366742e-02
4.747898922510529474e-02
5.316703461932359431e-02
5.189726966974372857e-02
6.280349276638652611e-02
3.186202078530264714e-03
4.921198160890583040e-02
1.377726894997266527e-01
7.084478286579098949e-03
2.545738894754734361e-04
6.918237830356943618e-02
2.015317627628743224e-02
2.296095026948723472e-01
3.068453954848049392e-02
2.273467294130160354e-02
8.817338938582608421e-03
2.737201931768673546e-02
4.035445433210504973e-02
2.479840126955945578e-02
1.200777850441001604e-01
4.503382183261628313e-03
1.102484771755563031e-02
2.835495371317531266e-02
5.049608418292361733e-02
4.827949791375374389e-02
4.949964233117132295e-02
1.437388613003864890e-02
2.219316449370367650e-02
4.817481466391537737e-02
2.186740854539248602e-01
7.101550823291180592e-02
4.506400276874167332e-02
9.823001653443963477e-02
1.513675685580917474e-02
2.977174819772532288e-02
2.220460126066825524e-01
1.327245995877532891e-01
1.420645715602564252e-02
8.003510473098263134e-02
1.074559996792689986e-02
2.452929554055973682e-01
1.248572354239652071e-02
1.149903462940624621e-01
2.907222164702183420e-03
2.932689066618721085e-02
1.364513564242546551e-01
2.817494910357787319e-02
3.684213034832506395e-02
3.542702805774666786e-02
3.066500604539257324e-02
2.949195057730857883e-02
3.661956815909039875e-02
2.914270780858085885e-02
2.986682673720153502e-03
4.604984733384487328e-02
1.802731108911537206e-02
1.388746240238702967e-02
3.708039506072680069e-02
1.753563593188012248e-03
1.053543118659572286e-02
6.706770538236206392e-03
1.043558424608193036e-02
3.864364770260042548e-02
5.797464366016136239e-02
2.873557834464168792e-02
0.000000000000000000e+00
2.317853480947906775e-01
1.890235799259984972e-01
3.263913256275863262e-02
2.305363152875239408e-01
3.562450114566759751e-01
2.345830874488390450e-01
2.132149852314570992e-01
4.119509443907398705e-01
2.822157587097944287e-01
2.422413873806394946e-02
1.857176742633992461e-02
4.467904839545333573e-02
9.256299710915349976e-03
5.296550116504317174e-02
1.362931036927861328e-03
1.621221642127190776e-01
2.533126369168945402e-01
2.811121249052028759e-02
3.149690572318863957e-02
2.660667840347992197e-01
1.933927344950348015e-03
9.587516694233411130e-02
1.058649677150116375e-01
5.920209432432343988e-02
1.625898002011405552e-01
4.835457716676572204e-02
3.503388571115628736e-02
2.070271308468960569e-01
5.238088941296314971e-02
1.061464799988245389e-01
8.313366241795439038e-02
2.069268819036382823e-01
7.911694426777415856e-03
7.759904552903762465e-02
4.360655682538272515e-02
6.435500080868372663e-02
1.663510008867774559e-03
1.152375023122598208e-01
1.344533229736271096e-01
3.935294359079577475e-03
1.717633010391814707e-01
2.773263794351610301e-02
1.213417135417502735e-01
1.282982348806740447e-01
9.202604392819146994e-02
1.031289772429158091e-01
1.004637001496551107e-01
1.604157980759906010e-01
6.293576823888624716e-02
1.195797198607193579e-01
8.575602938167392608e-03
1.033875986672860847e-02
5.335752508401903071e-03
4.702418219496173890e-02
6.667158881299428685e-04
1.240597945066852503e-01
5.002410189084116610e-02
5.360625394630424978e-02
7.073742744987399078e-04
1.125134721551450667e-01
2.529992100644111730e-01
1.007915865536830324e-01
1.558182659166877926e-01
6.602988352903604863e-02
4.853754852088787430e-02
1.341633235433477012e-01
6.089645050413761140e-02
8.091209713914260249e-02
1.906074727951212466e-01
1.344302640512928804e-01
2.492504307051790491e-01
4.556328989238380700e-01
3.503699700736095934e-02
4.820401180649191986e-03
1.972468173509067668e-02
1.199289703834045540e-01
8.662486903191002341e-02
6.713776632176315928e-02
2.728947622603694612e-02
3.214427642816986008e-03
1.348149924632586760e-01
9.739852475908428175e-02
2.021892244478351586e-02
2.746237932314876673e-02
2.957041270829385837e-02
3.664323251660572822e-02
2.965077330918752807e-02
3.213009278602640961e-02
1.374176784208627211e-01
3.018545813628836783e-02
2.753407820270048489e-02
9.289034937566587047e-02
1.011935750146379931e-01
2.782580965327419165e-02
3.071435595663984941e-02
3.962973334592678754e-02
1.627385585483143160e-02
2.455084446815147814e-01
2.826943094842970794e-02
1.892015194652074683e-02
6.335165635497119752e-02
3.257537426459933272e-02
2.966994993094651534e-02
5.912411183980559315e-03
2.312808863964033179e-01
4.584280473522106547e-03
3.271398138048198234e-02
2.521360978103981410e-02
8.041914050549170412e-02
4.718306396599203367e-03
4.507264148783551860e-02
2.222805510799474860e-02
2.613112319736021760e-02
4.837329539771584308e-02
6.012151148173217052e-03
6.645733881759152695e-02
3.723879147858344396e-02
4.013295292158147731e-02
2.577775822244898762e-02
4.492664222439746169e-02
0.000000000000000000e+00
1.820771205074223076e-02
7.953680318344424904e-03
5.290476929765652869e-02
1.418580259269344168e-01
2.741928989958175578e-03
1.105436341671062195e-02
6.644630910688675840e-03
2.029928548209980477e-02
1.279761994490691279e-02
2.928532477078871210e-02
2.439361988667272385e-01
0.000000000000000000e+00
1.551451055018659986e-02
5.885981877587642686e-02
1.797288828237419978e-02
1.108846398670912947e-01
4.269997759974053508e-02
7.563808581424424915e-02
0.000000000000000000e+00
2.625321076717703761e-01
6.904084423660528103e-03
3.728096464274077704e-02
1.389266834943558848e-02
7.181506003020743378e-02
1.816355443145045712e-02
1.317432555828901286e-02
8.616385947846083582e-03
1.335084225065141794e-02
1.055770986231774344e-02
1.040554048810911070e-01
9.683073233473571406e-02
1.411548132137152578e-02
4.440697807299009980e-02
2.040994923544738882e-01
1.431348806318197830e-01
0.000000000000000000e+00
1.785740909702235868e-01
4.457991745753187018e-02
9.126596711358558878e-02
3.781488090049123230e-02
1.169618242334085068e-01
9.766918954540582121e-02
3.855161506188409248e-02
4.458721092458617363e-02
3.655845192856244097e-02
3.959708877595158327e-02
2.293323167422656184e-02
7.943443160004193260e-02
5.107219935030471447e-02
0.000000000000000000e+00
2.951484978145169080e-01
3.704384285255368781e-02
4.834318356328815014e-02
1.482943401484071444e-02
6.147591261578089217e-02
3.088306989655098533e-02
9.974579715132492197e-03
9.763934683046926466e-04
9.747892852637107808e-03
1.726490720760143205e-02
2.222907282455004463e-01
2.307803294525179183e-03
1.164910363934374971e-01
1.765883075041561057e-01
1.509433095000911607e-02
2.075864614340972025e-02
1.095566023711835868e-01
7.560337695819185910e-02
0.000000000000000000e+00
4.179010277919559257e-02
3.158520824634081237e-03
1.111236405365971791e-01
4.292798675983089396e-02
9.097741995015340422e-02
1.683797171249619140e-01
1.064100106493013342e-01
9.999508510120858062e-02
2.736444041469265898e-02
1.313365521134635117e-02
1.283433220711671652e-02
8.704630481476893777e-02
2.084512749440925461e-02
8.871453336101176035e-03
3.631288332447724088e-02
5.977600184301756769e-02
1.249790126801206824e-01
3.086967946655860828e-02
2.390043235913204001e-01
1.603294531836310099e-01
9.414656016279554507e-02
1.481924282818436467e-02
1.120042270369747683e-02
5.703818480897204779e-02
1.285111371601743713e-02
5.818637930882264442e-02
1.530455705020461465e-02
2.602618923955475339e-01
0.000000000000000000e+00
1.353233966347566763e-02
4.966091201309730252e-02
3.943543365796031708e-02
2.899132509767365917e-02
7.401102000033077388e-04
0.000000000000000000e+00
1.049609224364260740e-01
3.873759568956547383e-02
1.031390779547853853e-01
3.279599023055546070e-02
8.943049220355270279e-03
7.955670311381268789e-02
1.001922242803994223e-01
8.115620815506119357e-02
1.351642710879108478e-02
1.721776370861185512e-01
5.399151555208980824e-03
6.958817222992763618e-02
2.909075006341854674e-02
1.576204786451551598e-02
3.812105788588482369e-02
8.910235197188143275e-02
1.172699849649001536e-01
4.714550797222560874e-02
0.000000000000000000e+00
4.274789693120339962e-02
4.243425768015640642e-02
1.044777597215151843e-02
6.950518422013640674e-02
4.199751434169751718e-02
4.530100155227891889e-01
6.557981993458206205e-02
1.206383249620897047e-01
1.721102027962757575e-01
2.087918583344006151e-03
3.125654440640879272e-02
2.328072346315108732e-01
2.353849126661033964e-01
7.273595161526635877e-02
1.523938640702215963e-01
3.487028633858635374e-02
7.861000302729603817e-02
8.683832966888793692e-02
2.995799451090253029e-02
2.076236265055708685e-02
2.976335525820950068e-02
4.081988147007820089e-02
2.226748294583487109e-01
1.988585376662133086e-01
2.997888242386892443e-02
1.160636841688882370e-01
3.510563414926615167e-03
1.333800073341526726e-01
8.707032586944940533e-03
1.048050957403212635e-02
7.033063774875003560e-02
2.830986366439791624e-02
2.362202131135315852e-02
1.212477734049777212e-02
7.415286538453269571e-02
1.176348095226815715e-01
1.209601805881010961e-01
1.034581294215186631e-02
0.000000000000000000e+00
1.825961374334834630e-01
2.437742108012113107e-01
1.042077236171667920e-01
2.430060701774650056e-02
5.983704352634511281e-03
4.267871682468005190e-02
4.175110732008491254e-03
7.669621006067295355e-02
1.083339528926998696e-01
9.347165392768896908e-02
7.150872910477179545e-02
1.119880154362657976e-01
2.211001109960886168e-02
2.123799875795757686e-01
1.939505341557801188e-02
3.742443026630670744e-02
1.754958009112783657e-02
1.034474844526735993e-01
9.077018757603028121e-03
1.849877872251859401e-02
2.569500542322078473e-02
1.223309688628493319e-02
8.315159785294046202e-02
4.066565450765224909e-03
5.484642956663243751e-02
5.629143929685653802e-02
4.680816938901699586e-02
7.216055384825637020e-02
1.245950490953173784e-02
1.357491422219236910e-02
3.252068931753804293e-02
3.401888890781545882e-02
3.416940793871248161e-02
3.952137117818388390e-02
3.664523076234615928e-02
6.722688169665236302e-02
1.731006416690306082e-02
1.387099645551117533e-01
6.591100545811023892e-03
1.306970257970494487e-01
5.571901042576854479e-02
1.576315437124087282e-01
6.406680748102377976e-02
3.006317068239994228e-02
1.748726229859265402e-02
5.606995976837936269e-02
8.958928406447785875e-02
1.474220914590871345e-01
5.832152861672224020e-02
4.405953993442679462e-03
5.136221951539265973e-02
4.052794795785263915e-02
1.349756775066683900e-01
5.313359893846403281e-03
6.252354764829881617e-03
2.212533906207347911e-03
4.196844842087443794e-02
3.769735993421274856e-02
2.892346015594871034e-02
8.338840997907048802e-03
3.818003698085448150e-02
3.659416948853344564e-02
1.641226866482616842e-01
9.578584464076378424e-02
2.592972012531635784e-02
5.205615846471811636e-02
3.627619230614165247e-02
3.886735549901221276e-02
2.096675497828695001e-01
2.999763432695701226e-02
1.483571063408462010e-01
8.500708533836309755e-02
6.484938469912560066e-02
2.015723311090322767e-02
7.413443813441844554e-02
1.823721226153640629e-02
1.567050777937772921e-02
5.752926175922112861e-02
7.871259612892700375e-03
1.694411298799662902e-01
6.819000493256677231e-02
1.988329751299477977e-02
5.773166738668500386e-02
1.030196893451229556e-01
7.588923952359216685e-03
1.720895058617166740e-03
2.081259233491650207e-02
0.000000000000000000e+00
5.271288255577744053e-02
4.327279150187379742e-02
6.702254064612844786e-02
2.672260270858384246e-02
1.421283741490952934e-02
1.298505803037741657e-02
5.659779408595699834e-02
3.458335524226630042e-02
3.860568039467349166e-02
5.034333842204841147e-02
4.970292760044792146e-03
1.965397479307640083e-02
5.260605939580020873e-02
3.720322571960821278e-02
1.664642945137604357e-01
2.087223150521388959e-02
3.662521073940450123e-02
4.450784980282129766e-02
1.265134457694783165e-01
0.000000000000000000e+00
9.328749437574224146e-03
4.338853484456794973e-02
7.443209008040252428e-02
2.977220504920907729e-02
8.161874911021271828e-04
1.060014937521795986e-01
3.462330288774140286e-02
9.577549441292543264e-02
4.991217822410831673e-02
5.872168531028432170e-02
2.615163255674968212e-02
2.437686684202589049e-02
4.814844313473187754e-02
1.117362054112094327e-01
2.152990994759296228e-02
6.987999835619795874e-02
3.789727271160359123e-02
2.908649566975363143e-02
9.491799844480475201e-02
8.358576910711512653e-03
3.326705651921546547e-02
9.376231641148180529e-02
2.602724218940810630e-02
1.664792591747765726e-02
1.566963006224790789e-01
4.639712883723401404e-02
3.440716823759970566e-02
3.581907934308503627e-02
2.742256876721871350e-02
1.812712499299706792e-02
8.822853178908296456e-03
4.127206198173638541e-02
4.732848819579782429e-02
4.608592594637084261e-02
9.523197048838305534e-03
5.297186286366439845e-03
2.879387456966231440e-02
7.169985357153407790e-02
2.447533663977488061e-01
5.608646176337828138e-02
5.216994750108483458e-02
4.203309041265335111e-02
7.747590096649670244e-02
4.070431862074475049e-02
1.727323942220255759e-01
1.174729681030948214e-01
1.291095763662575280e-02
5.140287364343265608e-02
4.979783860288122810e-02
1.029007269434156768e-02
0.000000000000000000e+00
3.732023503267534181e-02
6.613234911617915657e-03
2.361657841955011605e-02
1.875375258067180084e-02
8.706263402743541491e-02
1.259964257544563537e-01
1.385038678972092541e-01
7.169159924224377534e-02
9.104316274851420587e-03
1.277449273885107317e-01
6.409913948796308603e-03
9.244741608798179300e-03
4.978433681252703025e-02
1.275144124476490504e-02
1.064921887696161917e-01
7.142261315059439397e-02
5.136935620426719140e-03
3.978452427016332393e-02
2.801564370332965126e-02
6.206125469340939560e-02
1.139072864261150286e-01
1.455082590733454140e-01
4.708250747047326712e-02
2.956868022090120007e-02
0.000000000000000000e+00
7.641615016762415280e-05
1.558200199106103412e-01
2.220435702053880078e-02
4.466685535168490873e-02
1.099080942257923965e-02
0.000000000000000000e+00
8.401785225453917150e-02
1.525956552011820122e-02
1.157785021827466565e-01
1.923585992714675896e-01
8.864147216053908096e-02
1.945249791040293275e-02
4.860655545523506760e-03
7.431673049913811724e-02
3.641667117308511337e-02
1.110369883753037357e-02
1.655451303828048282e-02
1.376970608775085481e-02
1.392316006672267292e-02
1.005895346764873466e-02
8.923231628701344675e-03
1.537760485218733209e-01
1.981303339560991361e-02
1.163767861905373735e-02
0.000000000000000000e+00
8.072941438933067815e-02
3.095845068698910296e-02
3.570864452017019630e-02
6.122117725779929742e-02
7.204540299606065901e-02
8.500543575240548932e-03
2.678835072812013607e-02
8.528738184521511556e-02
2.985571307414680575e-02
3.805471236964574899e-02
5.156849033094168533e-02
4.428520449566875072e-03
1.135569792771908837e-01
8.732013038878694289e-02
9.629307926568486664e-02
2.831597067999425121e-02
4.528279211400665361e-02
1.078652966244009193e-01
4.181512424325095623e-02
3.699657740411588236e-02
1.302722595001251094e-01
1.908863409347114626e-01
6.918214794428401149e-02
2.495653766965588716e-02
8.600530508449111267e-02
6.638927513114012413e-03
1.429423675546619421e-01
5.117469984127769322e-01
1.701342051865468719e-01
1.283593811293792797e-01
1.927522036596878152e-01
1.008623720287458170e-01
1.501015935073581886e-01
2.814321900640237573e-02
7.882533419797344010e-02
4.014429378839157181e-02
2.451363989580457314e-03
4.263267789637481542e-02
5.407890572988449662e-02
4.966553802079332058e-03
6.422545967094173136e-02
1.088276568770840669e-02
8.389776680183480551e-03
1.234998631153398918e-01
2.062648712059012013e-02
4.506007963473468436e-02
4.175111504246586946e-02
7.420313997136318562e-02
6.497330002554235762e-02
7.502858807966195087e-02
1.721052312600068745e-02
2.040134369972612660e-02
6.756995240374941147e-02
8.744791760234704725e-02
2.815405848902940988e-02
3.327304729509972248e-02
5.332227833556579810e-03
3.818251442791797956e-03
8.024045934501788935e-02
3.394173420108614891e-03
9.712523361544622702e-02
6.082942348714759362e-02
9.382625537253108661e-02
8.031695576789221747e-02
4.611569301363438456e-02
5.073782158501227713e-02
6.088256317457485522e-02
1.522281559320859401e-02
2.032399404817155641e-01
2.095978498334805096e-02
5.924555496084327189e-02
2.143493204965576382e-01
4.569460515754819596e-02
0.000000000000000000e+00
1.372563422578920722e-02
7.645368990167789036e-02
1.332880336250052977e-02
3.822753450637428330e-02
8.398820140105023313e-02
3.668460818186947137e-02
6.373118438850244871e-02
1.674501639072989434e-02
9.645234900694354963e-02
5.242901115146914037e-02
4.696828086864002216e-02
3.078349826644810605e-02
6.128382592186731870e-02
5.895686358125118431e-02
1.257679691306679004e-01
3.735064366713469752e-02
5.833004242952366525e-02
2.981720325324399568e-02
1.000732984876080423e-01
7.396574617393891771e-02
2.914057463079355870e-02
3.987615821315504405e-02
1.531436119203961610e-01
5.514547499160737942e-02
8.127137820358409925e-02
3.187675198053518955e-03
9.614535711402272256e-02
2.187028155325343448e-02
2.005269619890448496e-02
7.556973312621995120e-02
6.712436272849586771e-02
4.869489971344620471e-03
5.231447311235370989e-03
8.124128810794672972e-02
6.286026100115194026e-03
3.914714414653985841e-02
4.986783252910687025e-02
3.485200960609446952e-03
2.161245613371498564e-02
2.840205430160747113e-02
4.149090095199881034e-02
4.073400475767918749e-02
5.818748632997650105e-02
8.696739510772211190e-02
0.000000000000000000e+00
0.000000000000000000e+00
3.166971928777329026e-01
2.743753546130403009e-01
1.367512421068539652e-01
1.310620574876226740e-01
5.153739629517595233e-03
3.671993252750027636e-01
1.345000626526982046e-03
3.762060563956737269e-02
8.951631883380883892e-03
8.877632521085399020e-02
2.841581282542549047e-02
1.192906701023090932e-01
1.196694752385809579e-01
9.132546067665536782e-02
3.589393249515726581e-02
2.072110939906668392e-02
8.152603828081694815e-02
1.898270090054028358e-01
1.592013915737808816e-01
2.366975451351027715e-02
1.850649940452546716e-01
7.706925269132192113e-03
1.671752615073796022e-02
1.581243329303303469e-01
7.992811136254296400e-02
8.150300758477335705e-03
2.590730824269193988e-02
1.189613783427727611e-01
5.075475987247113352e-02
3.967853017354894263e-02
4.124367454535082800e-02
1.328177187377832524e-02
8.183362866174270778e-03
1.008536675995124199e-01
8.960017260988717425e-02
3.566496002128971554e-02
4.812826835907735301e-02
6.253218469992738449e-02
2.434522439253683501e-02
9.445881783549658905e-03
1.073469160020970037e-01
2.094792698983916068e-02
2.376355169848523019e-01
5.376016822587992294e-02
1.071050541268636636e-02
1.232194251710732047e-01
1.408845515057617348e-01
1.095941250426584190e-01
1.000021266814599130e-02
1.201786538969340512e-02
6.390575715046065142e-02
1.112840775637904400e-01
1.392488143926584598e-02
2.556933955967632954e-02
8.735700278243196948e-02
3.236096854985248683e-02
3.585576893541286836e-02
1.516861663121726878e-02
6.428593162586171417e-02
2.493622219745539326e-02
3.738294559666766048e-02
4.547757861324175366e-02
6.925140032623566810e-02
2.192071634108927469e-02
4.335717853769072150e-02
2.358465867602888011e-02
4.067870639021986534e-02
6.296771695720515538e-03
8.278170573349097339e-02
1.125272895170859044e-02
2.712903190031568101e-02
1.026444747539061453e-01
1.344256581886504875e-02
4.126881567110807225e-02
3.143086711762306251e-01
8.475780795933918199e-02
7.770322379814231795e-04
8.176256385927338499e-03
2.522626269129091270e-02
1.378526080298314582e-03
1.007303823929461828e-02
1.874419877867170570e-01
1.665580720606554266e-01
1.854043715278663740e-02
1.292388014236358629e-01
3.350068580501730509e-02
4.380950483278223118e-02
3.213176244698523476e-02
1.311722281291149983e-02
8.851524703441526754e-04
1.378833760331161784e-01
2.086718729448655552e-02
4.486306749993840270e-02
8.118132150965973182e-02
4.004235077335049908e-02
6.980391155566234573e-02
1.724247725584948654e-02
3.660825936866993757e-01
3.312270994851385097e-02
1.810138920604487112e-02
1.515277552379412640e-02
3.576458688691630528e-02
1.283444368635970889e-01
9.238083458116896907e-02
3.293554140316956591e-02
1.102139224941902640e-01
8.965738647876442258e-02
6.239593980816682262e-02
5.810860834262232544e-02
1.473347211084545805e-01
1.525243379919904996e-01
1.910074135732831024e-02
5.272764683303954314e-02
5.901467891272993427e-02
7.561169284549684733e-02
2.736783530749864468e-02
2.051154676568334168e-02
5.385595989016778162e-03
3.112022339126330195e-02
5.644781657439068567e-02
2.136199956974405012e-02
1.096534019515402747e-01
8.040290923690207592e-02
1.791475155148525289e-02
4.866773242550426204e-02
0.000000000000000000e+00
8.425354372565774241e-02
2.342925388606076353e-02
1.152233851956179222e-01
9.799708153961717017e-02
2.547087724165297828e-02
8.511177375887601926e-02
2.987783430378687655e-02
4.743745098578511232e-02
7.665234875079551813e-02
1.750279437629931323e-02
7.937897326944920451e-02
4.986405177265407218e-02
2.113904061580633709e-01
6.664594105522425593e-02
2.099004773889951991e-01
6.517700070793175371e-02
1.186947158627900123e-01
4.024512568368354692e-02
6.405234598010345337e-03
4.277221355118321355e-03
1.419216152887692317e-02
5.267718821886369085e-03
1.988157434255999334e-02
6.000217199817203806e-02
1.085901406131899449e-01
2.614677342960103346e-02
7.112071506336636872e-02
3.578766201099981004e-02
3.617656590059858956e-03
2.155013249245385509e-03
8.375730598197961285e-03
1.736674495192325196e-02
1.925689232810512408e-02
1.757207132474380984e-02
3.604660984254604017e-02
2.668770539093134886e-02
1.550586052160340955e-02
1.632772945433469403e-02
3.425033251155351621e-02
2.054011392056676044e-02
2.643114436953553081e-02
3.011706043720430159e-02
1.443617038768341132e-02
0.000000000000000000e+00
7.004039588342614309e-03
9.911983004655233742e-03
2.018823316558560066e-02
1.427392820554462816e-02
6.061528191475318295e-03
1.209715507959430170e-02
2.152368860674336304e-02
8.987657666581050364e-03
1.575519159447669182e-02
4.974438207663745004e-03
2.013262436335505612e-02
0.000000000000000000e+00
2.506170821709385876e-02
3.224462490839830053e-02
2.135274151694854794e-02
2.998157704461608120e-01
7.177091760212306326e-03
6.204792874599185382e-03
0.000000000000000000e+00
1.562013561322928012e-02
1.011351310806976045e-01
2.548381778890025373e-01
1.406151159747421886e-01
3.505846945213608734e-02
2.075315404683149012e-01
2.771283382408906704e-02
1.309592605119114239e-02
4.056742147847458568e-03
3.589568941663321411e-01
2.504538505717048835e-01
1.641557631535572881e-02
1.004138202360671528e-03
8.316807980264684375e-03
4.462044559581368475e-02
5.353696232863516258e-01
3.565001919624535276e-01
4.886590284910576898e-01
2.599888736978739345e-01
2.755287246366453502e-01
1.807549531403385146e-02
4.517096166043010896e-03
3.487084832612286078e-02
2.614553547119413679e-02
8.621456064597587954e-02
1.822380294569390102e-01
4.403489083679268390e-03
4.666781855428059345e-02
3.310429153393164015e-01
3.006339815113152625e-01
5.626188655864439170e-02
1.329947849571855301e-02
5.639891244153005800e-02
2.380628466274625765e-02
8.339536541378311796e-02
3.690335530907518091e-02
3.175401348291728709e-02
3.323845604503805617e-02
1.585073768969191832e-02
1.190663533724904966e-01
6.296569826942466364e-02
2.587107093684792858e-02
5.007196246984513266e-02
2.497413072248733101e-02
8.213190520880431222e-03
2.576005130421510358e-02
1.980501128242737607e-01
3.484124581374370422e-02
4.576306055878909262e-02
2.655579778472194619e-03
4.544541844727412183e-03
8.454710974517887223e-02
5.818539801193800542e-02
2.880597630932513198e-02
1.423604096856294632e-01
6.771714828515662532e-02
5.373871535211627304e-03
1.102289052915672585e-02
4.056705846289521133e-02
1.282008707438544448e-01
4.989807872940499323e-02
9.002757922710991068e-03
4.051821278252987213e-03
1.029784303870515672e-01
1.363225396405001177e-01
1.645270344689970798e-01
9.304453938169920946e-02
0.000000000000000000e+00
4.651547876991379837e-02
1.663005683943996615e-02
6.163449051642011511e-03
3.240920437642369478e-02
1.366981631892194571e-02
3.890936623583929332e-02
4.752072630024528621e-03
1.311326875170841788e-01
3.843210596169921445e-02
2.032741009651122255e-01
6.884754917869706503e-02
2.981010283241580794e-02
1.402440207335420297e-02
2.549859234104800976e-02
8.287933389278023810e-02
3.655475447627321017e-02
1.029936904658610430e-01
1.254154930555175795e-01
8.386105452385361758e-02
5.945986015590154494e-02
9.553454335355482385e-03
4.921253518666102167e-02
1.162956477161447566e-02
9.028314352927058195e-02
4.570500945221489530e-02
3.741075607012689375e-02
2.295926839588284807e-01
3.268351848134010140e-03
1.562103834055683649e-02
1.777281732522784097e-02
2.672480223818274325e-01
4.747301940141372967e-01
1.486528653712504422e-02
1.560718010532529121e-01
1.085539155543484569e-01
7.952956259180954390e-02
6.993050541483114557e-02
9.193969420230629908e-02
2.888258649287767099e-02
3.013742657337292741e-02
9.079235315274658547e-02
1.156664018113318093e-02
4.708444304881531650e-02
6.733020730174921198e-02
4.330969059005607136e-02
1.084273016743697582e-02
1.466593444782153810e-01
2.523942212094532067e-01
2.101443985977988760e-01
2.155506436885250565e-01
1.184559039901866839e-02
8.052461052524328977e-03
2.362332359585828101e-03
0.000000000000000000e+00
5.015052946204345830e-02
9.804652341222563905e-02
4.951585547481851535e-02
2.581977859868267444e-02
7.321856761846579076e-02
7.533843615606095057e-02
1.891741691277637472e-02
1.031051631131898461e-01
3.342057802950826328e-02
3.778836960347753404e-02
5.146226770629791503e-02
4.496173706601336306e-02
1.276381625754599014e-01
1.319496765025487406e-01
1.210714504513967782e-01
4.062080872890572181e-02
5.387171621013564504e-02
2.186192162344724466e-02
5.295858516681040129e-02
4.138193066304740597e-02
2.441361087737003999e-02
5.240620536146067820e-02
9.531969497406223013e-02
3.885073880358547171e-02
7.465152334812685808e-02
9.267467354379910205e-02
3.075221048451481920e-02
1.948700615700094119e-02
9.338894469617819993e-02
3.996401864643672752e-03
3.318849250681132901e-02
7.357714637208978559e-02
2.302643893708022915e-02
9.833953236112691343e-03
6.481200083134908141e-04
2.524355346027551406e-02
1.689742698765241968e-01
6.165893460591576059e-02
8.224303827524881427e-02
1.565229304990278791e-02
9.084509836336707167e-02
1.297811618999222816e-01
4.897530640768277266e-02
3.725890357372030337e-03
2.007147446371337907e-02
1.913270870480232588e-02
2.977534858025787656e-02
2.227589892999226606e-02
2.872477876808687824e-02
5.280619639767891726e-03
6.546565293178385758e-02
6.742092891824924550e-02
0.000000000000000000e+00
0.000000000000000000e+00
0.000000000000000000e+00
1.549992868571248295e-02
4.785243638083702677e-02
5.947878287530361519e-02
2.657476560035831881e-02
1.535572342665272316e-01
4.455713705085084797e-02
8.802606351278274843e-02
3.723297192801462430e-01
9.491909378274510090e-02
4.399025782519938588e-02
1.491333932937664031e-01
0.000000000000000000e+00
2.299247386840619356e-02
4.301082392583044367e-02
6.659961964679439461e-03
3.449676773895404835e-02
6.574992347374575274e-05
3.139010911458584019e-02
2.813593274658350296e-01
3.466820609511689355e-02
1.539892965467979380e-01
2.514136606399564045e-02
1.457977136947885555e-02
1.665956505978343216e-01
1.721865315733595025e-02
2.404628225949778653e-02
5.698219015688898992e-03
2.170490303689653899e-02
5.422422585533404060e-02
1.259919969731893019e-02
3.673389397493842523e-02
2.430342541792755995e-01
1.152335689415728837e-02
7.666760886597323577e-02
1.347527379256963087e-02
3.932291001555476839e-02
1.047898001995859474e-01
4.577069534347977253e-02
5.096255853668019142e-03
2.680218296115643994e-02
2.150779450933448800e-03
2.149817886369120856e-02
7.701887438388510532e-02
3.990500974654587196e-03
4.176826726446325466e-02
5.701256805167531638e-03
1.381991525537884513e-02
4.769168974489979007e-03
2.100622220726844347e-01
2.366305358990938856e-02
3.675595870075820670e-02
5.309606619317808196e-02
2.276646024478967689e-02
9.564884114798122283e-02
6.042432516307094659e-03
5.406059541357333131e-02
2.734489961600168328e-01
4.856057002405211875e-02
4.169814343820910096e-03
1.420888857577384812e-02
0.000000000000000000e+00
1.268526541089620707e-02
2.190031970392158911e-02
2.531268819911502987e-02
1.541785281701812949e-02
1.213305885490605363e-01
3.030475622672668123e-03
3.108539232538021224e-02
8.622610861300117335e-03
5.577591929692982120e-02
3.359046856636194178e-02
1.223884955459801915e-01
1.785335452344307683e-01
0.000000000000000000e+00
1.898147860745957871e-02
1.475844129010894790e-02
1.759994144285315087e-02
3.488820320656671470e-03
3.009184728600100556e-02
1.303034841356520701e-03
7.620629003488588182e-03
4.447796606174136969e-02
1.779146741791182151e-01
1.807616615680043282e-01
8.135421237032769426e-02
4.177578263570946859e-02
1.051819578628139240e-01
6.080800187301704796e-02
2.083603835860179387e-01
2.099502035288933754e-01
4.092412333104533673e-02
8.155394339039112594e-03
1.826966171874477851e-02
0.000000000000000000e+00
6.739800464983680683e-03
1.214102837014330305e-01
2.978620710293800045e-02
4.721229206338506401e-02
7.372746758814940904e-03
8.336533580409977162e-03
8.668582552809311892e-02
4.992474695108928273e-02
3.777783212418839298e-03
1.683005888936861538e-02
5.007093571163334644e-02
5.702609982288997514e-03
1.319126290203431751e-02
1.201976918671325834e-01
1.521929149001266524e-02
8.048140246799828645e-02
1.624798280093120439e-02
1.494217480220143557e-01
2.392601071941014013e-01
3.904763566543056896e-02
1.003913328836727459e-01
1.886572508035229134e-01
1.811401055785566427e-02
8.011735247599993670e-02
3.102725832895281144e-02
4.739941147542392486e-02
2.839142666562288753e-02
1.753304105036601612e-02
0.000000000000000000e+00
4.394244314331983148e-01
7.574589639502171678e-02
2.859483750093261278e-03
1.471929149708106621e-02
1.088183890915885854e-01
5.468900303579715683e-03
9.265244460789467951e-03
3.312202898543503693e-03
9.433204717472065681e-02
6.193536894993911801e-03
4.243640436993256770e-02
7.429280299044549452e-03
2.832162732350873569e-02
6.021497484518079091e-03
3.735418275695856494e-02
9.992561888423345806e-03
1.744549459845146089e-02
1.544028886656523269e-02
2.150847609792183590e-02
2.245393108796811532e-01
1.417841942097020080e-02
2.689751799460271542e-02
4.307242627405827307e-02
5.650751654696417603e-02
1.841745877580498458e-01
3.919549706984071236e-02
4.729488002932402679e-02
7.381942143898445607e-02
1.069445844832017656e-02
5.762795741502202418e-02
4.652614152701417538e-02
2.576973309938868084e-02
3.401681761052266495e-03
1.325210654968653756e-01
0.000000000000000000e+00
0.000000000000000000e+00
4.970568814043119232e-03
3.748825148846659516e-01
6.550042695382529701e-02
1.610785153791836066e-01
3.200870990161330809e-02
8.429187098198021033e-02
8.419184196472517812e-02
1.383477212038641824e-02
0.000000000000000000e+00
3.039887518799222477e-02
1.760620396749512651e-01
3.154155050881701783e-02
3.549763709113662458e-02
3.919892486530685005e-03
3.587128001459038984e-02
3.285139341337739438e-02
2.652047022246861729e-03
1.188186101770138947e-02
7.951455363331305648e-03
1.883804864186178207e-02
2.091328960547595983e-01
8.165281307180105586e-02
1.242425642325351021e-02
1.215167280862958776e-01
3.561460357378365416e-03
1.600441364785076814e-02
6.586227864858784642e-02
5.394436301945848555e-02
5.552571501954783884e-02
3.272893889453065697e-03
2.353508318417851797e-02
3.758914622935272121e-02
2.883772446279042612e-02
1.829252946678217029e-02
6.177007460210592882e-02
7.557343245520264929e-03
2.505227040274320416e-01
2.199653229745734961e-02
1.257356364175681307e-01
3.428111897621288762e-02
1.583933660797649523e-01
1.522359750003188239e-01
5.545776421568859860e-02
4.692955155137212842e-02
9.846234841547119032e-02
2.325860883857178152e-02
4.517447725628631616e-02
8.678608870281490084e-02
0.000000000000000000e+00
8.541605442093924694e-04
6.323846363492702238e-02
1.598050499162617655e-02
9.102585712656185990e-02
3.717536209813232517e-02
7.479080249128688962e-02
1.352230400494409679e-01
1.277482422254330174e-01
7.155239416208125647e-02
2.486247528565570519e-01
9.417994376073046681e-03
4.244258386443977571e-02
5.119379866853712713e-02
1.322606236278733860e-02
2.018503979788102143e-01
3.032417528442454824e-02
1.445669023096902706e-01
1.383351921937681084e-02
1.121606710078264513e-01
6.950993562925766867e-02
9.089854705751854169e-03
1.564574554549302832e-02
9.369671716003669104e-02
1.220342765430668663e-01
4.778835526206215434e-02
3.185772223003979775e-03
9.313649606446539053e-03
2.764768430550024192e-02
4.622243488978803327e-01
1.760384999191133559e-01
7.748844518996378383e-03
2.857943615603719678e-02
1.549142009211035287e-02
2.499818710937073973e-02
1.677598856433881735e-02
9.537267465381304987e-03
6.358171551926705689e-02
1.481963513625306206e-02
7.200327900944447634e-02
1.054289049127197231e-01
6.036529287182901271e-03
6.535952686189983041e-02
3.031318274490617526e-01
2.321289711864604755e-02
1.131082026653595918e-01
4.505591922351825929e-02
2.366353124689446474e-02
3.177814303702675147e-03
2.901929566150762696e-02
5.078151072096126484e-02
8.924954637557114268e-02
1.521908212862292942e-01
1.005015150929722267e-02
8.896212418946447542e-02
3.295321124712202732e-02
8.488869340708582456e-03
2.170686033916435775e-02
3.678983624481002579e-02
2.980275321865022420e-02
3.708614914009800145e-02
2.509541122292624493e-02
2.472064430083076303e-02
7.672474844339838285e-02
2.346549145957066429e-02
9.797683245653043826e-02
1.188417698455763727e-01
1.346631974262244569e-01
2.176908958348935386e-01
3.365723470928028149e-02
3.224048576571458824e-02
8.928488413548585356e-02
3.082617406293408635e-02
0.000000000000000000e+00
9.165263619649977045e-02
3.237753186377645420e-02
5.303222390964101862e-02
8.135196266535249521e-02
9.103910420123817460e-03
1.092183177450420928e-01
2.595223646839883713e-02
2.315259707360439734e-02
1.272770180783524552e-01
2.295549238078908871e-02
1.150304242935034083e-01
2.583954915266861718e-02
2.296107648246525912e-02
1.330788038908004012e-01
4.651183128594915672e-02
2.967768902585632418e-02
9.859619412322206955e-02
1.932460745385888856e-02
3.475595241776563427e-02
1.160685283567266524e-01
2.066944719605778857e-03
1.727829041279971278e-02
1.665680431865013134e-02
6.987928700291057282e-02
3.944556930292364427e-02
4.634695131159105586e-02
2.914982934011334237e-02
3.629019954958208061e-01
1.946211366483385774e-02
2.273634998908224958e-02
1.680964899710346572e-02
2.933847672985656629e-03
4.040810419465135084e-02
7.863996144754548112e-02
8.340068588134741390e-03
2.184765517924303069e-01
3.295587452091730540e-02
3.329266533508068449e-02
8.942179049856946449e-03
5.038214178233157980e-02
1.933957952993026197e-02
4.229786652997002960e-02
9.223743051349764244e-03
1.036042360386035810e-01
1.270391446777896505e-02
1.316284546114321330e-01
3.027577581443905430e-01
7.650090013490906671e-02
2.506604344328344780e-02
3.115499064186266764e-02
1.491829378573861220e-02
1.486070746267298404e-02
3.526637348672334582e-02
8.056695157588755762e-02
6.977630451229099862e-02
6.362685637383158621e-02
2.015403075417401269e-01
7.443705546732370948e-02
1.372362496606145399e-01
8.307122980215364549e-02
5.034116548915079647e-02
1.443657480690152539e-02
4.704299038572923308e-02
8.755575605935206340e-03
1.243353733503127501e-02
1.328126752879752459e-01
3.059761641483227379e-02
0.000000000000000000e+00
1.310591133312133394e-02
0.000000000000000000e+00
2.697899977158080276e-03
8.502887325683605724e-02
5.039639029924103397e-03
6.097306665141388748e-02
3.908666912800651261e-02
2.373570316728912388e-01
1.187526156924345599e-01
6.288910116493795499e-03
9.823776693414565386e-02
4.994321248098110289e-02
1.799272098082127513e-02
7.958227040487031445e-02
2.389783981693494042e-02
3.778274728050323716e-02
5.389124862497229884e-02
1.958077411881120611e-02
4.034893071601786119e-02
2.046697346373642645e-01
4.881087298699338106e-02
8.620244161663848104e-03
3.220597517257495213e-02
1.740459875999711414e-02
6.767274678264101340e-03
4.330245766399887231e-02
4.151798951587881703e-02
1.963216689172178064e-01
5.184217956907044567e-02
8.183817313539787364e-02
9.417648887424956428e-02
2.068439883173667226e-02
3.064737445992626874e-02
1.129408118821926266e-01
1.868509570126519748e-02
1.859966048453376430e-02
4.576126407995850798e-02
2.231248108423322662e-02
5.309922068756378621e-02
6.056653949626067401e-02
2.339007059590336723e-02
9.228334539731264385e-03
4.773275964341650024e-02
1.934126731375496178e-02
2.559851418450431737e-02
1.142661261746180656e-02
1.830572148883558015e-02
1.229992401024047055e-01
1.132716371922803944e-03
5.153632778436278983e-02
2.040327385334297361e-01
1.052511533317597170e-01
7.819396470878814398e-03
4.981288912379788769e-02
2.059472902071401990e-01
5.646993278851653031e-03
1.984626165196434755e-02
2.482671893060750534e-02
3.246997836469489584e-02
1.046398768947387481e-02
6.474420991159757222e-02
1.615529018556660645e-02
3.248851667647656427e-04
4.022823838826194986e-01
2.701849534078704096e-03
6.631059583646630173e-01
7.404857447984536378e-02
1.338002335567196610e-01
7.458866906771000060e-03
6.154149882646908765e-02
2.286488385158271797e-01
1.167421752865296369e-01
4.543737953329696211e-02
1.502938269449405340e-02
2.329878683339474676e-01
1.241123797714154264e-01
5.781649886753648104e-02
8.734335512837532178e-02
1.019506352586692088e-01
1.917086002843300108e-01
3.260636785958404005e-02
3.430668590951402308e-02
4.589797540740292447e-03
2.336569401589372319e-02
3.633607180111830814e-02
8.567071912906065734e-03
1.154551737494129426e-01
1.606886543085890295e-01
9.456641166376034136e-02
2.868271612194206455e-02
5.071890070321849464e-02
2.639748374430794797e-02
4.759857344731432960e-02
1.668037334801333316e-01
2.335320434011549651e-01
6.052648198495624854e-02
2.375974616803144812e-02
1.488229314635436396e-02
4.098480596650322383e-02
1.042241138499377939e-02
2.700002128672807089e-02
1.821396110092310394e-01
4.673191432967627179e-02
4.813270624002541354e-02
2.826848081991695238e-02
1.482233458231387857e-01
3.402028281049496172e-02
4.857638685095571063e-01
3.963760346417721792e-02
1.022707622263059335e-01
1.572725106946348816e-01
7.346350997296546836e-02
1.222019350339591526e-01
2.112338094910111153e-01
2.983265207579943734e-02
1.054514459918092228e-01
6.992596783221927126e-02
6.947692384735582039e-02
3.272041240954237651e-02
4.295132105339050099e-02
3.984009876786043236e-02
6.850781420518536891e-03
5.170482115388885802e-02
7.752933016040941538e-02
1.631024652546324560e-01
1.693081732914691884e-02
5.119181002030259720e-02
3.216870635152169200e-02
6.540168770110454943e-02
2.829318288030435724e-02
5.499249852345311496e-02
2.034224428768016679e-02
7.051750541409429474e-02
1.354297921889457967e-02
3.116667353130067042e-01
1.264727839181034597e-02
7.827491205796821561e-02
7.484071482701359912e-02
0.000000000000000000e+00
1.069265794863154539e-01
1.845911287937695988e-01
1.084564610620546432e-01
1.092940815932426091e-01
3.049213342720857867e-02
1.103709928944516250e-01
2.881192922825626113e-03
2.982604787567870730e-01
2.621207462610364303e-02
8.426654979578795945e-02
6.226688682853609436e-02
4.686876504297110557e-02
1.558234844398569408e-01
2.966003347923695799e-02
0.000000000000000000e+00
2.300875113422939933e-02
5.002271687522874544e-02
2.460792797585931169e-02
9.683113903234907838e-02
3.879908476409266171e-02
5.117738886968847822e-02
6.784921914415598110e-03
1.456779424859995231e-01
2.758391504199497746e-02
1.551791224243617151e-01
0.000000000000000000e+00
5.700494168253023020e-03
1.366934434120938846e-01
6.957790548988462831e-02
2.945516486110921761e-02
7.239717636526421529e-02
1.385743659897027413e-01
1.170903802590474996e-01
5.703834418363307179e-02
6.294437185971712978e-02
1.428509248000331411e-02
2.382274876870127400e-02
5.261543213298303101e-03
6.429139691445939775e-02
3.084823631059840920e-02
6.549677077641735679e-02
2.626377931330825533e-02
3.548951347644457854e-02
1.081105117276557337e-01
3.418030777242098139e-02
7.551986991545156513e-02
3.580586362693871649e-03
3.495766832615299080e-02
2.308119130544739050e-03
1.177488223574467696e-01
4.758476690477664306e-02
3.609009066208468397e-02
2.763165823159940970e-02
2.579034771273214233e-02
1.571726550322942728e-01
4.688881100007424862e-02
6.605014771744688318e-02
1.016794802104827866e-01
5.900880322714385784e-02
4.616629631912250176e-02
4.084710982781833977e-01
3.048219300871259918e-01
2.033078782484745162e-01
3.311745511771491124e-02
8.135306633777261709e-03
4.251773606003439454e-02
8.117280667682358342e-03
1.751784666096858345e-01
1.180971834434441092e-02
5.143272211828620044e-02
6.744039297376946962e-02
3.688427649449721457e-02
0.000000000000000000e+00
2.779481234578806692e-02
2.595137432068117533e-02
5.371741667394491770e-02
1.581348950138901088e-01
8.661852777990208807e-02
1.354117395842617810e-01
1.802531259061268543e-03
2.471512085504379286e-02
9.896398555626184645e-03
1.124206744589484330e-01
1.448934207725054435e-01
1.974714469139016160e-02
6.230231304995648145e-02
7.916791024074942840e-02
3.080323127903650260e-02
2.270708962778034135e-02
1.233108280875905294e-01
4.511825526627166738e-02
6.887004607361468800e-03
4.529282704456516484e-02
1.323955217207704038e-01
1.905291925731678049e-02
1.709743557558773830e-02
4.886752934424176686e-02
1.604796215562309669e-03
1.765604982502022580e-02
0.000000000000000000e+00
6.692815566326792975e-02
2.393475739099315547e-03
3.878325140280214356e-02
1.431153373844322729e-01
4.554309925211441623e-02
5.457523730965707642e-02
2.704665296017871867e-02
1.025200432668329498e-01
2.032644362744306932e-02
2.231235856910362969e-02
6.571993053871238999e-03
7.705005722536562018e-02
2.260506098577703682e-01
1.227137725233307108e-01
1.584988918747720632e-01
4.382042757595527860e-02
0.000000000000000000e+00
8.811622158424015083e-03
4.785181522620085559e-03
1.438465790929033261e-02
4.234057147869663140e-02
6.806558875209312021e-02
7.343118326482489522e-02
2.472115856937406875e-04
1.062451188995794382e-02
2.484771968690946409e-02
3.440163158279752054e-02
3.465674346009883777e-02
3.740370202597098626e-03
2.030765167472026178e-02
4.301477265891673341e-02
4.016069951617851075e-04
5.174968144381919544e-01
5.205020985833375136e-02
1.075631816707689481e-01
1.325197370263264673e-02
3.606914066539479435e-01
1.315340757040450725e-01
1.547475218224114712e-02
0.000000000000000000e+00
7.737260218745323215e-02
1.485994784772772803e-01
4.495741176997292143e-02
7.305669943833503766e-02
5.088421552631583467e-02
2.723919104191274698e-02
1.075861276778136144e-01
0.000000000000000000e+00
2.515297224587431657e-02
7.548032506671731312e-02
1.238293512855053180e-01
1.166150535045158421e-01
1.053571652729434760e-02
2.167137611447245149e-02
1.309951912966944576e-02
3.046426056376017044e-02
1.769161216882420007e-02
2.302545279735213057e-02
7.632633286357481950e-02
3.429040137645777975e-02
4.170574948236183133e-02
2.677741440437664266e-02
2.379268948692141450e-01
3.222572634002585090e-02
5.036009369577865158e-02
2.897638038444139141e-02
7.293951857787117632e-02
7.783859844911145132e-02
3.730181939594068297e-02
2.141042597251008317e-03
3.428183622462377400e-02
1.982407340646474836e-02
4.411300900120540547e-02
4.600385046616128903e-02
1.070090237419485391e-02
5.327297440054490352e-02
1.434198591275226420e-02
1.168775990941934850e-01
1.071344321219491746e-01
1.518463380293066933e-02
2.778465067981272796e-02
3.835802435494972684e-02
1.723468328510380232e-01
1.666539190907503354e-01
1.092758247848681918e-01
3.145469124146416107e-02
7.225527356318472982e-02
8.298150449910224324e-03
9.485693407001782873e-03
3.423280641630466192e-02
5.988173859754830630e-02
1.700617766819512156e-02
3.783418816031156595e-01
1.649548524050983289e-01
8.088799893563525245e-02
2.032313194561297109e-02
5.702170038005949237e-02
6.375861888965506097e-02
2.194205383659220132e-02
2.352512041842746982e-02
4.362136956931017551e-02
0.000000000000000000e+00
1.259495284173661744e-01
2.443300244868558124e-01
5.226233889708353786e-02
2.489654477997138571e-02
1.961156962673076265e-01
2.720953750041577024e-02
3.919201348150025410e-02
2.322627702942448025e-03
2.767432786613355233e-02
7.237321223734838327e-02
1.176690448998396477e-02
3.101676385137279723e-01
2.010500140238873357e-01
6.765285781966667855e-02
4.517249064840367367e-02
4.069355369643217202e-01
1.297404781835975740e-02
1.227631141579799134e-01
6.647441956119770623e-03
1.044793578614706675e-01
1.111919296012686686e-01
1.207490494657292857e-01
1.950391054016717973e-01
3.737759837777687721e-03
3.885067614986681406e-02
2.975237953995524265e-02
4.272163295608599753e-02
1.664268541566293891e-02
1.195368907565166339e-01
2.691869319146320549e-01
9.322145158649419727e-02
1.103732406551660716e-02
3.314638938948393232e-01
1.561131458661906279e-01
2.837174553037851155e-01
1.339230782260578678e-01
2.198221666019151144e-02
3.648783503890307145e-02
5.383229243522258400e-02
1.985253472210590786e-02
5.023572248249141836e-02
1.537751570285452729e-01
5.519631945185832222e-02
1.328000802666853275e-01
1.033055374383717862e-02
1.608848522390182723e-02
5.768736816834341141e-02
3.617247437256576603e-02
1.052470496001411959e-02
1.730910440351252078e-02
4.099442751299253729e-02
1.288643115171819176e-01
7.591917631696443181e-02
5.646279239319529353e-02
3.332144402709946718e-02
4.052639346894260086e-02
4.922684977178892751e-02
1.712350135858020650e-02
1.786885241133706614e-02
5.232208370527224872e-02
3.678259696870078699e-03
7.390668454397619769e-03
8.231308788650082420e-03
1.096825909109702124e-01
4.503291358807892664e-03
1.636330269725618791e-01
2.260725223328208244e-02
9.221591033413378824e-02
1.974347872403647841e-02
9.844873108275020712e-02
3.812650915136739371e-02
2.509834051035220170e-03
7.196323376768543056e-02
5.040606190387997287e-02
1.601689122462417458e-01
3.410715736828366929e-01
3.129366071557644347e-01
3.173537125068737197e-02
2.396334545210248024e-01
1.292769725208575693e-02
5.815744043124659868e-02
2.415211329998001588e-03
6.475292022782230816e-02
7.168303831566902318e-02
7.981668082819304288e-03
2.861507650406647230e-02
1.162640903395839587e-02
1.340615166547465265e-02
4.374865959124107917e-02
2.384841872335643487e-01
7.322270503572703149e-02
1.241826176524130076e-01
2.993853213171693284e-02
1.674366764789603224e-02
1.947583591057000518e-02
1.871979328144579569e-02
4.195586652310900888e-03
0.000000000000000000e+00
9.446618068232659482e-03
1.418060179224411854e-03
3.413663070137129552e-02
4.429442826028484603e-02
5.645159169370028707e-02
2.857899219622339615e-02
6.560530355079841058e-02
1.894317033494363756e-02
2.235753085884972791e-03
4.791714033379435023e-02
3.917619170090080871e-01
2.096276252473394663e-02
5.504965767189951009e-03
4.560199794075714408e-02
9.128936911534601961e-03
1.347566386365768309e-01
1.296348519335746019e-01
2.652199691895962275e-02
9.827183390004279318e-02
3.927768591207581039e-03
3.432495423669656986e-02
1.177529599534192783e-01
4.270958695427040652e-02
3.474532570109261087e-01
2.913374600809870429e-02
6.329439744521714317e-02
5.079480100390920683e-02
2.245699644979559650e-02
4.513970345187257038e-02
3.127705531763780300e-03
9.293879426866080706e-02
9.088573490251583564e-02
9.002468918692763111e-02
2.587644461065963242e-03
2.809205338069276081e-03
1.466950208777557663e-01
2.418990102501465955e-01
5.363908859784416450e-02
2.752679880117359090e-02
1.030078281056061584e-01
1.525824102531814219e-02
1.183657286924599816e-02
7.352050305104285144e-02
3.067124861957992721e-02
1.446454582665879229e-02
6.298426924733480092e-02
2.313589923925896130e-02
4.615341313054432959e-02
1.670516603586769122e-02
1.796032045982443037e-02
2.244804166647629273e-02
1.501085390894552063e-03
4.212492147668189801e-02
7.683554204214004812e-02
3.327137132584301327e-02
7.059854773598139843e-02
5.659123401247612151e-02
3.610445636688819349e-02
7.689083751554903756e-02
4.634923115232414403e-02
2.865725899100723950e-03
3.302604247140550342e-02
5.657748234252846231e-02
1.715691920791861946e-02
3.059819953752374033e-03
2.016287943250283377e-02
6.341472794708113980e-02
1.976698600649928750e-02
9.959112881392506722e-03
6.075455077358515865e-02
1.581274819971589807e-02
4.769884577155636407e-02
1.972952290144913690e-02
4.670795681454009696e-02
6.302719896236474995e-02
2.546477791502077537e-02
1.931230905462122394e-02
1.966330963000828547e-02
2.061712816706169349e-01
1.399244937947328182e-01
4.152236790226560004e-02
1.593549662744475626e-02
2.248102300922294461e-02
1.603039557326546571e-02
3.405244579658983639e-02
1.746129611910607338e-01
5.342832806700315018e-02
4.675009029711318931e-02
2.374305915081196261e-01
1.786514311630860163e-02
2.675109914703250880e-01
6.227009647313153096e-02
3.338667552254506177e-01
5.036777307484641142e-03
1.484645877333257147e-01
1.563156919812236367e-03
3.949697081273306765e-02
1.386338957795967275e-01
4.264382484651996208e-03
2.613934288163033415e-02
1.212302039369106410e-02
3.219289604739383748e-02
3.113190465956190423e-01
4.184941826882404570e-02
5.084314388771193904e-02
1.321842431487540992e-01
1.352684895140061627e-01
2.461608487466371287e-02
5.401454985521603192e-02
1.728514864780539284e-02
5.274096798652294638e-02
6.243074717173158206e-02
1.898729891063277719e-01
8.937018576619504273e-02
4.745797334809687129e-02
6.234893915323969082e-02
4.525497754006568840e-02
9.376417019094418492e-03
5.300650820299335209e-02
1.319506580720046784e-01
4.796702580552736350e-02
1.080487523631123992e-02
1.417350726536348304e-02
1.288115320877629699e-01
1.588790813436888882e-01
8.182475256707721911e-02
1.003579124245010945e-01
2.609624604052838137e-01
8.335115473537157982e-02
2.743796453815949832e-02
9.493779607213426175e-02
6.993993301942769136e-02
1.074234700441323298e-01
4.832769023773941797e-03
3.281477300960489174e-02
4.126416713564484695e-02
3.147429293178127807e-03
1.277099962816503620e-01
2.784884872431092617e-02
1.002934277418585651e-01
1.703586619496189059e-02
8.909708689030804152e-02
9.466060130796805083e-02
6.180461015848504047e-02
6.289792009013250862e-02
3.536740250809522479e-03
8.896043397498054617e-03
4.272038781586218192e-03
7.138425186022701041e-03
6.810936536840728195e-04
8.568863428475737010e-03
1.414658963503798716e-01
2.016424517075154910e-02
5.797098491232866024e-02
9.539998696009632795e-03
2.689850881954658490e-02
5.914668843197734560e-02
2.979308027202964837e-02
3.404489344153383001e-02
2.158928179255159563e-02
1.108049799092576393e-01
2.082047672312548059e-02
3.087392141282840896e-03
0.000000000000000000e+00
1.387469236127270023e-01
1.902241226900081017e-03
1.099714286897413018e-02
1.168843460870663264e-01
3.522753881375795260e-02
6.278076106749352903e-04
4.316197594134951743e-02
2.229490517468324384e-02
1.246828256987067007e-01
3.664308269605243140e-02
2.562627669820383147e-02
7.177980142452078383e-03
7.620621991697440478e-03
3.291609753987945197e-02
3.327110315697190401e-02
1.673522448600728296e-02
0.000000000000000000e+00
6.899484551663181975e-02
2.573849802540539855e-02
2.212038742593236407e-03
1.449016761108623541e-02
8.865362176798896598e-03
8.583446296705155021e-03
5.926215664842970909e-03
9.321689223157569870e-03
1.416951193072168991e-01
7.115303237689829530e-03
1.501850503820705285e-01
1.577088851537089553e-01
9.699170451580485519e-02
4.161749662587954646e-02
3.398216311400936718e-01
2.377931031100413151e-01
6.354532715480587513e-02
2.273241760544042478e-02
1.507385643918324192e-01
1.845183452049159456e-01
1.042688491700092257e-01
1.068141840261533915e-01
6.041254435522169786e-03
1.634965699132671091e-01
9.685618639979320932e-02
1.424538792503344808e-01
6.270069014812840180e-02
2.803805765013400730e-02
2.469341972251202222e-01
2.198255665492583333e-01
9.911181363107424147e-03
1.729449311239417142e-02
2.191616032819521109e-02
6.200015471414399570e-02
5.433646346791221049e-03
2.926289757193778485e-03
1.305397807904551399e-02
2.562047205444883957e-02
6.538121981012956496e-02
1.481289850385625328e-02
7.196947407826037590e-02
6.182612894251082736e-02
1.811138748669298693e-01
2.882631742294528010e-03
2.980446531549763023e-02
9.667791152577986935e-02
1.526854107593234033e-02
2.857299948755187557e-02
3.702145826045999399e-03
1.312981034790450252e-02
5.051758511167303567e-02
2.955003071511264068e-02
3.233692668790055791e-02
3.255085618574415918e-02
2.658653594494264638e-02
8.621170548122059074e-03
8.898015673836923156e-02
1.919414631057492215e-04
2.233751399934469362e-02
5.539378256233007392e-02
7.447995436192389462e-02
8.568718575912015467e-03
7.872061670435748226e-03
2.687196788013412885e-02
7.641361901612420127e-02
7.463057528854655231e-02
1.239153060372721882e-02
1.490214960294924396e-01
2.202228353253961046e-01
1.092247772671672834e-02
2.455628971043921638e-02
2.901057073281165799e-02
1.679881493955548422e-02
6.897870971812736229e-02
8.885063043909635638e-02
5.325585842584334983e-02
1.914443868178850039e-02
1.408930545823938729e-02
2.041435303004668356e-02
3.379851119099086532e-02
0.000000000000000000e+00
4.092507228811825826e-03
6.792247425316055853e-02
2.815694867404250346e-02
2.182702355386023640e-02
8.588719915961107176e-03
3.837825207400413774e-02
1.470942299614321769e-01
5.380589918124467630e-02
7.156020547402786036e-02
0.000000000000000000e+00
6.577406918629513655e-02
6.410415244056721917e-03
6.449700826316018265e-03
3.376499162151436195e-02
2.904972405425354509e-02
1.594601886866238161e-01
2.660923957286733810e-01
1.810492210718273043e-03
0.000000000000000000e+00
3.703377095536275476e-02
2.700082881668297574e-02
3.945944278643676029e-02
4.068027366267923384e-02
4.092107587136784019e-02
2.820596117621665400e-02
1.873043181598088580e-02
1.283599151637382363e-02
2.835780055065306726e-02
1.277349817068618165e-02
3.159384559727307362e-03
3.905634601302665487e-03
0.000000000000000000e+00
4.978001929877962084e-03
9.676102396019459206e-03
7.486804245616784925e-02
2.586689849744328029e-02
8.093507490895035517e-02
0.000000000000000000e+00
3.851992395664183277e-02
1.977432173106405955e-01
3.346649625376230119e-02
3.787546412488218550e-02
2.298072537364248547e-03
7.133612375527853544e-02
2.847653023300367181e-03
1.062040609735177554e-01
0.000000000000000000e+00
2.390531950265462058e-02
4.502135675431349071e-01
1.139088097219609352e-02
1.114930308206574239e-02
4.189741824005999149e-03
8.491893203244949007e-03
2.419682499185693558e-02
6.975304249655689404e-02
1.528604385056464565e-02
2.130615819661230148e-03
9.599081555595745385e-02
4.650871837434067402e-02
2.805972629269781748e-02
4.889549729863773564e-03
7.687847483848120334e-02
3.590859847183125453e-02
5.330384981949443102e-02
6.758560761621623669e-04
1.735559801239183741e-03
2.829809308882058616e-02
8.638322701861600450e-02
8.999286139709017363e-02
6.529488366473312766e-02
3.160261311407364104e-02
3.204257080308181571e-02
3.612698218655552296e-02
3.717990370444734793e-02
7.375087106531452719e-03
8.020943186512141665e-02
3.036533365306404164e-03
3.055412728554696145e-02
6.836467487286057576e-03
9.270156178279620462e-02
1.945882994046854719e-03
1.580648112801430472e-02
9.467713222148788077e-04
4.389354575525672431e-02
2.854746630819615660e-02
2.228317360943776748e-02
1.002305496295008425e-02
7.126763629028332048e-02
3.551315680621058846e-04
1.283679289972372572e-01
2.006260062836062730e-02
7.131800447815805910e-03
8.099784813990762444e-02
1.915639767388288561e-02
2.183217872943021831e-02
1.071181379440755421e-02
6.764521076355123341e-02
3.359110447971476177e-01
6.956920774594976820e-03
1.398086657900794449e-01
7.229404041672005121e-02
1.166554062469504771e-02
1.209470198848450195e-02
5.850707080709138808e-02
5.197836452293991272e-03
6.515069214934765540e-02
1.030951463089051501e-01
8.456403164812442697e-03
1.969568537568600064e-01
6.290717410193913395e-02
2.222876049802078313e-01
2.578199345764371486e-01
3.672463714574192295e-02
3.936094749848617624e-02
9.816602528629569946e-02
4.403194759598871855e-02
5.805645691644745199e-02
1.418872525684271579e-01
1.136288293979248465e-02
5.216918292621830489e-02
9.210734737310488640e-04
2.284863258677649611e-02
4.758445023057333856e-03
2.926192371844216211e-02
1.131054897760108702e-02
3.018000998116399103e-02
5.449292108875880558e-02
9.877088003904788138e-02
1.979164704034985789e-02
2.898912249067464586e-02
6.981732757580516591e-04
9.026098435400964348e-02
1.881871837976056838e-02
2.726968799582785152e-02
9.695023731355245644e-02
1.710010288043317672e-02
1.077011053831684606e-01
5.266272648841940907e-03
4.924542705451795399e-02
7.367863870245905389e-02
2.721473372103799804e-01
1.951362813183985523e-01
9.606412526207108726e-02
2.684504889510996861e-03
2.983479196130556232e-02
2.609539949799888348e-02
6.849566655411631899e-02
2.122321149237738069e-02
3.182673682909431534e-02
1.903032175503938106e-02
5.142601032999394306e-02
4.122622766363281954e-02
1.861034077737055981e-02
5.280732980141689126e-02
2.713143552243568735e-02
2.306557374801165849e-02
4.500854581494806439e-02
3.341281222116965210e-02
4.631233531537226611e-02
4.289087994152840366e-01
1.700647928796072961e-02
5.541971026296188541e-02
2.467158323990581437e-03
8.932154058937413765e-02
5.263320584266217850e-02
3.279316878148463843e-02
1.028791790369441017e-01
5.966486570003404211e-02
5.159890549061074694e-03
2.671037437551149196e-03
5.087870333248467603e-02
6.122562055989710927e-03
4.478471569216679882e-02
1.700032493639191955e-02
1.005851130460211351e-02
5.763857095375080064e-03
1.666966906031905893e-01
2.187574440062256542e-01
1.343894007820516379e-01
1.768166266948743015e-01
1.557994143343819360e-01
3.343951110658949233e-02
3.137974640132767945e-03
5.319106154903519013e-02
1.502460146314632539e-02
7.733568851009842149e-03
2.169719827219473984e-03
3.983367151473693468e-02
4.311370920373658322e-02
8.865905728174983125e-02
6.228055226356588037e-02
1.540205409339634457e-02
4.827825209439140508e-03
4.844120608871627098e-03
3.889967117145776143e-02
3.128417739043687362e-02
5.043719439991711795e-03
4.612091585923572268e-03
1.479803874034271161e-01
6.387092855598464070e-02
4.892057552073314497e-02
3.021898612968954012e-02
9.927159982552424822e-02
4.618673549739593653e-02
3.345664412762516804e-03
1.513042136146669492e-02
3.064109615071153314e-02
8.534229223310596524e-03
4.590211307941327590e-02
1.274852061932270075e-01
7.185628298986213025e-02
8.865017066515523680e-02
1.860159716445775047e-02
5.202028671751701694e-02
9.230181398296899431e-03
3.254998527446328893e-02
7.576227755774489481e-03
3.353075262168925263e-01
9.562590355990341351e-02
2.401702713949163126e-01
5.879011640559284047e-02
9.038324548456522223e-02
9.558217055204210055e-02
1.612633377500127807e-02
1.203822043678712816e-01
1.017572202487748712e-02
9.843784393268428801e-02
2.264003870109121408e-02
8.896684129735366042e-02
1.041269474068426959e-01
2.215297168963825669e-02
9.626235814153005776e-03
4.505467877516942110e-01
7.577102465952290089e-02
2.459233571715850886e-01
2.556928544614223142e-02
2.915560008753326215e-01
3.253074811275524780e-02
2.741809498405167744e-02
1.870828322654904952e-02
1.094022575966917543e-01
1.788754756775556842e-02
0.000000000000000000e+00
1.308536430393925087e-02
2.458157950647077428e-03
1.006801049042493901e-02
7.047598166898261240e-03
1.508982420492896992e-01
1.019575259446536819e-02
1.025611239868213787e-01
5.192510941838435201e-02
1.478789206286101887e-02
2.697613084592553889e-02
2.251382657341594040e-03
2.942765225770838100e-02
1.157101675766076809e-01
4.420077980709891108e-02
3.029150444659478580e-02
2.172566806296583053e-02
5.408399423199927725e-02
3.791094995053523320e-02
2.181012015565730877e-02
3.458967440027826967e-03
3.180487622653327406e-02
6.071971642616524889e-03
2.354900083418876022e-02
7.013110424442015045e-02
1.316856401041466285e-02
7.749064855796294893e-02
3.577554147096151382e-04
4.142092416993925497e-03
2.759088038431567469e-02
1.643719826772178649e-01
1.697756601382049979e-02
6.693980881800865035e-02
1.867438759799195935e-01
1.077466375467999171e-01
1.143258391851462719e-01
6.789964465812037275e-02
1.115735076772317313e-02
2.176563706609382365e-01
2.204909003419697200e-02
7.793281313594579984e-02
4.427159875522512777e-02
5.435797727653124412e-04
1.315114832677810597e-02
5.369718009892299193e-02
1.583413606406303131e-02
1.859456617126156175e-01
3.937892879211979391e-02
7.210525020078950575e-02
9.237920741153526905e-02
1.592228634471659632e-02
4.288831890729838392e-02
7.311114189309275702e-02
6.804102555096136484e-02
1.657068638124759019e-02
4.074092050233435458e-02
4.357799221338254370e-02
1.769329344172820839e-02
5.915216547304424921e-03
7.735811284387938969e-02
9.782066698514046976e-02
6.772235147661120891e-03
1.937445420164465304e-01
7.889228588895846883e-03
2.596188237088075113e-01
2.202355272152596299e-01
1.432984715721907776e-02
0.000000000000000000e+00
1.069144709143445837e-01
5.419884525915463769e-02
5.910104041955133169e-02
6.200714002291540794e-02
6.808563231573749874e-03
6.114569268094172116e-04
2.746132856188783222e-01
4.111475720588408933e-02
2.001322745794897884e-02
6.713176856655067581e-02
5.130739949460227933e-02
3.481319786538872307e-02
4.575670896878758498e-02
2.360363439816470787e-02
1.039246931911650407e-01
2.484408710029484268e-02
6.115362816254243938e-02
2.261915553168147852e-02
2.287927917890009155e-03
2.017638163501889181e-02
6.762388531585905582e-02
2.565391873789035770e-02
1.232795482834330159e-01
1.249929771641227205e-01
7.169570667545066556e-02
2.934113476914301799e-02
1.135688948317623570e-01
7.545813715379878772e-02
6.171475438015061599e-02
1.374197028217158945e-01
7.128518203804290465e-02
1.150041963069448059e-03
2.277775121559155735e-02
1.073013613479911754e-02
3.731386951470216928e-02
6.094285043851499495e-02
3.233521814677509099e-02
8.718772520614415100e-02
7.521378915836152146e-03
3.830477144356692065e-03
1.284197076644044699e-02
0.000000000000000000e+00
7.433575764995214996e-02
3.030179067241238755e-01
1.630247382908578402e-02
6.711148076484096947e-02
1.099079744182720475e-01
2.316787681666276910e-02
9.637472401803393041e-02
1.634425142770616901e-01
5.477384677448515760e-02
5.831772236106047558e-02
1.526122388794881601e-02
3.498995662229464898e-02
2.426778090553805001e-01
1.966972064862027025e-02
3.071943402511578824e-02
4.287735375206924715e-02
8.708013086611288145e-06
9.627431100512673368e-03
4.342608488975496783e-02
5.821509904366806154e-04
2.605478630793314210e-01
1.791058575628223792e-02
3.424863210216422260e-02
4.120660163178424540e-02
2.615802327470984068e-02
7.902173874592488545e-02
7.276156043777248783e-02
1.918321329215642024e-01
4.828478660513013665e-02
2.964245659467330540e-01
1.698393729028344623e-01
5.548218932720239138e-02
6.822279822354548884e-02
1.773051906971021552e-01
1.626533077171377073e-01
1.448320877006814555e-02
1.881125781717791767e-01
2.404718033539410271e-02
4.875338978524279554e-02
7.299445101573098782e-03
3.303209323750113668e-01
5.905730582477719537e-02
7.191756588438646958e-02
3.048318199703725639e-02
8.549636990926146041e-03
7.080007172550573102e-02
2.608681212366636970e-02
4.666273266581821844e-02
6.976353908323673636e-02
3.062135846550084750e-02
2.144143061622827418e-02
2.556629587170684559e-01
1.300333993364368723e-01
3.403701721470842045e-02
9.470329839652880111e-02
4.245290699138237756e-02
2.686665420119025427e-01
2.713664131478576991e-02
2.181771799388254607e-02
4.737104176975037717e-04
2.564737661896820953e-02
1.479290840050939693e-02
8.680722309230048950e-02
3.482968452414070271e-02
1.939474615063065954e-01
7.927513292950827406e-02
1.892662068057582303e-02
2.685751647382161877e-04
5.615135891431144444e-03
6.621693846197374000e-03
1.951436244740145654e-01
8.148774086429533270e-02
7.674351023070968836e-02
5.217691829997672670e-02
6.524583602422229234e-02
1.556852939541251146e-01
1.300394973833629564e-02
7.566764732324937626e-02
5.254197532287463446e-02
8.746280925500116155e-03
1.380805165406622237e-01
7.114548039687029757e-03
2.736745484012548246e-02
6.874176585687763463e-02
3.207522402256213212e-02
2.519380878544197344e-02
1.395920520562565770e-02
1.862960685957482099e-03
1.740462633389050495e-02
2.629150910089528281e-02
1.039245241632746897e-01
4.820500420139595121e-04
1.934057827612978286e-02
7.072501342062942342e-03
1.734297754656344281e-01
4.825055656376431301e-02
2.707549267247610914e-02
1.037908334160206891e-01
5.554202078755743344e-02
4.295475416732585927e-02
2.636198141371766113e-01
6.599518351486910461e-02
7.094399459030231725e-02
4.743685109387385523e-02
7.317927951404357145e-02
1.121420276862554744e-01
7.057658283243561925e-03
5.931516757354593494e-02
3.725988570602822847e-02
2.384288689652702686e-02
1.283870317707744846e-01
3.207071016571738653e-02
6.126713972871389302e-02
2.067966967100609565e-02
3.986476167362340561e-02
9.421551840604891481e-03
4.568019745438078871e-02
2.918367442634295372e-02
2.812699562167342293e-02
3.576637292694151427e-02
4.827162987196231825e-02
1.584513951186217184e-02
1.303511902966558722e-01
8.209838509328104550e-02
6.561897229273494503e-02
7.157144024448580666e-02
1.344303553000081308e-02
1.084820890178050945e-02
0.000000000000000000e+00
1.192104220706413642e-01
6.299522890840236755e-03
3.161553201375522093e-02
4.671035480466301237e-02
1.202183710108437609e-01
1.462917288088760870e-02
5.810668591876044786e-02
1.190223712515248167e-02
3.398743583502117360e-03
1.337124992449112426e-02
3.875124323450052088e-03
2.660736527715723554e-02
0.000000000000000000e+00
0.000000000000000000e+00
5.416624139076731126e-03
1.078947911278049787e-02
4.997375781860391442e-02
1.922989838152879827e-01
7.820716541117711529e-03
5.039309593285246081e-03
8.140584483298507479e-02
4.479696533080357312e-02
5.434949551363121856e-02
3.782839626561340651e-03
1.278870171498533992e-01
4.453710613080552605e-02
2.193723924491584043e-01
8.599090847850376917e-03
4.861570292107231239e-02
6.511448966990940335e-02
5.690590247698867898e-02
1.396446784151716969e-02
2.356060075073429516e-01
0.000000000000000000e+00
4.705410198200254968e-04
3.435113808279233183e-02
1.600858836961380760e-01
1.254397334527102004e-02
3.786046027639589084e-02
4.327047916519255466e-02
6.192669637669645510e-02
2.732215906697010865e-02
1.195219951023878124e-01
2.729240327402759902e-02
5.558859218156175785e-02
7.355456628497591964e-02
5.207871335294989024e-03
6.587686762788802497e-02
2.252898996956709254e-02
1.054721534081526357e-02
0.000000000000000000e+00
3.027297211598423132e-02
2.741772186470647910e-03
9.954566496419126054e-03
1.959217966175419434e-02
3.310927347981085234e-02
2.535538724080410589e-02
6.631932711760590848e-02
3.963207720897798936e-02
1.814539203761622588e-02
0.000000000000000000e+00
7.852259476134548777e-03
2.209538107707391674e-01
1.515516469600530769e-02
6.897680243090498209e-02
3.083762956734874550e-01
2.407253598843954734e-01
3.515508105447118226e-02
1.523802117205530493e-02
4.489544927771760285e-03
2.019762236820543677e-02
4.094713879633893328e-03
1.544546198586882468e-02
1.298229032842712627e-03
0.000000000000000000e+00
4.510837713198156962e-02
7.831543999637791131e-02
1.324496054301249615e-02
5.290537252216598318e-02
2.134895170570345613e-01
0.000000000000000000e+00
6.635066644286879978e-02
1.826736510914557243e-01
3.064203751490435224e-02
8.308380761814504467e-04
6.382802704884404932e-02
4.487810755567700483e-03
1.140303746713300370e-02
1.412729344824894540e-01
2.257350126185349026e-01
2.897512056851336837e-02
7.615160078970628632e-02
1.009133942887450175e-01
2.994702911607927120e-02
6.645137712597559698e-03
2.771440870321484340e-02
2.343468452508163935e-01
1.763535703328367177e-01
1.085970913444800345e-02
2.535497261010988268e-03
8.290555141742927958e-03
4.840048665050389332e-03
1.928935139802412380e-03
4.042761510683057224e-03
1.482315577504600412e-01
6.040509125894732989e-02
1.937190028584723223e-02
0.000000000000000000e+00
5.551617617286197515e-02
1.326209480085962511e-01
0.000000000000000000e+00
4.496099879222015261e-02
2.091900552688841231e-02
1.859311866631152554e-02
5.051931169669465760e-02
0.000000000000000000e+00
1.688029816182901044e-02
2.520234327249148976e-02
1.759362478352954895e-02
5.868957427390242287e-03
4.263117201815793678e-01
3.710781457958756135e-02
7.869426833049519843e-02
1.780034558391960786e-01
1.085595241473669148e-01
6.119181564035347520e-02
0.000000000000000000e+00
0.000000000000000000e+00
5.305726660068810219e-02
1.302753707635933011e-01
3.771730632075520617e-02
5.131099887598189468e-03
2.337724824662998913e-01
3.400792061514135156e-02
1.320782181681234846e-02
5.997089406280409207e-03
4.652329786112296972e-03
1.319145063052840072e-02
8.443938261358141517e-03
2.942210073070583576e-02
3.760235128698496965e-03
1.004434282446187154e-02
1.111555574303757510e-02
3.244859491513363281e-02
0.000000000000000000e+00
0.000000000000000000e+00
1.147139436102557752e-01
1.659946274747055028e-01
2.994407633058493445e-02
7.948707621273509716e-02
4.627806265838607658e-02
7.720502363345804753e-02
5.228483824302454508e-02
4.516269459529986818e-03
6.355614646068552531e-02
1.941081025645807756e-02
5.254183498420950116e-02
2.384681068887939404e-02
2.013654913183415829e-02
9.371336972579413782e-03
1.115842572940657362e-01
0.000000000000000000e+00
5.189703818128776902e-03
2.413680684220675943e-02
1.266666463458676617e-02
2.322710053976884126e-03
2.365031262521632982e-03
0.000000000000000000e+00
7.416194603007575381e-03
0.000000000000000000e+00
2.277507074571083479e-03
5.665232667878328243e-03
2.889022089289561279e-02
9.542346904299670030e-03
2.213827260062739555e-02
4.630264796549354855e-02
1.262516614628950151e-03
5.089943679879915805e-03
2.659380993949600480e-02
3.282863910596223178e-02
6.375088285600138960e-02
2.585002043578210618e-02
1.145932304742469654e-02
1.220195960841925498e-01
1.276069478103636357e-02
1.584443775149679823e-02
1.311096951430545943e-02
9.423117528475799531e-03
7.145525520018924936e-02
6.421787015339575078e-03
1.849596263776920324e-02
5.663696958685626726e-03
1.341256878388819018e-03
4.227199317871743744e-03
7.111832138994511610e-02
5.206207460676193222e-02
6.935867682269059031e-02
1.045573142140998613e-02
1.145359294233294634e-02
3.880975808469777633e-02
1.517973685254538907e-01
1.493649748976277891e-02
4.554111628813473089e-03
1.865124902926318384e-02
2.423793660472828293e-02
4.545472769742175956e-02
6.097186690721301261e-02
5.351827279213150490e-02
2.474989316319593513e-01
6.322142992053958466e-02
2.654848234693218956e-02
8.734523294520979420e-02
3.136015114363299716e-02
2.132421489350644350e-02
3.804413410760698611e-02
7.015990340972333428e-02
3.798932595268311729e-02
1.044551507725381967e-01
1.547780762541695054e-01
7.634288979986170176e-02
1.993235389047498529e-03
2.900672986416008570e-01
4.893782723264550327e-02
8.541690248315614298e-02
1.103352624779612157e-01
4.395715481097823840e-01
1.300886616908911719e-01
8.600218034043649595e-03
6.775202492202048177e-02
2.722326345707326567e-02
5.995205523179603091e-02
1.319980189523395353e-02
5.441410316258110669e-02
4.822786794863720417e-02
1.248958659243548652e-02
2.280220004982957960e-02
3.365268302657842270e-02
0.000000000000000000e+00
2.661889773707226681e-02
5.411185628638204292e-02
5.718971174816367409e-02
1.396209668086445532e-02
2.918107816612902639e-02
8.139417730669507023e-02
1.564161375442907342e-02
1.313001261766313377e-01
5.267007280935764868e-03
1.707617216070911326e-02
5.219015072210453354e-03
2.044060041741779798e-02
8.463908176240853010e-02
1.246523635799983154e-01
4.742971678296292737e-03
1.903214018270649177e-01
2.658253863473714063e-02
4.325347948504099094e-02
3.457820551039159085e-02
2.965882006484017452e-01
4.583223822246296209e-03
1.267934747559085196e-02
8.427419697133053944e-02
0.000000000000000000e+00
1.002071848909213969e-02
2.851838313372034861e-02
5.778482905725468299e-02
7.769567421616496716e-02
9.899099133319921862e-02
2.291517994702338967e-01
1.377689194861257960e-01
2.489308346580187958e-02
7.917856005839496447e-03
2.637860028476550767e-01
1.229489147718334507e-01
2.884674769572725950e-02
4.884362124854746412e-02
4.034933389195050069e-02
2.403579876663197723e-02
2.315100502979561270e-03
1.970666946197967562e-01
6.457681365779066596e-03
7.082090008260877312e-03
0.000000000000000000e+00
1.713557866889221515e-01
2.910411046121730294e-02
1.404475872534227676e-02
4.987285195742430233e-03
1.085802737746428548e-01
1.024199790561031165e-02
3.022787385430847351e-01
3.992233756163310332e-01
9.477591326958467732e-03
1.822597869801079185e-02
2.003523995692013671e-01
1.964665733542467763e-01
1.554307006232393817e-01
1.877580641692677688e-02
