6.115021290940970966e-02
2.759539342330506462e-01
3.271623964244177452e-02
4.501886538722210673e-02
1.754018364449452527e-01
-2.040115258125474798e-02
-5.218375197685143352e-02
-1.674756176611140110e-02
3.082248924102011164e-02
3.932209972349107879e-02
-1.201922165849495377e-01
-5.021767849370146336e-02
7.244652942203257118e-02
-1.144163743548486933e-01
7.944133621517739108e-02
-6.462664952188136580e-02
-2.330775876767200716e-02
2.388112686225120629e-01
5.053242684051627576e-01
5.619828284696951060e-02
1.083822297233211357e-01
-5.154489862323936855e-02
-3.635851845559077283e-02
-7.478658481121025492e-02
1.055511707097250840e-01
2.834617866948935250e-01
1.785767394584427403e-01
-1.449535174978193669e-03
-1.635238689052308583e-02
-9.691852460782787726e-02
3.990824367545446894e-01
2.177666607588278069e-01
1.351969134010926610e-01
1.115664196403685304e+00
1.049084458012827792e+00
1.070532242885692487e+00
-3.200451739540457335e-02
8.646981241455344858e-01
1.749208822958272791e-01
1.486346954203705828e-01
3.501766144184088603e-01
3.746793945367272172e-01
-8.854528753692485210e-02
3.132401087855559568e-02
-4.521232155226362348e-02
-4.445785746164231805e-02
3.719838000887076834e-01
-4.025574704132896253e-02
1.152321598878311010e-01
1.343006748363001268e+00
-1.169435780791211119e-02
5.344899072506956728e-01
3.304498532022819290e-01
1.406428341477474198e-01
-4.662326957944284977e-02
6.926230814972371419e-02
9.924320286442993577e-01
7.872038058891153711e-02
2.744594594209260330e-01
6.481720361601280844e-01
3.085170446823984891e-01
-1.845628986554426476e-01
-6.205470604354731273e-02
1.076223368459331906e-02
-1.250009618743874729e-02
4.966601093258528055e-01
-6.720151595776831244e-02
1.383688302012959503e-01
1.751282377173724036e-01
3.319887609503781034e-01
2.484040764299375731e-02
2.276693435942750768e-02
-3.292317514156651442e-02
-1.800318829422030420e-01
1.095816804043521220e-01
2.969900091444195867e-01
1.775882188854903745e-02
-3.393146755808389148e-02
-3.746680971960804352e-02
1.580908219047661434e-01
-7.615723491926713884e-02
6.219625630554741214e-02
9.495734715849830920e-02
6.361250509899221139e-01
4.405929441628029797e-01
-7.383319298067981054e-03
1.476604211798826505e-01
3.823863286126708005e-01
1.853418546144037504e-01
-8.745248140680314530e-02
1.353985021481314555e-01
-3.613091944850213566e-02
1.196167987858719195e-01
-8.605076105460972985e-03
5.081648103896335700e-02
-3.304811006852858418e-02
5.311266006851771138e-02
9.375340828472573940e-02
8.466409472379961276e-02
1.314767726477630329e-02
4.978935875629372093e-02
1.361899270454481892e-01
-9.857471710444981605e-02
-4.057517287031192610e-04
2.172488450819804739e-01
-9.343190744303409012e-02
-6.151263864942307230e-02
1.239999290211254157e-01
-4.259404654566825016e-02
6.786650369359013002e-01
8.855828832741885481e-02
-2.147963069856525381e-02
-2.511554976942511480e-02
-3.371376550240397230e-02
-2.238559287936715131e-02
4.860524358040768655e-03
4.007321861580874223e-01
-4.115689548471994363e-02
-1.178896821629214220e-01
-6.217920750894753018e-02
9.439295188953192306e-02
-4.323007360021365042e-02
9.318979571743659165e-03
-3.720994405364422275e-02
-5.223016321112691589e-03
5.564663240153361334e-02
5.163021619568040066e-01
1.531525503263756194e-01
6.761829432682392449e-02
6.453659421208025604e-01
4.055260761661972496e-02
-9.800501177410561593e-04
4.425529517061272400e-01
2.921719143560723708e-01
-1.685165766706160986e-02
-1.159163277538735951e-02
-4.620878149658574907e-02
7.937582942442522604e-01
8.239325691088549702e-03
2.443730634499602650e-01
-1.128834736902314256e-02
-4.057049007018725256e-02
4.541085350486196437e-01
-4.933610418144804277e-02
1.249034375155795712e-01
-5.889049140848693492e-02
-4.923766111636130455e-02
-3.158888619599409253e-02
-9.174029109585150887e-02
1.763001103134427192e-02
-1.320928495129672191e-02
6.622824609466322491e-04
6.072195613687349225e-02
-6.843441561681457008e-02
3.536414168210428449e-02
-1.832351209460098343e-02
-2.877331580649214807e-02
-3.270698042431249841e-02
-7.386681686524484980e-02
1.116274962052229702e-01
1.793808103826123879e-01
-2.324055584337660074e-02
-2.278349509351547397e-02
8.572542064280940233e-01
7.389854943071935134e-01
6.162429306713976263e-02
6.817363946603980374e-01
1.014367810127283942e+00
1.327436909919088803e+00
1.410066556877118904e+00
1.112110941235117334e+00
6.887464743361682018e-01
-1.211457440837404587e-01
8.116812350746277493e-02
6.959035933648130556e-02
-5.986561401279932165e-02
3.397995460440549759e-02
2.612511089184764781e-02
3.982330524389017801e-01
4.966990142305838796e-01
2.121133322566130450e-02
-4.200319272977571378e-02
5.875919965159086544e-01
-3.235591326199894341e-02
4.177422461593424674e-01
1.007674069068082101e+00
9.574617206007715597e-02
7.962638892646189959e-01
7.130688329685148930e-02
5.343327321105616895e-02
5.667591427912836988e-01
2.370441869680172120e-01
5.527167512316629727e-01
4.241162530734237102e-01
1.677745626252696631e+00
-2.220591481302254880e-02
5.392890621370567406e-01
2.197509702885301619e-01
2.414008522856627703e-01
-5.038790654842478095e-02
1.340123861982532860e-01
2.330177177071670047e-01
5.777944978757508510e-02
2.605762895747132935e-01
-8.836950154326156381e-02
4.323013688649977593e-01
3.854340626226748778e-01
3.569915184225280064e-02
4.530479148970282810e-01
4.551335640468663901e-01
4.755476612192822694e-01
-2.658085218220850379e-02
6.711214178473895453e-01
-1.264575517191862397e-01
8.310705227104449311e-02
-6.688696198030416595e-02
2.295872019654701668e-02
-4.334530704961555778e-03
3.253849590081991927e-01
3.816812729574716335e-03
8.586240313798303159e-02
-1.950460944652233561e-02
1.393012951383049980e-01
5.820879587944400857e-01
4.741025568105218246e-01
4.173751606989276608e-01
4.688552829016908730e-01
-4.674627753709665462e-02
1.605825766726947657e-01
-2.386688291131183748e-02
2.547340629632856013e-01
6.722357378984552545e-01
4.340049551351070067e-01
6.351221628314182022e-01
1.134121243058899164e+00
8.132433942279330974e-02
-2.745203476496484857e-02
-4.761388751989163032e-02
2.843051603879671041e-01
1.307016233659322180e-01
1.372176395923614678e-01
-4.809138197372655327e-02
-5.886297356241679268e-02
1.530946804328130184e-01
3.300751238800787076e-03
7.372571065866158346e-02
-9.413269752228625026e-03
3.560382330359885411e-02
6.279708555288528171e-02
-5.828327786479386985e-02
2.318505562518821672e-01
4.828766035586768424e-01
7.362985674973132610e-02
-1.415223269300887668e-02
2.982411739194981704e-01
3.779165981545253294e-01
8.582898827270560305e-02
-1.482276708043065057e-02
-6.717350238362881053e-03
-3.681872144185320550e-02
5.935357161507373025e-01
-1.870136139169266409e-02
1.851003330118927426e-01
1.300557075242745608e-01
-1.856975216697890479e-02
-2.499719383287538066e-02
-1.197018953666329454e-02
4.912209570920959001e-01
9.406588599051390540e-03
7.745976740767576696e-02
-3.122630971496254820e-02
2.202607623919971072e-02
1.114434707587218937e-03
-2.236621765557937278e-02
-1.271503335661265388e-01
-6.914200531194851507e-02
1.459783789822486355e-01
-2.306170209921261025e-02
8.146426101574258394e-02
-9.540775100428147389e-04
-1.323378403126323870e-02
-5.988718690535688866e-02
-2.093291208882658641e-02
8.387726194712447417e-03
-5.333634355660795551e-02
-3.293320062545684185e-02
4.741794855987620516e-01
2.457285817011044260e-01
-4.972314672658690454e-02
-7.247264154346183540e-02
-2.449566394822055501e-02
-2.645627011069907192e-02
-8.456047666137297969e-02
1.286381864778188798e-02
4.126279890906800474e-01
1.663572707729420522e-02
-1.397469579205878332e-01
4.747081822195673567e-02
7.553020515425125092e-01
1.766660137983063206e-01
-4.741946994702314622e-02
2.021717999051243220e-01
-6.860662568690970194e-03
6.071905830134952664e-01
-1.142056946998027261e-01
-9.175729854139023922e-02
-1.769715131964493199e-03
3.059087640427686841e-02
-4.754511173892280590e-02
-1.345167905644401030e-01
-5.842724140143869274e-06
4.099218200289249381e-02
-7.985302517230893210e-03
2.231969875961568595e-01
7.533045886749757392e-01
-2.750365167580991546e-02
1.166647597310468965e-01
4.088391264867533570e-01
3.850565987910900545e-01
8.990821401548941419e-04
4.381811143575518042e-01
1.925533094848935478e-01
1.633273325705286161e-01
3.048713033973608072e-02
2.533189514281203869e-01
2.852423705964610146e-01
6.600806536281023096e-02
-1.244776727553411136e-02
-5.307916136771417132e-02
8.912596823473452334e-02
3.674282603854102380e-02
6.527574013936719710e-02
4.533528984017176112e-03
2.209553548058949476e-02
7.419523954512686759e-01
-1.215280267088636587e-03
3.534149243082632674e-01
-7.829349921438774618e-02
1.836468680139616005e-01
-9.510681784899330249e-02
-4.175405417722818924e-02
4.616814947914744949e-02
-5.035109971766163484e-02
1.047226205062789205e-02
4.276455119282961959e-01
1.316813085910096583e-02
2.223614492147386879e-01
3.120617690426436552e-01
4.603637920225580465e-02
-4.961735318012136520e-02
6.976681323016273306e-02
1.039085726725047648e-01
-6.703935441464958789e-02
-3.767738668032705879e-02
2.266278283473212654e-02
5.240422146486152233e-01
1.110128313665942751e-01
1.123835841609118202e-01
5.293099897644111262e-01
1.266599718151259768e-01
2.140753004570119036e-02
1.980388708831741229e-01
-2.068507719098267722e-02
-1.117655660125572298e-01
1.429456763548358489e-01
-6.193661421711899040e-02
-1.345117439256083847e-01
3.543619732365026476e-01
1.667256890340242381e-01
2.702895243136917425e-01
5.818398501967105008e-02
1.105738159996439096e+00
9.468869522050791243e-01
1.875766484051772653e-01
-9.613298738429285062e-02
-1.696888159414028721e-02
4.887238517494262302e-01
4.380203768860944230e-02
6.521591017610915697e-02
3.455951096023098246e-01
6.775351140272609651e-01
-2.132303137660637032e-02
-8.040858521870969389e-02
8.107107067764554587e-02
-1.824205067904774435e-02
-9.087706307820322960e-02
-4.451083364020036459e-02
-5.142493502466709276e-02
2.967414134747165533e-01
-6.887704236068244298e-04
2.307324368829907490e-01
-2.988974626724352074e-02
-7.225213803491187074e-03
3.359801111081451852e-01
9.850967858061478177e-02
1.554580574379689217e-01
1.739613521031856472e-02
3.338921368157481973e-01
-8.967910816254436035e-02
6.693193355820850621e-02
4.564128072118051743e-02
-7.108654174478622190e-02
8.792298618784570932e-03
3.164820243472023925e-02
9.303704110719592801e-01
-1.020384917341567166e-02
-3.127969183263770714e-02
5.429663970926580652e-02
5.722156619163226710e-02
-1.267633062790998570e-02
2.378954589507715003e-02
-2.098593617420362392e-02
1.311129871153745352e+00
3.330676667085697429e-01
3.205698220226501638e-01
4.774766664932596494e-01
6.159433089167058728e-02
-1.539959129833867908e-02
5.581357370218106295e-01
6.500234369646208377e-01
1.666499908034650423e-01
3.690168710884320080e-01
3.228250143925713300e-01
2.556698886206880128e-01
9.406437561112798718e-02
2.037714586099192426e-01
-8.670702552005489505e-02
2.386550706151633061e-01
3.314162992214902265e-02
5.967176341317859123e-01
4.509589065782448891e-01
3.619819609496727902e-02
2.154391361341836120e-01
2.619307065271322607e-02
2.577396353087019754e-01
-1.921547439636659138e-01
-4.474031558512819168e-02
8.279826408125837145e-02
-9.418552695237246419e-02
-1.641987071213863586e-02
2.536590279103770676e-02
6.420931470739560387e-02
2.126621001220602158e-01
2.393260462455845394e-01
-3.947464020821846165e-02
7.266977533048880195e-03
7.786172424116086788e-01
6.206600711359940847e-01
2.237046826145321354e-01
-4.542310373448157218e-02
-3.548783915759603363e-02
3.082207614441685450e-01
-5.654733686027146877e-03
6.092382033971823624e-02
3.229298376138543536e-01
1.855430025578096997e-01
1.446569371153933956e-02
2.219888308700757595e-01
-2.386104530908113308e-02
4.610075154895796334e-01
-1.678292422986754281e-02
-4.514778107309455613e-02
3.507423054503068516e-02
1.636327404650388395e-01
-4.295651935288420653e-02
2.888647178337987523e-02
-2.559924011367559898e-02
-5.570277145076420883e-02
1.640346182258877739e-01
8.692894085164520890e-03
-1.161828649721976733e-02
-1.049635726525608714e-01
2.180406705066671447e-01
3.212947160510091216e-01
-1.317113178141037233e-01
-2.860780099579464039e-02
-1.949781049718119288e-02
5.854998042321063467e-02
-7.267828686995489451e-02
6.367926715204808019e-02
9.577937302067263473e-03
6.205136083242813738e-01
-8.788850198747703152e-03
1.953026172948475470e-01
-6.471007177821330725e-02
3.360705117729545499e-01
-1.031634695106388097e-02
4.401576143153412835e-01
1.694159756482722379e-01
-3.774521262787306625e-02
-1.094351078030294661e-01
6.785873737883427181e-02
3.043342369431704664e-01
3.708112604999437845e-01
6.813045261967658472e-01
-5.157990660546064171e-02
8.369656356830484922e-02
-2.199429620658672341e-02
2.849350741999900904e-01
-5.173032509208305013e-02
2.710439820254621421e-03
-3.595908660250260458e-02
8.036968610665742863e-02
2.037674620610872497e-02
2.617901096356152826e-02
-4.765198301487656718e-02
-7.998513373901509210e-03
-5.095290800432551725e-02
3.351215645651490771e-01
4.443297148170954891e-01
-4.681763651838183327e-02
-8.907559501854126621e-03
1.047591557002893470e-01
-5.586123598252062256e-02
8.972446031048492143e-01
-7.817464510168797842e-02
4.022542636617754130e-01
2.953458259426199328e-01
5.647743296895781084e-02
1.505237917284801309e-02
1.757216461807147023e-01
-1.137528191282678042e-02
-1.263563050150235192e-02
2.251326988751304811e-02
-3.851619029469800087e-02
3.548309695340532421e-01
1.097623502338490042e-01
-1.685732090676384919e-03
1.093065506037490392e-01
1.935952177988064515e-01
3.972857495289133789e-02
-5.769196653154955862e-02
-1.402497648589313417e-01
-4.557041718636013067e-02
1.424282084705731817e-02
2.709641174273801356e-01
4.780387673911694335e-02
6.727268308444918354e-02
-9.437413264289370995e-02
-3.521103114095858189e-02
2.863564957677633971e-01
4.084131657278130406e-02
1.558162956896908674e-02
4.884897139079641404e-02
-5.794189406504959838e-02
5.304621516678124926e-02
-4.859898145525696350e-02
-1.389197685702776297e-01
4.016410339370788951e-01
2.446726787505638934e-02
9.245516054614709087e-03
-2.909071029912731546e-02
7.061323412063112981e-01
-4.642804485424285865e-02
-1.048045323476479579e-01
1.451238477857171305e-01
2.175726504752436563e-01
1.240972481980240488e-01
-1.513268038954533427e-02
5.569595007939296405e-01
-5.256799292876133955e-02
3.331325056906561666e-02
3.069839614789973692e-01
3.224596636498187202e-03
-3.384889961266995990e-03
-2.413670863736860385e-03
-4.707258448533663264e-02
2.417092915966995437e-01
-2.726295276183653138e-02
2.214257602303568162e-02
5.510403632441456499e-03
-7.018804483209002687e-02
1.626537323000688817e-01
-7.185817699337684883e-02
-3.891651310949555131e-02
3.107926631134000708e-02
-3.443657867210595663e-02
-1.105041746901416488e-01
6.194932685842939879e-01
1.135983074156119987e-01
1.379213482500107057e-01
5.776721987782009599e-02
-1.118671369641421609e-01
-7.350909803665742204e-02
-3.572673987000007066e-03
-4.350272337357358383e-04
-3.016918116246556508e-02
1.193446435859700921e-01
-5.259125417706089767e-02
1.709020212247929285e-02
9.770367776665025983e-02
5.218767138322104593e-01
1.550691235022408687e+00
5.474634168887288627e-02
-3.174682985128587931e-02
-6.187840491935897407e-03
2.277154224198931209e-01
-3.991215302776584400e-02
2.769418688195506850e-01
3.249507816483118011e-02
5.173733209989091197e-02
1.382791885559598588e-01
3.980429230019834341e-02
-6.960827935107068154e-02
-1.495275404629752003e-02
3.887931129285368288e-03
-1.283342668575338796e-01
-2.050671175613313912e-02
5.493624250086507482e-02
1.469695407181166313e-01
3.559218190776899937e-01
2.643991576821808076e-01
2.815168783436341471e-01
1.486076820489362800e-02
2.423752613114378840e-01
7.404371897395106705e-02
-4.390515068335053978e-02
1.428430919419267919e-01
1.118174907581493821e-01
1.203556777875082889e-01
1.949601444179885901e-01
-4.732900094676769850e-03
3.231796960860623957e-01
-1.779262086373794433e-02
6.594147039475259375e-02
2.413834647018562596e-01
1.804790290724197499e-01
6.307226759398823490e-02
-4.608586302746054547e-02
-8.738668597462976445e-03
-9.943893800265205321e-03
3.087046867877497602e-01
4.398458411288440535e-04
-2.394678432054553330e-02
3.360602122594404800e-02
3.534502527011071371e-02
1.403502087539557353e-01
-5.944543061190495081e-02
1.392421267862213319e-01
2.962353174326547989e-01
1.845242132463596474e-01
1.052097972933667414e-02
-2.526422315714868874e-02
1.874277001284105348e-02
7.565407355374458021e-02
-1.690562240445530884e-01
-1.234452361638637002e-01
1.179781883726239728e-03
-5.652636373528197034e-02
-1.803397769231747105e-01
-5.158895195987700522e-02
5.152816701617386475e-01
-5.733520425698095113e-02
6.344899700684396293e-02
-3.821513547309792619e-02
1.739837752088161105e-01
-9.832272617087263467e-02
-2.367901486203151037e-02
9.461753393772909249e-02
5.236004939704802519e-02
-7.395681057241498824e-02
-9.000003557321303860e-02
6.943568511438757973e-01
-6.515614153982322854e-02
-8.699027312679229532e-03
3.815696238175184107e-01
-7.232531310926954005e-02
2.029922385861983314e-01
2.331105351066397047e-01
5.631874510064079770e-02
-3.018443250868456038e-02
1.006018896369997558e-03
1.178757182227589684e-01
1.081205388472627621e-01
-1.361973887661216236e-02
2.821481343978863854e-01
4.324633200807179723e-01
1.237259174892164498e-01
1.836520930283264130e-01
3.513154798004988061e-02
-2.776882320729939617e-03
4.109147526986389742e-01
1.543539368571036130e+00
8.319652127327820113e-01
4.641980099945616223e-01
5.205873628806718667e-01
9.327955968762651207e-01
3.798454803007342839e-01
1.762682301400172319e-02
8.856082957703810543e-02
-8.070002583166248356e-02
-6.771782683104320133e-02
-1.140595270763931218e-02
2.061831194500458875e-02
-1.032293135305109300e-01
1.606439699574555291e-01
-7.060374619327745849e-02
-5.463255504454557487e-02
3.802335720308321343e-01
-1.286976092453604023e-03
1.201606640160509110e-01
1.701329999198816084e-02
1.013281076060382757e-01
-9.618937810887889100e-03
2.675492041931547271e-02
-3.207083243643147480e-02
-1.027093222179173704e-01
-1.892397188611954703e-02
2.204801168470421902e-01
1.576316391677871562e-02
6.469764321385722272e-02
-3.887105710382018908e-02
-1.331376381397008160e-02
1.158204418123624790e-02
-9.086690445493707247e-02
1.128659233999022155e-01
8.647739998284614815e-02
6.737986249932741423e-01
2.817413812827722630e-01
3.858445118457463734e-03
1.631402810851217966e-01
5.722385024322932529e-02
2.055662643189649572e-02
4.030502800067277680e-01
-5.857727791107161103e-02
3.778869978698366078e-02
5.932695748873736408e-01
4.754302624409667381e-03
-1.899640835467773098e-02
3.766675902923309616e-02
1.232103066878307701e-01
-4.635137656853661331e-02
-7.076751883419336864e-02
1.670769501550815050e-01
9.147694753879271126e-03
9.024986850589948595e-02
-8.759521741938146311e-02
1.520956182222163167e-01
3.443720098345508240e-02
2.546502155902886644e-01
5.261856443377460613e-02
3.854876031355148891e-01
2.235768709251634567e-01
2.462040503582320905e-01
-3.162487071497898511e-02
6.443958833130047914e-02
2.384114365966689270e-02
4.252211992113457129e-01
5.880696918481178453e-02
-3.998544543454115446e-02
4.142201693869017776e-04
2.395096677618306635e-01
2.788052490635047759e-02
9.458124254189083369e-02
-1.407814047352315238e-02
2.151782944537125875e-01
-7.422468829427285308e-02
-6.544769568675370963e-02
3.287713219398216147e-01
3.150746122582431807e-02
-5.536657371789887455e-02
4.407907544867046418e-02
-1.829334858696255763e-03
2.523696344719779036e-02
-5.310905527317957842e-02
5.163768419849066324e-04
-2.200420848865112383e-02
-5.716612004770625990e-03
-8.416135397830457054e-02
-5.616649405730460287e-02
1.211287655034334367e-02
6.738099538242700581e-02
2.354153642790064727e-01
-6.317266923343936580e-02
-5.930716297658782804e-02
1.361125927617311770e+00
8.637235258720469266e-01
3.037056334749781983e-01
3.158877557137185210e-01
-1.161655907727181386e-01
7.058002139425262333e-01
-5.237857741144717055e-02
1.293090785666382581e-01
-5.227997535572730115e-02
9.569425529598406255e-02
-2.804006499324843138e-02
2.651097871996208610e-01
2.031880007583027059e-01
1.720841192791621732e-01
-2.079027599045165861e-02
-1.679399185494331523e-02
2.915850423431730065e-01
6.578366018507176838e-01
4.153127897764857801e-01
-5.571776681053242466e-05
3.000535853708601874e-01
-2.423471773774807034e-02
1.790663293554188226e-02
2.397222785948923129e-01
8.260335374971847222e-02
-7.292676342130058331e-02
-7.485038565763961482e-02
1.156973778179264389e-01
1.858168936755056344e-01
-8.337055055836939399e-02
-1.864285623794889254e-02
-2.434762842836089153e-02
-3.158483469777197128e-02
1.782694173709089558e-01
5.423692451994911040e-02
3.721074318567251654e-02
-7.967974543880679272e-02
3.173258826044869640e-01
7.099839631199077183e-02
-5.952195367029771561e-02
1.490910350035851983e-01
-6.206880323944003602e-02
6.262040262743384655e-01
-5.974552265800064932e-02
-7.127612079600285921e-02
6.835343670584338449e-01
2.349724627213343187e-01
2.595014006476588642e-01
-1.502049376555871819e-02
-5.721739713994986043e-02
1.420020342344737938e-02
1.940259542586052488e-01
-9.175957123974026741e-02
-9.233470231375059956e-02
3.325120922261585732e-01
4.928558037575798967e-02
4.833882996463109011e-02
-7.354987385188903326e-02
1.698311434084525950e-01
-3.218955964391109759e-02
-2.338098450936012054e-02
-1.447922035052142190e-02
3.162434732304697516e-01
-2.114559228869191884e-02
-7.492454406973105344e-03
4.662903636023340431e-02
1.796455366842766299e-01
1.712234009240135718e-02
5.852672753859999855e-01
-8.910828687940931803e-02
-2.337933662628293233e-02
2.962700700704695711e-01
8.352737244277194661e-02
1.530783875670629381e-02
7.213191191877791342e-01
1.007128761197105593e+00
-2.470758452757269852e-02
-2.161883947052036913e-03
-8.056676615293484334e-02
4.230530647511885180e-04
-5.927106200408233105e-02
7.414872540178719662e-01
4.396058433367145968e-01
-4.392535311589090136e-02
7.356566718298956919e-01
2.606660063068661978e-02
-2.458414416989417040e-02
4.520061036386242154e-02
1.053663020823894791e-01
-9.071203800262438166e-02
4.098782590871231646e-01
2.642180150097558564e-02
9.167524148702552167e-02
6.476445337555268855e-01
2.055117733493004584e-01
5.102391361365696265e-02
-6.444461102160541077e-02
1.068154590270395721e+00
-2.442987973678341015e-02
-1.191559102603752807e-01
-6.133551087971932797e-02
3.014982550319826871e-01
4.346443166608627284e-01
1.585371334507126029e-01
3.721332267546079847e-02
1.617291110349580452e-01
1.877582258631018408e-01
1.476931310380285266e-02
8.301517423177660893e-02
3.788347067567741089e-01
4.541059054476547785e-01
3.838057730230358122e-01
9.726505398305325401e-02
-5.001350994856538362e-02
1.057834115412535914e-01
-1.068227796238238048e-01
-1.246863822229428709e-01
-1.060919889339132227e-01
7.358956232348501381e-02
1.775834158140031926e-01
-1.094531003544846892e-01
3.121568693788778215e-01
2.482491414195908408e-01
4.105490382364110694e-03
9.853361093579407481e-02
1.981016437399485408e-02
2.650725530327335266e-01
-2.656941073350684718e-02
2.563127451062592876e-01
1.591272323932315935e-01
-3.804817016383259948e-02
4.212711661708554156e-01
-6.544014566760690543e-02
6.682874047792874972e-01
8.167628199185925086e-02
5.831556531070313659e-02
2.861267253706172853e-01
8.166000562118370595e-03
9.510468188350800212e-01
1.056380379199768488e-01
3.656194513851693251e-01
5.005932071712945047e-02
4.666875469098318296e-01
-4.029540884108889776e-02
1.286489217545402353e-01
8.620068944902460617e-02
-3.219186614372917393e-02
-1.791279456102466694e-02
1.503319363405845356e-02
1.083848952966533080e-01
9.206686766352656370e-02
7.118125263372182890e-03
3.542611114663397204e-02
8.068620531763735781e-03
-1.054052291525685303e-01
-2.024057379016825156e-02
-6.851951704832819068e-02
-4.061603037940869632e-02
-2.349761677389416992e-02
-1.521899312203390565e-02
2.715440629365717395e-02
8.957005308736054171e-04
-1.715510920094913960e-01
-7.941087813528427408e-02
2.067925225220531085e-02
-4.607976743580419199e-02
1.487149462431639792e-02
-8.293343058637277221e-03
-6.513998196674075647e-02
1.736329292757115075e-02
-2.983238552769032492e-02
1.588540418032305390e-02
2.131673347491963924e-02
-7.283020469112755357e-02
-7.445440368373126838e-02
-1.125311315206155082e-04
1.330607814768660670e-02
2.142312800114845942e-02
-7.225870691959757064e-02
-3.161415247222260777e-02
-6.643353881775160112e-03
-4.580600427843539713e-02
-1.580169050032928235e-01
-2.269185250515363961e-02
-5.428464437103008161e-02
7.089680212606349619e-01
-1.584291965450540865e-02
-1.017873499258915987e-01
-8.157364693350331597e-02
8.814905812320639189e-03
3.649002296115570476e-01
9.260239951335595965e-01
1.110448213587645450e+00
1.417159034203140378e-01
1.369915395487830700e+00
-9.987716428313005157e-02
-5.473310853116516994e-02
-5.043574879275120049e-02
7.780125648449218723e-01
5.182660463284449737e-01
6.385099970165554473e-02
-4.689238005615306570e-02
-4.377614254780279324e-02
8.520942820743530877e-02
1.574544289596417013e+00
1.168823767212558984e+00
1.359584313963027258e+00
1.023150999687073126e+00
9.486407121843303258e-01
1.626016661716794473e-02
6.496747800818077068e-02
1.682579109640418291e-01
-2.044264047264631595e-02
2.807212469479783423e-01
6.110437204614744822e-01
-3.664314515907915459e-02
8.544478308360314855e-02
1.068025953513864090e+00
9.907854510689252381e-01
8.142741493720723200e-02
-9.135192276722664539e-02
-1.024167316941402596e-02
1.652621836091516111e-02
4.755778124492555242e-02
3.611805873204722295e-02
-1.080497039171433686e-02
7.494667783555881979e-02
5.658384434236418681e-02
1.009875288906191271e-01
2.199336087066713907e-02
3.798027590908101964e-02
-3.579221325729906641e-03
-1.854705474840597640e-02
-1.188337810017908447e-01
-3.375182294225955674e-03
2.781073662905894084e-01
2.343101966337028386e-01
-1.376330935592821048e-01
-5.365093264395628253e-02
-3.526965442027216180e-02
1.228761857028195653e-01
1.960515379108594969e-01
1.698395551667350456e-01
1.494292211070160359e-01
7.017951363941928034e-02
-3.713770571846783386e-02
-5.053506237258167250e-02
1.202965252338489555e-01
2.858494433664242051e-01
1.058669333669948059e-01
-9.623577356754614565e-02
-4.291330644825085139e-02
2.349310492330221878e-01
2.376285449592691612e-01
1.060366167815168348e+00
2.019634749502447479e-01
6.270412165993287205e-03
1.126938274785911111e-02
-1.099277846676200744e-02
-1.067351023664348149e-02
5.561770401769479399e-02
-2.386825154688843043e-02
9.232503099950124803e-02
-2.207474484072625628e-02
2.846482629205009385e-01
-9.759375203260672871e-02
3.499963808833636558e-01
2.873985343959235550e-01
2.046462927507290003e-02
9.603432317051650846e-02
-1.022055175655818965e-01
1.199134435477260952e-01
1.281812117875837653e-01
4.579375233259617983e-02
3.059010452342576514e-01
2.288136460996368915e-01
4.882701581793828793e-02
-1.783647527758733817e-03
1.391313669568001732e-01
-2.525390335858647070e-02
1.961864751493583303e-01
1.187752545066523939e-02
1.339724200514776364e-01
4.659602940175093799e-01
-2.827037360721542519e-02
9.262351809198203501e-03
-7.480958380592800383e-02
6.996101776498094837e-01
1.568270075257468976e+00
5.998060055332228753e-03
2.145510284377694643e-01
5.207922065262536940e-03
-1.059649854699050257e-02
2.300539816720369724e-01
6.118652595138127613e-03
1.594211925406334093e-02
-6.548330196993189245e-02
7.847090427598008011e-02
-5.006965941517517969e-03
9.399870745583033260e-02
5.988789929325179923e-02
1.190398179273881585e-01
8.962427367452191485e-02
4.901097070230691632e-01
6.396313269769502430e-01
5.371088934321222030e-01
5.315623609485773393e-01
6.311291056452951811e-03
-1.031364015333796069e-01
-1.003249018805091597e-01
-1.198890953477005535e-02
-1.134404758960721842e-02
8.249974248928911014e-02
1.036280069241607565e-01
-3.708859793116440345e-02
3.080429751303982028e-02
1.248738730371556638e-01
5.596890387114263066e-02
2.126055724080435638e-01
5.093110874866817184e-02
-2.625992709134564607e-03
1.624005564119297973e-01
-2.710261835691884450e-03
1.605841290644910990e-01
2.935527291869066691e-01
1.593939029208392422e-01
-4.154689051633256303e-03
-4.415341083833298347e-02
-8.373943649552616220e-02
1.424994370226955187e-01
-5.051107338638120836e-02
3.262672276241011804e-02
1.885010249155245621e-01
2.757537872743676677e-01
5.886861063374374935e-04
5.046105419608902520e-02
4.145626874425918929e-01
-7.400763638901425127e-03
3.045985639002013468e-02
1.525013958477300369e-02
-3.706827919695496187e-02
1.559637006382052875e-02
1.440752534352076619e-01
-1.783931414965452683e-02
-3.132630021507224610e-02
3.146145319355302117e-03
2.530662541556311790e-02
5.107369645173852613e-01
2.097889185403552792e-01
7.259331716141072255e-02
-3.692266227066400702e-02
1.840546432068170257e-01
3.382443266617435329e-01
7.570325829301617626e-02
-2.223317534391749603e-02
7.312919314827547035e-03
-1.397185831322923615e-02
3.363815482608045748e-02
-9.822300250349798312e-02
-1.761778892898200471e-02
-8.259518509636004646e-02
1.060245304356318558e-01
1.652618712042073709e-02
-1.373881638611591793e-02
-1.008716197311229114e-02
-1.267108507996830835e-01
-6.884431122596135211e-02
9.266505026619067942e-02
2.285899999937021643e-01
-1.821029998509000143e-03
4.609800914184231102e-01
1.158493896999476663e-01
3.502706301832387431e-02
1.075827895801046763e+00
4.213993695461053512e-01
-4.064696566380637810e-02
4.594496136607841286e-01
-6.025993470876192526e-02
-2.797446790510623241e-02
9.425731280939866896e-02
1.114063422581599433e-01
-2.443782708834348061e-02
-3.089675372607062886e-03
-3.506198524621433055e-02
9.245467434630509906e-01
6.929447866864563155e-02
3.499479527093832254e-01
-2.075458584635755596e-02
-2.766397351147663677e-02
3.718839837930190129e-01
-9.421919126141588274e-02
2.527514308153788400e-02
-8.049423776027078703e-02
-2.319953091181321814e-02
2.442366368350691319e-01
3.629730339907854750e-03
-2.671085447499637819e-02
1.032336883276889772e+00
-4.298873927789913230e-02
1.941119244003498279e-01
-1.114675895754247137e-01
-1.010370928262878526e-01
8.871175433233905450e-01
1.097268341105265554e-01
-4.365248323983055706e-02
1.798620451578117341e-01
-2.172127231031703576e-02
-2.416639227387705827e-02
1.526800516832575727e-01
-7.268996884954395665e-02
-3.398584126814624407e-02
-3.833692020526641847e-02
-1.263844023925181359e-01
-5.819119724613307232e-02
5.056857983781308796e-01
-4.964597406126480122e-02
4.939726366577511935e-02
1.658167427980275221e-01
-2.915805514644121202e-02
1.171391677091637440e-01
6.614023950577567479e-02
2.837356663982110172e-02
8.543452619926588110e-01
-1.417182773921079296e-02
-6.208006416772036962e-02
-3.742952653842990252e-02
1.354801395718139428e-02
4.972626650663618947e-02
8.472458076338941491e-02
-1.391708199205219931e-01
1.978283069780812850e-02
3.046718200286304135e-01
2.331290913670855044e-02
-6.248745096064311361e-02
-2.431362788658847363e-02
-6.238803721632063364e-03
-6.806578876815466694e-02
4.242016991861009556e-01
5.158843318897938790e-01
-4.998975999859914948e-02
-4.691529245184748731e-02
-1.022109978187582813e-01
5.391069428862396186e-03
-4.549229605771889368e-02
-7.081410042873144406e-02
-3.192002829760785809e-02
-4.410895995391245911e-02
3.968213578425711097e-02
6.106999571725225673e-01
5.596673827302092175e-01
2.759475269697023725e-01
1.576833041741855235e-01
3.326074415288139408e-01
1.505186899965544611e-01
5.849309442783945379e-01
5.507003072646045050e-01
1.601887309598761522e-01
6.132730702643818862e-04
8.853224980070678596e-02
-7.821052743058261314e-02
3.591146024938104281e-02
1.576954511100525369e-01
-2.859851429909051126e-02
-7.028243760689537045e-02
-8.988734774918137604e-02
-8.472293118820189983e-02
6.176358217869862832e-01
2.377763572332464159e-02
-6.426624055914061107e-02
1.896661626032360159e-02
8.100308772216215092e-02
-1.303764662139989677e-02
2.693551900984557986e-03
4.546171128780910897e-01
-8.690321742015327811e-02
1.519893604880753583e-02
-8.933513077511641420e-02
3.580922269925244095e-01
5.582707217048542558e-01
8.311310091516781184e-02
2.378536335867470208e-01
1.079962817625731875e+00
-9.027631645215968004e-02
2.826655408953684251e-02
1.980993737344459438e-01
3.967172028023713271e-02
-7.017512884999164979e-02
1.185853543492351864e-01
-1.839650830202529952e-02
1.373742987863581178e+00
6.402651113741464339e-01
-9.216253521039020902e-02
3.428585455054976305e-02
3.652333265660903105e-01
-4.049116088065616431e-02
3.008357854618710914e-02
-2.496837946216230383e-02
1.290567189055605302e-01
-1.227807098441425701e-02
-3.090014852945868057e-02
-1.041492904491585769e-01
-5.982318201999910212e-02
-8.504454607368034172e-03
-2.785778062540572239e-02
-6.211620782090258169e-02
-3.969308308514091395e-03
-7.426363304688957112e-02
-9.208184941057077910e-02
6.228666542568688236e-01
-4.353660717638810351e-02
-4.418527769993787352e-02
9.023843572449344319e-02
1.162910116676086347e-01
3.887008235024006497e-01
-1.856152912727448978e-02
1.800638557120206595e-01
4.374410854496096207e-02
-7.123921555836625064e-02
8.111009538455320189e-02
4.259075723491770327e-02
-1.121671492330845316e-02
-2.049736668119621352e-02
2.430253462451608115e-01
-3.455782614819148668e-02
-1.073946074169559312e-02
1.462739914538520314e-02
9.911616852347691076e-01
7.788600308026172314e-02
2.230331690527633248e-01
2.055847657075780127e-02
2.315897141949037619e-01
1.805990739024178893e-01
3.515968555444638766e-02
-2.367067622152264211e-02
-7.065587939803255613e-02
5.586280269949432942e-01
-4.116805092089707852e-02
-2.396074855967736048e-02
-7.385869243612958046e-02
-2.966576381377086444e-02
8.607988370493736829e-02
-1.440206227990755913e-02
1.163093070983664068e-03
8.045532367573474120e-02
-1.323138547941373200e-01
3.879642224295085651e-01
1.728241897094958401e-01
3.509060008866748959e-02
2.536627383833386373e-01
-4.857126605205207281e-02
-6.517410406678314505e-02
1.251516303677314979e-01
2.883866911150667622e-01
1.462708164435468916e-01
-6.935676530631976200e-02
-4.652247901288514287e-02
3.503146425970997402e-02
-6.315771235165917874e-02
-7.787440429764129479e-02
1.098164041834472082e-01
1.794190867265611430e-02
6.626039286122795691e-01
-9.802307363675713536e-02
2.786958013036908710e-01
8.692804941970296018e-02
2.458139186076357396e-01
2.456541314416413047e-01
-5.710566886368243639e-02
1.057971119040595522e-02
2.691833120585646055e-01
-2.228463655294024917e-02
2.366203074318657881e-02
3.884877695218896809e-02
-2.492060201997427921e-02
-2.325631593049677648e-02
2.830098610307858753e-02
5.645802315666649529e-02
2.077217644524954610e-01
3.468292537620208671e-02
1.316047451627103126e-01
4.109327282021065231e-01
2.867165629765899837e-01
1.798740258845090978e-01
9.181990829754168582e-01
-1.071519573074036918e-01
-4.495075824705240669e-02
3.673608146317170614e-02
7.383996108223271626e-02
5.814635158956253935e-01
4.184138589311975354e-02
3.442902718118391325e-01
-9.661016341560399456e-02
2.483460914951186316e-01
9.140308279668556135e-02
-9.078540321456042561e-02
1.154688958709786661e-01
1.850311601956153296e-01
6.889457246319975747e-02
1.594511807990539251e-02
-5.740008959843900110e-02
-2.787114828801888489e-02
9.980914260496798196e-02
1.050433783082845185e+00
6.765226289124307568e-01
-4.956517418906831313e-02
6.773729459063353164e-02
-2.871062935799930868e-02
2.428036425271508925e-01
-4.706649692469230643e-03
-1.258370810673668967e-02
1.592805308276484810e-01
3.664594345520112012e-02
1.373135019579871940e-01
3.084864909120583198e-01
-5.885133426415512653e-02
8.477406270438310465e-02
1.155824580227574616e+00
1.162258515275514104e-01
6.351131538744756444e-01
4.318829766755694077e-02
-9.017746658564000650e-02
-2.767776419096187185e-02
-6.676587604666247081e-03
8.733047981592753639e-02
1.266365489067319550e-01
2.766066966053695730e-01
-4.030581653566592260e-02
-1.411545524370341059e-02
1.028672469623957142e-01
-2.676081273545170749e-03
-6.214810372016309203e-02
1.325152567651848301e-01
1.072978152875774249e-01
4.314311423776078652e-02
1.863460734829017751e-01
-1.063438530812908511e-01
4.272480341463426312e-02
-7.721865784284229206e-02
1.360703108970154618e-01
1.810061418780851972e-01
6.698649263648762675e-01
5.447330671041155092e-01
1.143248481322056420e-01
1.168561047214824143e-02
1.824948943796800283e-01
6.725124585018001089e-02
-2.222661319179653275e-02
9.622681113355441296e-02
-8.200517837172323701e-03
3.513344037562085576e-01
1.739307231680658206e-01
-1.525462944351086043e-02
4.535623158402481842e-02
-6.346502173004602010e-02
1.019969798314489529e-01
4.794992719814566429e-01
-2.668580766434202473e-02
4.809406092474904915e-01
1.339311802826415598e-01
-2.158677422047972083e-02
4.237798198350365420e-01
-1.547353232188755819e-02
-8.343961699198015891e-02
1.753488079432340141e-01
-1.414584458232566282e-02
-1.193605603654588204e-01
9.204470312639070895e-02
-6.600789281347080317e-02
4.441176040327615010e-02
4.716131448825783973e-02
6.811660589138122945e-02
-2.836967953404141013e-02
8.557412287600817125e-02
-3.055256676688356335e-02
1.254652306686221408e+00
-7.220233687937901990e-02
-2.070851832757381397e-02
-2.392372238890774772e-02
-5.273876466660935153e-02
2.180123691341833148e-01
1.861586817215090117e-01
3.408814030084528907e-02
1.052113071162134483e+00
-4.574249616947487218e-02
2.132696910094085754e-02
4.391763896388996280e-02
4.101557392471273655e-02
-5.452222529052765110e-02
1.291908132707457468e-02
-4.763762705858267527e-02
8.089697706362995733e-02
-3.341314429545394482e-02
3.869181303595321531e-01
7.979778649146199720e-01
5.685701057184916474e-02
-1.785354496253887396e-02
1.677245660629559376e-01
-6.718976299758089299e-02
4.030599453447866048e-02
1.015032859153311845e-01
3.603178623625233890e-01
2.797128925010982509e-02
1.900291884689004063e-01
5.204684504375124421e-01
1.652901842255592446e-01
2.044449494273464230e-01
2.601020183466485336e-01
3.463418214321699329e-02
-1.189041759279595573e-01
9.164895530600204732e-02
6.979223276424237343e-02
-4.759282440037854167e-02
9.495653948093020214e-01
-3.994785081237522961e-02
-1.445929056071768720e-02
2.097736942528510840e-02
-1.729072136544367727e-02
1.380735532295188084e-02
5.166355971309440770e-02
-2.144196661849426082e-03
4.983663481102797166e-02
4.152594138275274988e-02
7.833639175879233418e-01
1.046308402927328546e-01
-1.281086362213403329e-01
3.546342424786012582e-01
-3.161837113138978722e-02
5.769024579378138201e-02
1.088041046574239334e-01
-3.306828604653058723e-02
1.016596755770133309e-01
1.292563280216763311e-01
-5.872698825948535761e-02
1.699095936596865114e-02
3.952467405070914097e-01
1.126960998490957044e-01
-4.730966362921680546e-02
1.694560723199651717e-02
2.840524947390139429e-02
-2.976496263814354046e-02
3.663793000121004506e-02
1.177390627766267128e-01
6.406317999423842835e-01
7.863289141906164292e-02
1.937579315742734773e-02
1.264834053704506911e-01
1.083211668875030433e-02
4.850029490083503092e-02
3.599148618638910446e-01
1.315283343748147316e-01
-1.203183314916479174e-01
9.033188723867104433e-03
-2.168795073685649000e-02
7.870353621513960507e-02
8.286190348087692052e-04
-7.373241889786668821e-03
-7.606588496313702874e-02
-4.129100792900301797e-02
-8.520560009043524896e-02
-4.325186697029023003e-02
-8.961408729179042021e-02
-8.682624839037761388e-02
1.130417554878223374e+00
-8.028327773642568443e-02
2.651391110314389038e-02
1.177619075821088046e+00
2.391684328633510992e-01
-9.804932384182087068e-02
8.442030384126411602e-02
7.872763411245442544e-01
3.145705145588953422e-02
8.619343963991758784e-02
6.967531858521106534e-04
6.036040069842889960e-02
2.386361141122532795e-02
-7.566932618025920543e-03
2.993797330341240251e-02
-4.101138795701811390e-02
1.053163419466626838e+00
5.865754055999415975e-03
1.612429784935136112e+00
1.078093039816358373e-01
2.722655810435672397e-01
-8.517215398439528795e-02
2.166319816000688292e-01
5.129054847649178184e-01
2.052891298970184464e-01
8.901279546522278263e-02
1.260876306974339500e-01
4.626075532469989815e-01
1.241430392815825456e-01
-1.496884552487959610e-02
5.662027785500264865e-02
4.287350465141199218e-01
7.605795054902625418e-01
-3.299787362754159903e-02
-1.140525788519210909e-02
-3.411204673396516646e-02
-5.152240400950341970e-02
-2.984864703149371287e-02
-7.742276670986704759e-03
2.338924124484526024e-01
2.526124513651692993e-01
1.642231777893518041e-01
-4.341353926975276972e-03
1.533082128048080250e-01
1.389928651530649914e-02
3.535105028388424182e-03
2.737306696344277146e-01
6.487259705860147774e-01
2.248693963531735174e-01
-5.193649683105729109e-02
-9.760081753521156200e-02
5.683006875875658281e-02
-1.736442606614237993e-01
-4.226826749823132251e-02
4.119867921374581465e-01
-6.560770294115553236e-02
9.028950823681494708e-02
-3.864213462920106090e-02
1.000944410045585986e+00
2.535356627894528453e-02
1.367315571800625573e+00
-4.008460879228167850e-02
6.356023535963937210e-01
1.162326648962987097e+00
6.483345069609429689e-01
9.138359407541223334e-01
1.161660580347032345e+00
1.539431328966149315e-01
4.144127758162198250e-01
2.754743913182751691e-01
2.061355020034270347e-01
-3.283230631445276104e-02
1.017490472153584069e-01
-2.537955001547747766e-02
-3.955744032540893518e-02
2.384630425818896633e-03
2.962037334467848212e-02
2.976523585763464208e-01
-1.192497408422578953e-01
1.819625547555817902e-01
-4.151303249392713363e-02
2.049452524157426014e-01
-4.737933175202167779e-02
-1.718395015365517531e-02
-2.634397065020878045e-02
1.018102071236966916e-01
-6.594171128016441952e-02
7.007511940964673558e-01
-8.641676978857062985e-02
3.814185304625090228e-02
8.801510564004280668e-02
4.289016635520266629e-02
2.046425624580348879e-01
7.572103302925884405e-01
4.235572371527165925e-01
3.259414015216751115e-01
-1.303706868689932241e-01
2.947755126502722978e-01
-1.250730111601617602e-02
9.682583754765453632e-01
-6.339586780574452129e-02
1.286655890419909909e-01
4.411798230251870283e-03
-9.826043451732609235e-03
4.887199698377314716e-01
2.278529907073935726e-02
2.353032530122699598e-02
5.870453047465212792e-02
4.889375968954550178e-01
-3.473354794298821185e-02
5.876517226458688459e-01
-4.588682590877084938e-02
-2.844691454761319200e-03
1.136447946565957434e-01
5.032042178914740704e-01
-8.877136901333687602e-02
5.295851938524248625e-01
-3.569807610345709231e-02
2.520665269525033600e-02
3.604013493114766042e-01
7.335936419999937452e-02
5.653165261685882265e-02
5.904899699600901081e-02
5.341138888019019149e-01
2.269079809901804190e-01
5.168801585362696460e-03
1.923413407425500765e-01
-1.041328827878853086e-01
5.662291676593067535e-02
-2.284373482830770463e-02
4.889333105676160751e-02
2.577936628383523804e-02
-4.914335892389642968e-02
9.496488990286672954e-03
-1.441462595664164126e-02
1.776541328828612765e-01
-8.393088562497067959e-03
2.015392216217621602e-01
-4.796130690140867903e-02
-1.836948108220519404e-02
-7.751303289195933532e-02
2.741058500574025114e-01
2.155695606521261520e-02
2.402086094254647641e-02
1.071612986821132291e-01
-1.372219023795508835e-02
1.032421481004723196e+00
4.040772539594724572e-02
1.291053916962003445e+00
1.628671208244113489e-01
1.280184530717281000e-01
2.938468328637028337e-02
1.477820283093242093e+00
1.111424354473004694e+00
7.451512315856918534e-01
5.063366043532268462e-02
-9.103640168576913883e-02
2.348723979518505811e-01
-8.977465226362088546e-02
4.466564570943378776e-01
3.174943787229612610e-03
3.369568543836714419e-02
1.198440568207110174e-01
2.879790931254010977e-01
1.137896724765918334e-02
-5.542392588891838917e-02
2.749176236124790170e-03
6.148430203554547391e-02
3.452009237042315548e-01
1.461042253168855221e-01
3.858788896192325568e-01
-5.459255443939833863e-02
3.289667802831159216e-03
6.849960241969069163e-02
4.219862531464048661e-01
4.612021263266666282e-01
-1.069899277667626381e-01
5.562043556044856535e-02
1.247909271431263956e-01
7.139160916251602318e-02
7.428870470884910669e-03
5.133602663188147064e-01
-4.952165615199281834e-02
-3.269573633907200266e-02
-3.824860293440306147e-02
2.120120410297475222e-01
-4.860771574702592995e-02
-2.541674649267752079e-02
8.536641810691397714e-02
-7.401300747354974674e-02
-7.446105544729754444e-02
7.508041524403664610e-03
5.289346846396799640e-01
1.429613572770534712e-03
-3.550296018119278307e-02
1.592992568844390222e-01
3.354456035967669225e-02
4.051036017635560593e-02
6.042661048794088774e-02
2.526864603101389162e-01
-6.865476650195602437e-02
-6.859619350669562965e-02
-1.091206852923597426e-01
3.315902564059175495e-02
3.868199184234392130e-01
2.552696588630629093e-01
4.326541672953646556e-01
-8.235682349841387528e-02
-1.117361129035556941e-02
-8.041572527570330087e-02
-4.108179678193293882e-02
-6.039941233102112672e-02
7.243947991925796248e-02
8.374358407909038293e-02
2.449379126623588421e-01
-1.750311968030854315e-02
-1.091839480490339603e-01
-2.408652892461932496e-02
1.639687529828600943e-01
9.106989356856519391e-02
5.174875381305007321e-02
1.119978995816486161e-02
3.652940719846548556e-01
-1.269355026055217842e-02
1.378481345716484618e+00
1.289801844954127363e-01
3.435933719887334092e-01
1.960189659481745977e-02
8.680403614351039909e-01
4.507533569598023981e-01
-9.458863039682879892e-02
-4.952454144008168468e-02
-2.489647664458856033e-02
5.392163968243224303e-01
7.216136766674451086e-02
1.223371964670185719e-01
-8.786430172812127043e-03
6.810318463313048964e-02
6.498767557295472008e-02
7.132548667014938781e-03
-7.309323911693753340e-02
4.171530107051445863e-02
9.823036983825250701e-01
3.323195910343829662e-01
-1.063315379044499215e-01
-9.440458867977076507e-02
1.341550833314208123e-02
-4.733830888848158253e-02
2.471475592371292357e-02
-4.803697048161795213e-02
2.902722510778369958e-01
-1.003446215673988867e-01
3.172623851012536939e-02
2.710196925989462324e-02
5.289360320458058595e-01
-5.091577024794882722e-02
1.510250841545205391e-01
-4.140565329806905615e-02
1.852498272218078001e-01
2.420288037767801270e-01
7.071939767339686933e-02
4.139557891471391804e-02
-6.630110228892457935e-02
-1.892635052955759373e-02
4.778211228501604013e-02
-3.111766085903037646e-02
-7.810157248463991952e-02
9.683176270178218276e-03
5.414423270072056538e-03
1.601447868937708463e-01
3.239052841264308813e-01
-1.503256499272031393e-02
-4.997079499224802573e-02
-3.437750443657608748e-03
3.414668159083590337e-01
3.287185144657795433e-01
4.876330817489227254e-01
4.136213840606561137e-02
2.807991172336358754e-01
-3.785373236362794824e-02
-1.018842338484210186e-01
-1.431368949479514333e-02
2.125412918371845372e-02
-2.464445235030263831e-02
8.729569221347174279e-01
1.721552206231823368e-01
3.113131613805967257e-01
-7.913675405982284472e-02
6.093206013571565022e-02
2.359268718496914663e-01
-5.152873738290628808e-02
-1.129949227197712958e-02
-1.575958398383178749e-02
-1.311661052898539272e-02
4.354963556880593889e-01
8.913819295588557567e-01
-3.389375600654370019e-02
2.079199123517739764e-02
4.889409536919070431e-01
4.817474182045063114e-02
2.716209741001118227e-01
-5.692750466076548083e-02
-3.220712107129247020e-02
1.842250639855514682e-01
-5.139430486630677114e-02
8.239928875067584757e-01
7.841956297328808168e-01
1.499922312574612504e-01
2.239135145888611622e-01
1.085345361236832673e+00
-7.615648371279778658e-03
1.646217429033345891e-01
-1.500179107466040156e-02
7.832815585623312815e-01
4.022550977728152621e-01
7.739086281693536851e-01
2.687893488238131123e+00
-3.855259374379281512e-02
-3.200387189061553589e-02
2.351993730278860786e-02
3.017705562335803449e-01
-1.197307551468533154e-01
2.896414798199266616e-01
6.818508320576991411e-01
1.669098503870970474e-01
1.203060812867876375e-02
9.646161054923858558e-01
4.213954205525000107e-01
9.887515071778514297e-01
1.088737779408139039e-01
-4.684501877757415306e-02
1.033290996828204605e-01
5.594039796467565467e-02
-2.100259989494325606e-03
5.200195748793106851e-03
3.339556969040393120e-01
-1.089720166221155515e-02
1.988210607582125422e-01
-1.156828713927801969e-02
-1.994303095290838462e-02
5.926910361327089594e-02
5.709387715773776156e-02
6.263534688107798287e-02
-8.386564869216783791e-02
3.518638521872021613e-02
1.714023780100464300e-01
1.425100338491439578e-01
4.158663688327795399e-02
-5.473574802807022743e-02
5.148989125695904029e-02
-9.798455019510887709e-02
-6.096402507613347954e-02
-9.457701383542688189e-02
2.439826066321842957e-01
-3.823741625341824796e-02
-2.340520392279837186e-02
-5.683552665640780738e-02
3.376075615890618553e-01
-1.748429113961052009e-02
3.346106747484975941e-01
-5.890895787426422836e-02
9.679596067467038933e-02
-1.122789244258766972e-01
1.934806871303182407e-01
3.046919593533375589e-02
-5.489722343717585301e-02
1.679379850313810207e-01
4.181264622890780436e-02
3.356674083914068518e-01
1.527472743342460859e+00
1.313200897311086024e+00
-2.254716063924583000e-02
9.655055487579508045e-01
-9.130546054251434396e-02
1.082941154530968342e-01
-9.210627005021440822e-04
1.781720776785518934e-01
1.131539063476904999e-01
-6.464978077793639977e-02
-8.216217469954002414e-03
-4.572255586688458995e-02
-7.777650679758675578e-02
4.295910976235646148e-03
6.094509752513722622e-01
1.068236954188702126e-01
6.306719423497868238e-02
8.991249386124058884e-02
-7.425396311378902603e-02
-2.708485406328583686e-02
3.633817565622949469e-02
-1.100478745847754541e-01
-2.617993720756075018e-02
-9.985919659809235072e-02
-2.219345491036952417e-02
-7.167213457048075831e-02
4.028692228766380529e-02
6.784927269128650240e-02
-3.025739225847109276e-02
2.406844693771318655e-01
4.433526067941606641e-02
-4.480673967390454149e-02
1.191070476024715524e-01
2.151917645278534241e+00
-8.206069166685717176e-03
-7.783895348305318318e-02
6.346443898580074461e-02
-1.865122884348725252e-01
2.741002218385648614e-01
3.331298912894576914e-01
-7.022572727623477284e-02
1.253950582781696299e-01
-3.512136423791193535e-02
-6.746831993493203339e-02
2.871850320184712868e-01
8.489489739188815776e-02
8.793492038721044679e-01
2.616726654634752777e-02
3.541275788070600838e-01
2.167448735327472398e-01
1.903528376921759593e-02
2.504034014504840505e-02
-8.863282559387902770e-02
8.574489783192441872e-02
2.206157920498112990e-01
8.312581900869299434e-02
2.860935399307669783e-02
-3.507986952313330714e-02
4.146913489843181422e-01
5.045544436281236278e-01
-2.374485722267684340e-02
9.966922184088787204e-03
3.710268075532671128e-01
-5.334504413633645026e-02
-2.656155482268871340e-02
1.569335867323960465e-01
-2.716944725506144007e-02
-6.320285017267544825e-02
1.588851656950514279e-01
3.242403554465064092e-02
1.330985745789056152e-01
-1.022880355603437569e-01
-1.085593255193404057e-02
-7.576313548857964431e-02
1.017979490027182132e-01
-5.786316709065618402e-02
4.817507810761521014e-01
-8.056840708497074732e-02
7.400193820701340963e-02
9.328607865402303856e-02
-1.747453049522966137e-02
1.440980234082889777e-01
2.331008007624005285e-02
-3.962011553850262185e-02
-1.540508409292249033e-02
5.501491241571272034e-02
-3.721596088514747547e-02
-4.318351687022417562e-02
9.081899594481707139e-02
4.367557766268805042e-02
-3.061389924279169644e-02
4.031543878705620004e-02
3.020819756228145248e-01
-8.722130434045457376e-03
7.322408800284298984e-04
-8.354591742799345744e-02
3.026693545902679749e-02
1.921206534577766523e-01
-6.230102211987226940e-02
-5.065327610624013877e-02
-3.375128198167742788e-02
7.062192494811331267e-01
1.970615753292306871e-01
-4.169412953848119358e-03
-4.608365724541300945e-02
-7.039201158055656549e-02
-1.177537896309217569e-01
-5.418171354659313821e-02
4.973514030834971789e-01
-9.181797809656963572e-02
2.911416639982769908e-02
4.605286430418112920e-01
-3.906843939773662483e-02
8.018226883898534885e-01
1.511219011864712580e-01
7.556970111737864038e-01
-2.035481418437688761e-02
4.006181957101896396e-01
-3.740856449084272589e-02
4.885062238654109407e-02
3.715768725231069491e-02
-1.480574074501499887e-02
-4.841075707425864655e-02
-5.309232877727532163e-02
3.952231154589328638e-02
1.232698425437611212e+00
3.195430624982967954e-02
-1.964020773293329893e-03
4.204449674584559982e-01
3.448694744337129636e-01
4.804353323862559089e-02
7.889799444339461176e-02
-7.024494954836354998e-02
5.461681300207339024e-02
7.872311171094520388e-03
6.813474511496654396e-01
4.297186854289994917e-01
5.304474319723510856e-02
3.304165732186207897e-03
7.031582820748909224e-02
-1.205932647782057519e-02
3.616264086936288313e-01
1.787170099076509644e-01
1.056262680938588466e-01
-6.254523056413484328e-02
-3.841987806716083958e-04
2.436661814782968560e-01
4.183756751345798497e-01
4.389569009583369624e-02
6.339614084848831377e-01
1.056983279789133201e+00
2.180605236974627048e-01
1.963943769768728559e-02
2.460890820831485581e-01
3.225263986173305675e-01
8.964331298454417118e-02
-6.385124385562519767e-02
-1.266434730901847550e-01
4.260809797336148445e-03
-2.739203376331185782e-02
8.155008976727612380e-01
6.799445317243009435e-02
3.780364659853000520e-01
-2.609153997493382851e-02
2.920507795666813511e-01
4.417956735727854300e-01
8.562035995674267819e-02
4.607791443347059729e-02
-4.191388257268285900e-02
-8.047357352064024583e-02
-4.336594713282559271e-02
-7.889065580878285022e-02
-8.437952103856418556e-03
-4.683483681907045504e-02
3.133658318616460159e-01
4.414465763552240934e-02
1.058348681494834520e-01
8.369061978226791793e-03
-5.408979373216454833e-02
-4.311878309024436140e-02
-2.667380778401005556e-02
-6.620038882410790582e-02
-6.465810697987037226e-02
2.284970293780820283e-01
-4.231224436228966934e-02
1.504755062779281721e-05
-1.460835708399099535e-02
1.804578603051941177e-01
-4.023778787891518771e-02
-4.666178284462150355e-02
9.113379616934505489e-02
-4.710933793648731244e-02
-2.371729049529030034e-02
-1.542801440743831257e-02
-4.784013404532386216e-02
3.581591807345803069e-01
-1.072052235269803540e-02
-2.289243700122559760e-02
-1.192362012644291036e-01
-1.179465265923329148e-01
-1.656428311456164745e-02
-5.412465895283549017e-02
1.166695030582220044e-01
-2.024819148861645851e-02
2.111180160587139976e-01
6.137012631768168358e-02
-2.943025714101594678e-02
-6.747846580034926045e-02
-6.086576830589045251e-02
5.439257125641317608e-02
-3.978123700630621651e-02
6.481148336368505736e-02
3.884692897175311965e-01
-4.341412009376328235e-02
2.670405317492843822e-01
7.431787352403766977e-01
2.114970015531514314e-01
3.576398399525513444e-02
1.063972675678338309e+00
1.268518530392882759e+00
7.186256944403254798e-02
-7.743682283548271317e-02
3.367472171030210792e-01
5.544178740096900038e-01
3.081734171965617164e-01
1.384206704360649021e-01
-3.220783019194093516e-02
3.380735627634214313e-01
1.684286237146564724e-01
3.939479244446416617e-01
8.066994486780418305e-02
4.030122584815672843e-02
9.776144232369974318e-01
5.968760263563376300e-01
-3.763967934697162732e-02
-3.328763625538928156e-02
7.464197033974656614e-02
3.666033776884703582e-02
-8.444326147738796806e-02
-3.046396579035250823e-02
-4.276367878689121826e-02
-1.316829935846077632e-02
8.309632733873707766e-02
-5.628114499854746516e-02
2.833752419858185691e-03
1.575819509915095396e-01
5.957246282615805688e-01
-7.145336115446243586e-02
-6.362577321587970132e-04
2.918291920836015851e-01
-1.021251436161813159e-01
-3.636395428344356417e-02
2.420479131273081674e-02
-6.775854047622079102e-02
1.487754254725300596e-01
-8.031014406625909541e-02
3.280592868037732982e-03
-8.013495540321129151e-02
-2.346921898687746172e-02
-7.108493819905814526e-02
3.255839852330556505e-01
-2.974215090131021588e-02
-2.799972215780749396e-02
7.140986258543187415e-02
3.585276182350753960e-01
-8.325762787990348412e-02
3.551588566098963506e-02
-4.815880053723908122e-02
4.206756797138843096e-01
9.633462318944237268e-02
-5.985165960194668844e-02
2.896424911096546762e-01
7.230736318628530057e-01
-3.013878000779800573e-02
5.925158069228036312e-02
-2.322716623297173613e-02
2.834445962537043839e-02
2.702289803918108135e-01
3.847570336773547400e-02
-9.076764811255839949e-02
-3.148219848812423144e-02
-8.134044632461477631e-02
-8.381096994832513969e-02
-3.417031281925798913e-02
-6.664462955347384698e-02
-1.530323530315043368e-02
1.708886331252386093e-01
1.147568707443024152e-02
-5.331232061885619183e-02
-9.922459201926087102e-02
-2.974404830345775581e-03
7.074922809181904970e-01
2.247843168570257816e-03
1.632843704064941004e-01
-1.216262102501371734e-01
5.223870312443618102e-02
-7.107241959218757454e-02
-5.318144126732544247e-02
-5.172586459804726783e-02
3.079883926499449808e-04
4.137560588435211240e-01
9.198158422906420606e-01
-5.155556352343508564e-02
-2.463301193892650232e-02
-3.459725494250923822e-02
3.994396756518159286e-02
1.037061462576243792e-01
-6.410630752050093528e-02
-5.037511059689993298e-02
4.986349335386167092e-02
-1.117881384586476151e-01
6.927264764424712062e-02
6.744588400829810981e-02
-9.732706131808303851e-02
-3.884304932077906058e-02
4.263175154069330335e-03
2.337392530260315807e-02
-3.378761748731923253e-02
-2.308936863721081437e-02
1.013966993413945861e-01
-4.594711691991445329e-02
4.072008620280995889e-02
-5.968565713718729931e-02
-4.610886497341781798e-02
5.955704958063405829e-01
8.432868661233834662e-02
-4.667927506440005397e-02
-1.775539766845369433e-02
1.507484835335393403e-01
-3.996870518415732848e-02
3.728692753147552774e-01
4.662037387453348003e-03
-3.527208617267641594e-02
1.199822210408355794e+00
-3.258623885484362992e-02
-2.319060671364423995e-02
9.873663914070408831e-02
-4.872949949489280286e-02
-1.755002620062455498e-02
4.433234844472191960e-01
-1.027118461561049856e-01
-9.044205690120483976e-02
1.504094546439363189e-01
1.038818693257259757e-01
7.373010633098048272e-02
-3.452837766932020241e-02
2.923617514344737933e-01
6.134036578928894756e-02
8.651337120930102653e-02
-2.986022386720417476e-02
-6.741299869736960826e-02
-7.537340773311507203e-02
1.925906629410423510e-01
4.230466873057592975e-02
7.707084625579817549e-01
-3.092112193754906896e-02
7.039828987891402767e-02
8.791189597752144258e-02
8.084784594369983160e-03
-4.427676040740503166e-02
6.438390814548092811e-01
-6.762209555299435182e-02
-4.735939220056415572e-02
-2.781365308805452269e-02
2.377168666619485504e-01
-5.276756509999246114e-02
5.583495586303896877e-03
-3.820512253402329889e-02
-3.319405258942014630e-03
3.173122847471019498e-02
3.202372917241276627e-03
-9.309936644565937336e-02
2.508072021075780644e-01
1.154198969959551943e-02
4.463639665119275568e-01
-2.305426699163865001e-02
-8.351738578639678057e-02
2.455733530894863015e-01
-3.840475301117955709e-02
-8.138606650805435550e-02
-3.002605526818323545e-02
3.742950253390144033e-02
1.055577639301157999e+00
2.420684387615333263e-03
4.248814527765206739e-01
1.404674606824835303e-01
-7.532681778903976832e-02
-8.190634497599914854e-03
4.567367943354067594e-01
-5.925257493227375355e-02
5.356892713555112817e-02
3.662551996151337530e-01
-1.176756092222578515e-01
5.417953022335154634e-01
3.144321656681849375e-01
6.427033593374351650e-01
4.714960133288450539e-01
4.152456995497825348e-02
2.790381279468191061e-02
1.639942869550279625e-01
1.092212362102029238e-01
-5.380825486187255924e-02
6.461078216312730049e-01
-2.384844791426499189e-02
9.507320550839723494e-02
-2.302561158280249862e-02
3.539451518883046655e-02
6.782338424266996790e-02
-7.987204592249530499e-02
-8.639728889538780821e-02
-1.366729979702768945e-02
5.023185282438087651e-02
4.135487705429493621e-01
-6.000246179173285982e-02
-6.398647146679774245e-02
-3.251527065389871879e-02
1.179495090556913484e-01
-4.632706251538939307e-03
-6.484153188693114744e-02
8.523642027973020452e-02
5.056404066062965968e-02
1.323408074837399973e-01
-4.352799236557113732e-02
3.654848254258843271e-02
1.645002877634361982e-01
8.334352126177615450e-01
6.594721644236811731e-01
4.898776816422630853e-01
-2.922906725482647336e-02
7.333531358462468813e-03
-5.668713261920404339e-02
9.874465238548256474e-02
-2.004102816566988993e-02
-5.097494892416761306e-03
2.516229698174494989e-02
4.188937860678634828e-02
1.592252142014444899e-02
3.364284762934968177e-03
-1.487756441472162273e-02
9.700677495229586070e-03
1.583353947519270666e-01
5.767401982554064971e-02
6.088725782356622929e-02
9.519677919142295608e-02
1.430414521087179036e+00
-6.695138991674969009e-02
2.485697852854295772e-02
-1.634991847863622588e-02
1.575625401412394377e-01
-2.111559068728253302e-02
-2.283846334032468145e-02
3.053494030108962476e-01
1.719126068066246793e-01
-1.007648588853486266e-01
-4.017015441969645079e-02
7.571164884562542330e-02
-7.787178399373984039e-02
5.896195506012290137e-03
-5.092875892674866151e-02
-5.246148596504109779e-02
2.201109108235298553e-02
1.868105129737167858e-01
1.115466177399357273e+00
4.061557032659202648e-01
7.201469376912046361e-01
3.239677047434917356e-01
1.135858183041714257e-02
2.768727580327101992e-02
-2.889108956666643080e-03
-4.246454308360510244e-02
3.562819332870134940e-04
-1.175775055903561656e-01
-4.734906938774866014e-02
7.978946834425144907e-02
1.901491432969952822e-01
1.336293066231133420e-01
-8.225607387067124243e-03
-5.512664071248588732e-02
-6.139184463811978715e-02
2.254470001296956516e-01
-7.858064467483519278e-02
2.101024127672990877e-02
-7.427751745960246843e-02
2.844062185713844837e-01
2.472418301906038895e-02
9.344940908554304204e-03
1.822758660649702322e-01
2.366712376935705409e-01
8.434933669049510252e-02
-4.335402802400920019e-02
-1.116279740141252336e-02
-2.420773220294258204e-02
-7.954256059931261169e-02
2.256649102312777988e-01
3.694850361586599075e-01
1.638267911692410095e-01
1.496254367044770051e-01
5.449801026606134607e-03
1.901755069735941439e-02
-9.836997838764338642e-02
4.987788143197349755e-02
8.443656060064992641e-02
1.173357640033106941e+00
4.343290029482074210e-01
7.276711682497384315e-01
2.702582282220933330e-01
2.932921917499708431e-01
1.035742549835480641e+00
-8.488935337519279423e-02
3.947175595814244042e-01
-1.078834342599776369e-02
2.447563838257690583e-01
-2.326676243559867852e-02
1.660610393431016796e-01
5.671492935811161401e-02
4.787636664193304498e-02
3.444633610075055197e-01
1.402916725248812391e+00
5.059542375039268736e-01
8.752404702134723991e-01
-4.938495018233706596e-02
6.459137563770104284e-01
-1.030216639741472207e-01
1.178844278287298486e-01
-8.833172166326294650e-02
2.081572546662494860e-01
-9.503712065761038552e-02
-4.480850561432955098e-02
-1.207270031648105015e-02
-5.634500709206935465e-02
-8.822569936618636366e-02
-7.247201394464680702e-02
1.292368914757023590e-01
-8.446883995249386545e-02
2.435282591103805627e-01
2.226182856871567611e-02
-1.263040168843796440e-01
-3.217155670693634673e-02
-3.997373973430851102e-02
1.131757814637199440e-03
3.899831370211644943e-01
-2.408739095841014479e-05
-6.152569901787528078e-02
-1.554900716897110111e-02
1.191888663989783548e-01
-3.847612188609905726e-02
-4.135555806837615950e-02
-1.579406424376621210e-02
-5.966111013071422053e-02
-3.760113255961478745e-02
-3.654108593860586063e-02
7.697061937352085714e-02
-6.665656662567159829e-02
2.064637921089055306e-01
4.766587887202432955e-02
-1.010585299447716578e-01
2.432160903990718964e-02
3.182959020459449340e-01
-4.854122331732231566e-02
1.194208325841644436e-01
6.086792394188571542e-01
4.118267856401613414e-01
2.521019222990988351e-01
1.091000493145279256e-02
1.688827505474501944e-01
1.021085574464233980e+00
-1.271793938364959575e-01
1.235102212795876203e-01
6.382777432733901732e-03
-4.688890125977407397e-02
5.431308409531438591e-02
-4.710333096460783686e-02
-9.672908000999534683e-03
4.409821638715979431e-01
8.607397703008722034e-02
1.765944234031570637e-01
1.657888746864221163e-01
1.386293342252540306e-01
1.617379863025751943e-02
9.962314271129771304e-02
9.594826267642618534e-02
-5.886805136504614372e-02
1.817510158083167904e-01
-3.290840927248317796e-03
-2.157838106982238116e-02
-4.600339708424492496e-02
1.045624281766380226e-01
1.993510769976723496e-01
3.169314087815328779e-02
5.135609714165738637e-01
-8.504768224518761965e-02
7.851746336602402065e-01
5.023857368053687988e-01
1.901181671522831143e-02
4.133245788924286290e-02
7.271234663563345968e-02
3.099147358364444660e-01
-2.389088862664789231e-02
9.812430981963239651e-02
-3.161458095763942933e-02
-3.036196322960722782e-02
1.112619775023722557e+00
-4.098288334169750309e-03
1.007932015850039609e-01
1.313836248481135317e-02
1.289908816052841023e-01
1.138090491332711778e-02
9.294209985888667036e-02
4.121857318842710449e-01
1.105848415814139341e-01
-8.319747472273653077e-02
5.384334073884837479e-02
1.714202470346855023e-01
-6.240411884210374932e-02
-4.238997077474294939e-02
1.289129127613157511e-01
-7.507913084154857301e-03
3.088814651334037542e-01
1.759712142087218600e-01
3.486752118344739748e-01
1.572136571301400651e-02
1.658281440802450712e-01
9.812720090193405298e-02
5.233140814502747207e-02
7.760582846414199043e-01
9.759139207847163100e-02
3.650583444699517788e-02
-6.284399558606104663e-02
1.124661150801177165e-02
-3.459160464753494729e-02
4.054348254372881072e-02
-2.906667296523810212e-03
2.042152877247517262e-01
-3.192850700459370222e-02
-2.538929490955463449e-03
5.442605629203146195e-02
1.066313787607485811e-02
2.162927945637008742e-01
6.025246168282402115e-01
8.327948322181455421e-02
2.586403394816585433e-01
2.588649590351768670e-01
-4.560488422062253244e-02
4.473424704368864080e-01
3.822189696724149210e-01
5.090399476736370138e-02
7.136740486256674953e-02
-7.337842211233804035e-02
4.990715730125821342e-02
7.271268780716736435e-01
-4.925669344694003950e-03
-1.072163383066869896e-01
7.491658524100661132e-02
-5.137989462095949103e-03
-7.019550467903075408e-02
-1.436791305054723085e-02
-6.791964282863638402e-02
5.464395802200960883e-01
-1.038158268787049837e-01
3.395896909665687552e-02
5.754715790369594602e-02
-4.553361966782517450e-02
1.105543076363323107e-01
-9.135570771492768083e-03
4.113014753335987317e-01
-3.929909241084535848e-02
7.999441779590347190e-01
2.868030091387050451e-01
-2.820514866666496909e-02
6.046538141081365253e-02
5.459948098949046758e-01
7.341255734875768990e-01
-6.996425020217426904e-02
6.091127056890489611e-01
-2.361715723330435474e-02
-3.602042645699346513e-02
7.014717401560595367e-02
7.465639676767918953e-01
4.244055148964469282e-02
4.683734347304037704e-01
4.058193216800452807e-02
-1.011789818791993811e-01
7.467601770999895971e-02
-4.926561739913847687e-02
4.891478398238126302e-02
1.642074986162860017e-01
8.122588139291590792e-02
8.805344382594174069e-02
1.151490654040953299e+00
4.286231560549171871e-01
-5.791852730857190157e-02
4.650670332742725122e-01
2.667909770024559646e-02
5.544161173489775551e-01
-6.251750669453720599e-02
-9.844550698240712994e-02
2.807272200560981604e-02
8.431082968713302095e-02
-5.483571711528403142e-02
1.659280385993123497e-01
1.502879821861903900e-02
4.877300692865902954e-01
8.495162027388850068e-02
4.474044388961013197e-01
-9.360493041400460429e-03
-5.239992527136462519e-02
1.157536996868090834e-02
6.503660849800971810e-01
9.522160522720816977e-02
1.534478436549439329e-01
1.200787718647061270e-01
1.730409451124914968e-02
2.835409205124503895e-01
-2.808251225329937498e-02
1.388376984858104013e-01
5.922854363703180386e-02
-1.055025043316360350e-01
3.540529994623053955e-01
4.034987767789034729e-02
1.520229687512270056e-01
1.159126559189479072e-01
1.610498657654746979e-01
1.091187609086044161e-02
-9.150680525907176066e-02
-4.289492794380682546e-03
-1.816644899306255057e-02
3.557145671280879679e-03
3.471254922739558380e-01
-4.173029597738445867e-02
-3.436800092008154839e-02
-1.042736071171660936e-02
6.004278538632654705e-01
1.396246827038278848e-01
-9.561770807882037648e-02
8.907700925930980285e-01
-7.244927931392462772e-02
-1.913188186045489125e-02
5.853464543324673475e-01
1.988153696545509053e-01
1.163941010181298308e-01
1.204230940250288900e-01
1.385247203563985396e-01
4.720035580744462722e-01
3.408278892929238191e-02
1.954372854201525123e-01
2.041316771662495255e-01
-6.180578531045000795e-02
2.518487827659947054e-01
-1.459236582257306646e-02
-5.253778075828421934e-02
1.331219780330157310e-01
5.387709403475365172e-02
4.331972945879472570e-02
-4.629549204303715082e-02
2.077739675701453514e-01
-4.051450431860122159e-02
-1.971428587983813444e-02
1.234574629882938396e-01
-6.883202349180120305e-02
4.189642831069409490e-01
1.534040696158545380e-01
2.199222524389767286e-01
2.671256692402935728e-01
-3.279268460283314007e-02
-7.806272860972307548e-02
-5.352203553884107845e-02
3.966581742651575926e-01
-4.386736914977014401e-02
-3.791241887869632038e-02
-5.063160035222447758e-02
1.704512387564414699e-01
1.832927921476567787e-02
1.035118984928957708e-01
-5.517742661331227587e-03
-8.469308015187748673e-02
-1.629022524167186153e-02
-5.493287634438064060e-02
-2.998864410802633967e-02
-4.309926434611456580e-02
3.890338053774051313e-02
-5.696410665696605320e-03
-1.205047168943593032e-02
7.086045532538773339e-02
4.286780087994095378e-01
-1.946145683018722129e-03
-6.078347141152961458e-02
1.051598652494803998e-01
-6.012210708637154288e-02
2.884499922396516203e-02
2.985936084205318558e-02
3.256477050406433316e-01
6.507754116368517396e-03
4.801309884800085692e-01
-6.380402078272724709e-02
4.770565867286951645e-01
1.351121179955821205e-01
1.021551018827231150e-01
7.922397227455418509e-03
5.546269478418497378e-01
-1.382841283301524393e-01
-1.151938356464905638e-01
2.751784341497385752e-02
2.715008554949827624e-01
-3.969990242249851059e-02
9.161089059319341144e-02
6.728909055082957225e-02
1.539826443910199127e-01
3.371103832584800702e-02
1.143364456008437502e+00
9.378009757477235100e-03
4.617740754364472733e-01
4.047274812462952620e-01
-2.167382038543515244e-02
2.262202205361888985e-01
5.154918383582016497e-03
-2.704512230433916281e-02
-6.306491672186415043e-02
-2.933811947370872433e-02
-5.348033612536692155e-02
7.801712364315026293e-02
-4.993361189819481988e-02
-2.253436857587834755e-02
-1.429196076799375825e-01
9.338638942489688177e-02
8.195161147794394196e-02
-5.186174685400980061e-02
-5.339061898672891292e-03
-9.778237638369106227e-03
1.651199470059071972e+00
-4.167637076412182562e-02
1.077356587452410475e-01
9.157404715457787558e-01
1.746438410866421487e+00
1.328089534048205733e-01
5.446819092115941924e-03
-1.139472397423532818e-01
-1.631612165453730570e-02
-1.994478350170024103e-02
-1.279438105820882195e-02
-9.603177519948712104e-02
-9.591626779146868176e-02
2.402353263327847849e-02
5.362467055453493670e-01
-5.248970882093507984e-02
1.101534815032858133e-01
1.828876818132121551e+00
7.111067928344755665e-03
-2.614078475465017939e-02
4.751558296348128430e-01
-6.906924922122392382e-03
-1.043466130776155576e-01
2.740363081458767058e-01
-1.142496621056032363e-01
-2.952723792448948975e-02
2.403234821284472023e-01
5.688591419871964483e-01
1.496564993763692952e-01
2.393048249124769544e-01
3.801454892053232615e-01
-1.269830954875981466e-01
1.108736032166967103e-02
-1.213462413802529338e-01
1.168348453490311689e+00
6.602544595532852112e-01
-6.612595937635920573e-02
5.880437723964038535e-03
-4.303828236788283940e-02
1.597764236201702076e-02
-4.467469211736978946e-02
-6.351139495998978091e-02
3.177651281202181766e-01
4.431578701224295203e-01
-9.616210692008732297e-02
-1.074583696953773475e-02
2.161881863800667047e-01
9.857434072156893157e-01
-1.247519481113539734e-03
4.081266766554836334e-02
-4.705151663216241772e-03
1.037542167059243153e-02
-2.631376759320256178e-02
-9.383292699572884366e-02
-8.200087579548097361e-02
-1.942629129818714689e-02
4.154419722098153661e-02
-4.948329274326687677e-03
1.241735677637719970e+00
-4.040752733567341826e-02
2.772143539260001344e-01
3.661325344021527650e-01
4.195035415798999967e-01
5.836878765493785925e-02
-2.791766257614396521e-02
-5.310778055472950565e-02
7.877303116385372906e-04
3.709437462695375776e-01
1.334756395586126909e-01
-4.443779396392821129e-02
7.075015167868577981e-01
1.626355515914605088e-01
-6.446603076610883665e-02
-1.023202623504355785e-01
-9.160961818191716219e-03
2.338494312480154588e-03
-2.462752381536650881e-02
-6.345659225247901603e-02
-1.092758274259387520e-02
-7.825910927197957112e-02
-3.920395018892234434e-02
-1.020081168037166863e-01
-1.037745569294099141e-01
2.656677560227103940e-02
2.392979230591528450e-01
3.445116011091730601e-01
1.080286933801224460e-02
2.074896254725363820e-01
3.295005839338502884e-01
6.462249330905545097e-01
1.691545918283051952e-01
-6.322969214147655670e-02
6.878052763537736980e-02
5.627512952758145261e-03
1.610429131628489940e-01
-7.197855869492321423e-02
-8.527636880890631169e-03
2.477052532017246997e-02
1.729538899730856116e-01
2.331880434717161638e-02
-3.873284805461211372e-02
-9.853475918929337565e-03
-1.864658590862428370e-02
5.725106435479611344e-03
-3.895836713782399596e-02
4.322499118031371615e-03
-8.852455381582861882e-02
1.997649524303222318e-02
4.039417525170675705e-02
-8.247135477942951981e-04
-5.297219811985109245e-02
-5.551121331937665382e-02
-6.669329804435528489e-03
7.401539256433667391e-02
-1.422186018775796652e-02
-4.604453766645011381e-02
-7.045057421648467932e-02
-1.935678173826346771e-02
2.297591492148601811e-01
-4.392146547372347692e-02
-5.579343462210861054e-02
2.564600882594001985e-01
-8.683280867345095910e-02
-2.010802754993970543e-02
-7.783546739412346149e-02
-5.698212009241550302e-02
2.240010840962646521e-01
-4.079744814969741423e-02
2.884185044048226745e-02
-2.797782820254916120e-02
-6.176249105015100410e-02
-1.844181991854873179e-02
7.987461939673374811e-01
4.914963212871058078e-03
3.974557929816951440e-01
-3.293511981994941273e-02
-1.499547534013686567e-01
-3.835602284356839746e-03
3.063218792933037893e-01
-4.853353155047526041e-02
-7.834214460532064328e-02
-5.049906059093618726e-02
1.887904329302441189e-02
9.629977364097075387e-02
1.280826428736833722e-01
6.068165697221567650e-02
8.062126088739712815e-01
9.512554839017065000e-02
2.050910515879474441e-02
3.448775322882428607e-01
-8.050742970815417260e-03
-9.185565436376476323e-02
-6.528985466055031717e-02
1.534914905443207078e-01
6.582724309843268617e-02
6.886632194115396288e-01
4.946629683819744328e-01
8.948034431037617253e-02
-2.125917159804205717e-02
8.542840103574006472e-01
7.178788039520303532e-02
2.234550488487100084e-01
1.131317433257252203e+00
1.225911974245657676e+00
1.888764311739721813e-01
-2.237566505453534443e-02
1.890220035459201642e-01
-9.743563760062112430e-03
1.166536494400821772e-01
-4.878666834496686588e-02
9.665148525743055830e-02
7.692162298382231034e-03
2.062703388620252404e-02
3.206410808231390658e-02
3.309891103270695134e-01
-1.546869630010948293e-02
1.259712461945476127e-02
7.558487129714190622e-02
1.103334506572914153e-01
-5.684239381092690696e-02
5.761212301423989518e-02
2.294571062725867666e-02
-6.804487433578890188e-02
2.911951322802819320e-01
-1.457722991114112493e-02
-8.022323871826367303e-02
4.707101225715199996e-03
5.917689945157703774e-02
1.455252064015517544e-01
3.275045273318392680e-01
-6.889078126951980741e-02
5.015747351381220076e-01
8.291589636116071527e-02
1.246316674383847051e-01
-1.557806668828976178e-02
6.037865298318813023e-01
-8.929342433838186044e-02
4.816860782944359584e-03
2.188384592532380268e-01
-3.242943175305010306e-02
-7.048052297669822608e-02
7.130018561255759002e-02
-2.305955665511014163e-02
1.643865478255383539e-01
1.503659004673630617e-01
6.725762351998364474e-01
3.192292264341820562e-01
-4.683415475621030555e-02
-4.992377736727871690e-02
6.044874599433547324e-01
3.594184616268285004e-01
7.834487958780449179e-02
-2.905436804320988067e-02
-5.898884278392672702e-03
1.848279651370548018e-02
3.096945038865791047e-02
6.551517954890228035e-01
-8.059128189353906291e-02
-8.193295120272414689e-02
-8.905940639922910185e-02
6.269876148641398972e-01
1.310286764030784146e-01
-5.113313604132269791e-02
-2.820490269835604011e-02
2.864990467306121058e-01
-1.189969240187985916e-02
1.012585833076290243e+00
1.449930480636160146e+00
7.108028208131586534e-02
5.064801230944059318e-01
4.575636473866412368e-01
4.240971116036908461e-01
3.076128121665926973e-01
-7.951469482886391882e-02
