2.724235420900419669e-05
4.433846921945014874e-04
1.466487768783408016e-04
1.030584463989492197e-04
2.724235420900419669e-05
0.000000000000000000e+00
0.000000000000000000e+00
2.724235420900419669e-05
1.159135463402727453e-04
0.000000000000000000e+00
0.000000000000000000e+00
6.739293134899755199e-05
4.843085192711856738e-05
0.000000000000000000e+00
2.724235420900419669e-05
7.829795510420090054e-05
0.000000000000000000e+00
1.485630299775835873e-04
4.767411986575734590e-05
0.000000000000000000e+00
7.714054145394341831e-05
0.000000000000000000e+00
0.000000000000000000e+00
0.000000000000000000e+00
7.183982602114277922e-04
1.577786347938159750e-04
1.124379393878264182e-04
0.000000000000000000e+00
0.000000000000000000e+00
0.000000000000000000e+00
1.128611817230174144e-04
9.080784736334730875e-05
1.886785272993994416e-04
2.724235420900419669e-05
2.048801725134434754e-04
1.146485107822323916e-04
2.724235420900419669e-05
2.634862516630099780e-03
0.000000000000000000e+00
1.322825853417992057e-04
3.420589436274856223e-04
2.940876999610120626e-04
0.000000000000000000e+00
1.389190857490213980e-04
0.000000000000000000e+00
0.000000000000000000e+00
4.255018452833275386e-03
0.000000000000000000e+00
1.810811898723489462e-04
2.742317260178883404e-03
1.265929763503088120e-04
9.080784736334730875e-05
4.895753236490044211e-04
6.810588552251050189e-05
0.000000000000000000e+00
0.000000000000000000e+00
1.243550158116620875e-03
0.000000000000000000e+00
3.544373998092176150e-04
3.366658639203851978e-04
3.584498711178318907e-04
2.724235420900419669e-05
0.000000000000000000e+00
0.000000000000000000e+00
0.000000000000000000e+00
1.166168270886637482e-04
0.000000000000000000e+00
1.436024637925796706e-04
0.000000000000000000e+00
3.670404308355453634e-04
0.000000000000000000e+00
0.000000000000000000e+00
5.448470841800839338e-05
0.000000000000000000e+00
8.302431758934613487e-05
1.480596549458071149e-04
1.029155603451269608e-04
0.000000000000000000e+00
0.000000000000000000e+00
1.787466013239582640e-04
0.000000000000000000e+00
0.000000000000000000e+00
3.407312646691014013e-04
1.173369888434582908e-03
5.824629605209887635e-04
0.000000000000000000e+00
7.780733396296549143e-04
3.663179390127596483e-04
2.611244513681169302e-04
0.000000000000000000e+00
1.631847431230907879e-04
5.337969698570829599e-05
2.667279853950474291e-04
0.000000000000000000e+00
2.510831946382747169e-04
2.724235420900419669e-05
0.000000000000000000e+00
0.000000000000000000e+00
0.000000000000000000e+00
1.946550726359684872e-04
1.061018006034900578e-04
2.245764548959733602e-04
0.000000000000000000e+00
7.394353285301140941e-05
5.448470841800839338e-05
0.000000000000000000e+00
0.000000000000000000e+00
1.339233285343347586e-04
5.300448650281056734e-05
5.016144650661565367e-04
0.000000000000000000e+00
0.000000000000000000e+00
0.000000000000000000e+00
0.000000000000000000e+00
2.724235420900419669e-05
0.000000000000000000e+00
3.509828042383396698e-04
0.000000000000000000e+00
0.000000000000000000e+00
0.000000000000000000e+00
5.145778017256349393e-05
0.000000000000000000e+00
2.724235420900419669e-05
0.000000000000000000e+00
0.000000000000000000e+00
0.000000000000000000e+00
3.765997681549751517e-04
2.032895941868686509e-04
5.063225428744213554e-05
1.998219237964282528e-04
0.000000000000000000e+00
0.000000000000000000e+00
4.318481329001236618e-04
2.414214243761693965e-04
0.000000000000000000e+00
2.247081459300286175e-04
0.000000000000000000e+00
8.501755433085775955e-04
0.000000000000000000e+00
3.202302941855431832e-04
2.724235420900419669e-05
9.307804354743102061e-05
0.000000000000000000e+00
0.000000000000000000e+00
1.069424559573706489e-04
5.371731815859982876e-05
5.448470841800839338e-05
6.356549315434311884e-05
8.172706262701259685e-05
4.358776673440671335e-05
7.264627789067787140e-05
2.724235420900419669e-05
0.000000000000000000e+00
0.000000000000000000e+00
2.836599632646864561e-04
5.424781838140848900e-05
0.000000000000000000e+00
0.000000000000000000e+00
0.000000000000000000e+00
1.982864615715274103e-04
1.325977522701469774e-04
0.000000000000000000e+00
0.000000000000000000e+00
6.575098780079584619e-04
2.130616589020961453e-03
1.358324575755167393e-04
2.559157030322996122e-03
3.182500892864892697e-03
4.641406453731261811e-04
1.137179840450569263e-03
9.394262252459434012e-03
5.914415057881597859e-04
2.724235420900419669e-05
0.000000000000000000e+00
0.000000000000000000e+00
5.333373965355510512e-05
1.766130452169718205e-04
0.000000000000000000e+00
1.325145944023704489e-04
1.660433831343103520e-04
5.448470841800839338e-05
9.307441639215743173e-05
4.951819239809492242e-03
0.000000000000000000e+00
4.411458934963585440e-04
4.358776673440671335e-05
1.338428706790206182e-04
1.286731463840462076e-04
1.011858870620155993e-04
7.705694476261189523e-05
5.445841556976249069e-04
0.000000000000000000e+00
2.101858275442049771e-04
1.138125020287286611e-04
1.015979562853450830e-04
0.000000000000000000e+00
0.000000000000000000e+00
1.074628024535702081e-04
7.264627789067787140e-05
0.000000000000000000e+00
4.948021976657960815e-04
2.119081621634492723e-04
5.107941414188287303e-05
3.687904089789367876e-04
0.000000000000000000e+00
2.212910827747314384e-04
4.432529883217631783e-04
1.239019164984027420e-04
3.792657605487837771e-04
1.957233424420716571e-04
7.083012094341089649e-05
1.135098092041841698e-04
2.670361388765220539e-04
0.000000000000000000e+00
4.903623757620757031e-05
0.000000000000000000e+00
6.686759669482847108e-05
0.000000000000000000e+00
3.340807909917649799e-04
2.724235420900419669e-05
4.358776673440671335e-05
0.000000000000000000e+00
0.000000000000000000e+00
5.393704910279107766e-04
7.197303848525323519e-04
0.000000000000000000e+00
5.085239452347447067e-05
2.724235420900419669e-05
4.086353131350629843e-05
4.992657742671897892e-04
9.988863209968207486e-05
3.066610608878559980e-03
3.097280826155810428e-04
2.853866828167565817e-04
1.877108768184326858e-03
0.000000000000000000e+00
0.000000000000000000e+00
2.724235420900419669e-05
1.148070641665176807e-04
5.176047299710796490e-05
9.495906324281464124e-05
1.075229201523528091e-04
0.000000000000000000e+00
1.459973309617958268e-03
0.000000000000000000e+00
0.000000000000000000e+00
0.000000000000000000e+00
4.086353131350629843e-05
0.000000000000000000e+00
5.448470841800839338e-05
2.724235420900419669e-05
2.002096825201420138e-04
0.000000000000000000e+00
0.000000000000000000e+00
9.534823973151471891e-05
8.025275984893559295e-05
2.724235420900419669e-05
0.000000000000000000e+00
0.000000000000000000e+00
2.724235420900419669e-05
1.086362940556209744e-03
0.000000000000000000e+00
2.724235420900419669e-05
0.000000000000000000e+00
5.350203423186392928e-05
5.448470841800839338e-05
5.404620506731479729e-05
2.915276666321910473e-04
0.000000000000000000e+00
5.448470841800839338e-05
2.237507538426373110e-04
8.172706262701259685e-05
5.016052521022994914e-05
6.356549315434311884e-05
5.355736037464261883e-05
0.000000000000000000e+00
0.000000000000000000e+00
0.000000000000000000e+00
9.807247515241509996e-05
5.427552967102581460e-05
2.151416603316178553e-04
0.000000000000000000e+00
1.452406655828623557e-04
0.000000000000000000e+00
1.702300270756262478e-04
0.000000000000000000e+00
0.000000000000000000e+00
2.713632098820910874e-04
0.000000000000000000e+00
0.000000000000000000e+00
0.000000000000000000e+00
0.000000000000000000e+00
2.724235420900419669e-05
2.724235420900419669e-05
1.427795477478441700e-03
0.000000000000000000e+00
0.000000000000000000e+00
2.064701923452540839e-04
2.724235420900419669e-05
8.545449906791402267e-04
6.356549315434311884e-05
8.057335636952754534e-05
0.000000000000000000e+00
1.146183577659588403e-03
5.371689443036273352e-05
4.086353131350629843e-05
0.000000000000000000e+00
5.306404032221748759e-05
0.000000000000000000e+00
0.000000000000000000e+00
2.724235420900419669e-05
0.000000000000000000e+00
0.000000000000000000e+00
3.632313894533892892e-05
0.000000000000000000e+00
0.000000000000000000e+00
5.367150381475448427e-05
2.216875894145720234e-03
1.304172861501536702e-03
0.000000000000000000e+00
4.371553744882499676e-03
0.000000000000000000e+00
0.000000000000000000e+00
2.527485084946501002e-04
1.601629443888664408e-04
2.224748493365493449e-04
1.423149693129526503e-04
1.059997548006208224e-04
2.566769418665951403e-04
5.283927247011349502e-05
0.000000000000000000e+00
1.416602418868217930e-04
0.000000000000000000e+00
0.000000000000000000e+00
7.283522188929857609e-03
0.000000000000000000e+00
0.000000000000000000e+00
0.000000000000000000e+00
1.171552836563069923e-04
9.916962568360862800e-05
0.000000000000000000e+00
5.384371184838472130e-05
8.048877379933057959e-05
1.852961642978606042e-04
1.385993472388009429e-03
7.185664443534444117e-05
2.110446063130005327e-04
5.953489164331225237e-04
0.000000000000000000e+00
0.000000000000000000e+00
1.303215322971281701e-04
7.312421392943234204e-05
5.427910574473286876e-05
0.000000000000000000e+00
7.778430305788771714e-05
1.919937344253630029e-04
1.533355365478236893e-04
3.643653135590400188e-04
1.035209459942159298e-04
2.787558906032646896e-04
1.264823588275194551e-04
0.000000000000000000e+00
7.610969544453577960e-05
0.000000000000000000e+00
2.708079055759354445e-04
0.000000000000000000e+00
0.000000000000000000e+00
9.745051687498816032e-05
2.724235420900419669e-05
2.517134943204011070e-04
5.189019849334133768e-05
2.612871716521972081e-03
3.196425894843390927e-03
1.057644339878986635e-04
4.994431604984103743e-05
2.724235420900419669e-05
7.762704276278115719e-05
0.000000000000000000e+00
2.724235420900419669e-05
0.000000000000000000e+00
6.595126088388472956e-04
2.724235420900419669e-05
0.000000000000000000e+00
3.208134008656176434e-04
7.718667025884521379e-05
3.176156702225923644e-04
0.000000000000000000e+00
0.000000000000000000e+00
5.038088187850196147e-04
1.281687902785530301e-04
2.610099350679937727e-04
0.000000000000000000e+00
0.000000000000000000e+00
1.002129458402654255e-04
9.132674934828075919e-05
1.067837387782671562e-04
1.079964756142666671e-04
5.448470841800839338e-05
0.000000000000000000e+00
6.129529697025944764e-05
7.925048497164856234e-05
0.000000000000000000e+00
0.000000000000000000e+00
4.478639545423120051e-04
1.575279569307130693e-03
2.724235420900419669e-05
0.000000000000000000e+00
1.253148293614192899e-04
0.000000000000000000e+00
0.000000000000000000e+00
2.334030350001926868e-04
5.448470841800839338e-05
9.266546933825356089e-03
3.017469534922793072e-04
2.560132668165228452e-04
6.360396547288434338e-04
2.724235420900419669e-05
5.448470841800839338e-05
3.961560925578368544e-03
8.070012872744695195e-04
0.000000000000000000e+00
1.137403469344271692e-04
8.082067517474494532e-05
6.356549315434311884e-05
1.321254179136703577e-04
0.000000000000000000e+00
2.724235420900419669e-05
2.724235420900419669e-05
0.000000000000000000e+00
1.977250849445688435e-04
2.666691921834382487e-04
0.000000000000000000e+00
3.883503580340704159e-04
0.000000000000000000e+00
4.689234987645179097e-04
0.000000000000000000e+00
0.000000000000000000e+00
0.000000000000000000e+00
0.000000000000000000e+00
8.004190147579901265e-05
0.000000000000000000e+00
2.724235420900419669e-05
1.253148293614192899e-04
1.465494855161210365e-04
0.000000000000000000e+00
0.000000000000000000e+00
2.333761677238026841e-04
5.808434146637581324e-04
5.442939399321802531e-05
9.379153377671446245e-05
0.000000000000000000e+00
0.000000000000000000e+00
0.000000000000000000e+00
4.938641305932363118e-04
2.609727306045190437e-04
2.409780818030771252e-04
8.568827973393859220e-04
2.724235420900419669e-05
2.357977103201585602e-04
5.963062602511005157e-04
0.000000000000000000e+00
1.803427350460460861e-04
2.724235420900419669e-05
8.833126970798332845e-05
0.000000000000000000e+00
5.246675625437843783e-05
0.000000000000000000e+00
2.724235420900419669e-05
9.340235728801441189e-05
0.000000000000000000e+00
2.724235420900419669e-05
0.000000000000000000e+00
2.195042711506187268e-04
2.088580489356988616e-04
0.000000000000000000e+00
0.000000000000000000e+00
5.271321106780528439e-05
0.000000000000000000e+00
7.284086613502797122e-05
7.783529774001200991e-05
4.670117864400720594e-05
2.724235420900419669e-05
0.000000000000000000e+00
4.750342842334504619e-04
0.000000000000000000e+00
6.356549315434311884e-05
2.724235420900419669e-05
1.121160683868952521e-03
1.203203977564352241e-04
0.000000000000000000e+00
2.724235420900419669e-05
1.498329481495230852e-04
1.904606149244233277e-04
4.967233241201430725e-04
0.000000000000000000e+00
0.000000000000000000e+00
9.780309302148073485e-05
2.116055448292831608e-04
4.115662832646304302e-04
0.000000000000000000e+00
0.000000000000000000e+00
5.387339753339551542e-05
5.448470841800839338e-05
2.724235420900419669e-05
6.356549315434311884e-05
5.029357700123849716e-05
0.000000000000000000e+00
1.740597535425765171e-04
4.059165207419763760e-04
1.937234077084742695e-04
0.000000000000000000e+00
0.000000000000000000e+00
0.000000000000000000e+00
1.048492514780874303e-04
1.512358573010212084e-03
0.000000000000000000e+00
1.456219005141888350e-03
1.180228909415655754e-04
2.662519625609382459e-04
5.448470841800839338e-05
1.043162196885159500e-04
1.255043413906993164e-04
0.000000000000000000e+00
2.440635528365657622e-04
0.000000000000000000e+00
3.931891834658843093e-04
0.000000000000000000e+00
4.670117864400720594e-05
0.000000000000000000e+00
1.495302553249785939e-04
0.000000000000000000e+00
0.000000000000000000e+00
2.724235420900419669e-05
0.000000000000000000e+00
2.724235420900419669e-05
2.724235420900419669e-05
4.596427256322749852e-04
2.724235420900419669e-05
3.632313894533892892e-05
4.953155310728036501e-05
2.724235420900419669e-05
0.000000000000000000e+00
0.000000000000000000e+00
4.227767658282327308e-04
0.000000000000000000e+00
0.000000000000000000e+00
0.000000000000000000e+00
0.000000000000000000e+00
1.399289990136439593e-03
0.000000000000000000e+00
0.000000000000000000e+00
1.623524652749258937e-04
2.709435089340306042e-04
0.000000000000000000e+00
8.065661824821112518e-05
1.024043102935314468e-04
1.301777491000687429e-04
0.000000000000000000e+00
0.000000000000000000e+00
1.853365681548507240e-04
5.145778017256349393e-05
7.627859178521176700e-05
5.783752401504877166e-04
5.176047299710796490e-05
5.448470841800839338e-05
0.000000000000000000e+00
2.724235420900419669e-05
7.718667025884521379e-05
0.000000000000000000e+00
1.916368179950518678e-04
0.000000000000000000e+00
2.283817361188185369e-04
2.546684116556372532e-04
0.000000000000000000e+00
2.724235420900419669e-05
5.415081243054640408e-04
5.272713717871776507e-05
0.000000000000000000e+00
1.784374200689774724e-04
1.581935327171139598e-04
4.540392368167366115e-05
1.011858870620155993e-04
2.724235420900419669e-05
0.000000000000000000e+00
0.000000000000000000e+00
2.724235420900419669e-05
9.893276002217321488e-05
2.724235420900419669e-05
0.000000000000000000e+00
0.000000000000000000e+00
0.000000000000000000e+00
1.401035359320216178e-04
1.576754440581758069e-04
3.632313894533892892e-05
0.000000000000000000e+00
1.340323827083006447e-04
4.540392368167366115e-05
1.937180463374479076e-04
4.152600980119285209e-04
6.900496438827150286e-04
0.000000000000000000e+00
2.724235420900419669e-05
2.724235420900419669e-05
0.000000000000000000e+00
0.000000000000000000e+00
2.724235420900419669e-05
0.000000000000000000e+00
0.000000000000000000e+00
0.000000000000000000e+00
7.491647407476154260e-05
2.326719617342437791e-04
9.906310621456073003e-05
1.343956140977540560e-04
0.000000000000000000e+00
4.750529179932501595e-04
0.000000000000000000e+00
0.000000000000000000e+00
3.632313894533892892e-05
2.647953856681579607e-04
2.028507605716620176e-04
1.083736653758814140e-04
0.000000000000000000e+00
0.000000000000000000e+00
9.668364925156387030e-05
1.005871540024770350e-04
2.417860415082814774e-04
2.724235420900419669e-05
1.270523647958175795e-04
1.331480896542586330e-04
0.000000000000000000e+00
0.000000000000000000e+00
2.724235420900419669e-05
2.724235420900419669e-05
5.377711480219006296e-05
5.230532008128804789e-05
0.000000000000000000e+00
1.422656275359107756e-04
0.000000000000000000e+00
3.664680320385948695e-04
4.342933078868701168e-04
1.501356409740676036e-04
7.718667025884522735e-05
0.000000000000000000e+00
1.056342922601265937e-04
2.724235420900419669e-05
0.000000000000000000e+00
0.000000000000000000e+00
9.942602773948257895e-05
0.000000000000000000e+00
0.000000000000000000e+00
0.000000000000000000e+00
5.448470841800839338e-05
0.000000000000000000e+00
0.000000000000000000e+00
0.000000000000000000e+00
2.724235420900419669e-05
7.945686644292893920e-05
1.274251896826391370e-04
1.992802107190594189e-04
1.498329481495230852e-04
4.903623757620757031e-05
9.913986062126574079e-05
1.241146648897283608e-03
1.900381838970487786e-04
0.000000000000000000e+00
0.000000000000000000e+00
0.000000000000000000e+00
5.189019849334133768e-05
7.005176796601078181e-05
1.858866572180696683e-04
1.014285084771779979e-04
6.771670903381046488e-05
1.062461368909843189e-04
2.020164191966862999e-04
2.724235420900419669e-05
9.452065706802747949e-05
3.935792934207070774e-04
0.000000000000000000e+00
0.000000000000000000e+00
0.000000000000000000e+00
5.345669505163082449e-05
3.095431469847765779e-04
1.365342827187126899e-02
1.684349152239192685e-04
1.544005265106943221e-04
2.233989695535156298e-04
3.972083334655393300e-04
5.562549039775886977e-04
0.000000000000000000e+00
4.776230020941768192e-04
1.007361720084066153e-04
2.724235420900419669e-05
0.000000000000000000e+00
1.044290244678494308e-04
6.810588552251050189e-05
2.350625991748362049e-04
0.000000000000000000e+00
0.000000000000000000e+00
7.737285532152771931e-04
1.032207547632626630e-04
0.000000000000000000e+00
0.000000000000000000e+00
2.724235420900419669e-05
1.478045772111352490e-04
9.183309725293355716e-05
0.000000000000000000e+00
1.030480765710463853e-04
0.000000000000000000e+00
2.697461971720033496e-04
1.452404920370480533e-04
0.000000000000000000e+00
0.000000000000000000e+00
0.000000000000000000e+00
4.003415048219278799e-04
0.000000000000000000e+00
2.724235420900419669e-05
5.448470841800839338e-05
8.172706262701259685e-05
1.731354681703502674e-04
3.155955620533877756e-04
5.176047299710798523e-05
0.000000000000000000e+00
7.355435636431135885e-05
4.883085335674836134e-04
7.544036550185775252e-05
5.315581309073992144e-05
3.062266162003007917e-04
0.000000000000000000e+00
5.322507562421329157e-05
2.724235420900419669e-05
6.810588552251050189e-05
0.000000000000000000e+00
0.000000000000000000e+00
1.294383618843701839e-04
4.670117864400719917e-05
0.000000000000000000e+00
0.000000000000000000e+00
1.901219755555161621e-04
0.000000000000000000e+00
2.724235420900419669e-05
0.000000000000000000e+00
3.128855421056828774e-04
7.783529774001199635e-05
3.928219716593305899e-04
5.200813076264440630e-05
4.086353131350629843e-05
0.000000000000000000e+00
2.724235420900419669e-05
5.448470841800839338e-05
7.783529774001200991e-05
0.000000000000000000e+00
1.740052184078576616e-04
2.724235420900419669e-05
2.861653253298136615e-04
0.000000000000000000e+00
6.798627003284843763e-04
0.000000000000000000e+00
0.000000000000000000e+00
1.499175517340230331e-04
7.394353285301140941e-05
0.000000000000000000e+00
0.000000000000000000e+00
4.256966747390238614e-04
0.000000000000000000e+00
7.544036550185775252e-05
2.715756261653863883e-04
0.000000000000000000e+00
0.000000000000000000e+00
5.107941414188287303e-05
5.448470841800839338e-05
2.724235420900419669e-05
1.284282412710198028e-04
1.776249941842221220e-04
4.358776673440671335e-05
0.000000000000000000e+00
3.264929042309006740e-03
6.473656058852241598e-04
3.882191464218563335e-04
5.032520221185641813e-04
4.086353131350629843e-05
1.941999613609293610e-03
0.000000000000000000e+00
2.047045959137430444e-04
0.000000000000000000e+00
5.448470841800839338e-05
0.000000000000000000e+00
2.069575250573150267e-04
5.839615429882574673e-04
8.868689774622572596e-04
0.000000000000000000e+00
9.218307939991956309e-05
7.278787170324643816e-04
1.193515622404648247e-03
3.932171240355528379e-04
8.862845902662697681e-05
4.862657811441802036e-04
0.000000000000000000e+00
2.724235420900419669e-05
3.717143795832569017e-04
5.788475253219357549e-04
0.000000000000000000e+00
2.724235420900419669e-05
5.744304460904473648e-04
5.127972556989026336e-05
2.724235420900419669e-05
0.000000000000000000e+00
0.000000000000000000e+00
0.000000000000000000e+00
9.275372980684762933e-05
1.671530138167140662e-04
0.000000000000000000e+00
1.003873309335626438e-04
2.497429334787622333e-03
0.000000000000000000e+00
0.000000000000000000e+00
6.039107721697557990e-04
0.000000000000000000e+00
3.584401642201273143e-04
1.514691255794933062e-04
7.753593121024268708e-05
1.074737581735616716e-04
1.986162210080756748e-04
1.452925557813557157e-04
0.000000000000000000e+00
0.000000000000000000e+00
2.724235420900419669e-05
2.559641076811081345e-04
2.724235420900419669e-05
0.000000000000000000e+00
0.000000000000000000e+00
7.567320613612277085e-05
1.438633192272021960e-04
0.000000000000000000e+00
2.724235420900419669e-05
1.713195524372647339e-04
2.724235420900419669e-05
1.049342241829464531e-04
6.238140793948929912e-04
0.000000000000000000e+00
8.172706262701259685e-05
0.000000000000000000e+00
0.000000000000000000e+00
0.000000000000000000e+00
2.179635119521470437e-04
0.000000000000000000e+00
4.086353131350629843e-05
2.061769679013108298e-04
0.000000000000000000e+00
5.448470841800839338e-05
1.439263827110558516e-03
2.801143166216863052e-03
0.000000000000000000e+00
0.000000000000000000e+00
2.724235420900419669e-05
2.724235420900419669e-05
0.000000000000000000e+00
5.628381192832239985e-04
2.385726845565657491e-04
0.000000000000000000e+00
5.085239452347451133e-05
0.000000000000000000e+00
1.089694168360167732e-04
0.000000000000000000e+00
0.000000000000000000e+00
0.000000000000000000e+00
0.000000000000000000e+00
0.000000000000000000e+00
5.257964868311299525e-05
0.000000000000000000e+00
4.086353131350629843e-05
9.132674934828075919e-05
0.000000000000000000e+00
2.701064761958042650e-03
1.054758838398858029e-04
0.000000000000000000e+00
0.000000000000000000e+00
0.000000000000000000e+00
2.371323105011046784e-04
1.873668583930399793e-04
1.520527191202591499e-04
1.225905939405188953e-04
7.005176796601079536e-05
9.534823973151466470e-05
7.264627789067787140e-05
3.461404820532512552e-04
5.199112096154690638e-03
9.467007929627443486e-05
1.854109841360454449e-04
7.607282030842787350e-05
1.494968411820094033e-04
5.400677237925376688e-05
7.870013438156768385e-05
0.000000000000000000e+00
0.000000000000000000e+00
0.000000000000000000e+00
0.000000000000000000e+00
2.069650473704360866e-04
0.000000000000000000e+00
2.724235420900419669e-05
0.000000000000000000e+00
1.023074720815332292e-04
3.135864399333176695e-04
0.000000000000000000e+00
4.184797093151348697e-04
3.153316107261772247e-04
0.000000000000000000e+00
1.785919720794149805e-04
9.833192614488180485e-05
8.829316851328536018e-05
3.979734668665719653e-04
2.724235420900419669e-05
0.000000000000000000e+00
0.000000000000000000e+00
1.883582729479871872e-03
0.000000000000000000e+00
6.655462738951893392e-04
2.724235420900419669e-05
1.229797704292189865e-04
4.086353131350629843e-05
2.724235420900419669e-05
0.000000000000000000e+00
0.000000000000000000e+00
0.000000000000000000e+00
0.000000000000000000e+00
7.083012094341089649e-05
3.592572473416980462e-04
9.648333782355655451e-05
1.540772279719404201e-04
2.724235420900419669e-05
0.000000000000000000e+00
0.000000000000000000e+00
0.000000000000000000e+00
0.000000000000000000e+00
0.000000000000000000e+00
0.000000000000000000e+00
0.000000000000000000e+00
0.000000000000000000e+00
5.430475901942822197e-05
0.000000000000000000e+00
1.198663585196184871e-04
8.151830895491259858e-05
2.724235420900419669e-05
1.157800053882678410e-04
0.000000000000000000e+00
0.000000000000000000e+00
0.000000000000000000e+00
0.000000000000000000e+00
0.000000000000000000e+00
0.000000000000000000e+00
0.000000000000000000e+00
5.283365664776568338e-05
8.475399087245749630e-05
0.000000000000000000e+00
0.000000000000000000e+00
0.000000000000000000e+00
0.000000000000000000e+00
0.000000000000000000e+00
0.000000000000000000e+00
0.000000000000000000e+00
7.852207977889447360e-05
1.613904414682752536e-03
0.000000000000000000e+00
0.000000000000000000e+00
0.000000000000000000e+00
8.066773777178232478e-05
1.106110236451345041e-03
1.775332612629161068e-03
1.424304151241732939e-04
2.724235420900419669e-05
1.582395534130086572e-04
0.000000000000000000e+00
1.492128135785237989e-04
0.000000000000000000e+00
1.823123085450818748e-02
2.656130317595853732e-03
0.000000000000000000e+00
2.724235420900419669e-05
2.724235420900419669e-05
5.085239452347447067e-05
1.017350193055872355e-02
4.215606898506770394e-04
3.144210339559288820e-03
4.037018888001606565e-04
6.466687192780661269e-04
0.000000000000000000e+00
6.436242446638479678e-04
0.000000000000000000e+00
4.086353131350629843e-05
4.086353131350629843e-05
4.157075893262674967e-04
0.000000000000000000e+00
0.000000000000000000e+00
5.574187835435521522e-04
5.377738373057500869e-04
1.891800803743286133e-04
7.854582039258379677e-05
7.444841045997362984e-05
0.000000000000000000e+00
8.165219855116962952e-04
0.000000000000000000e+00
0.000000000000000000e+00
0.000000000000000000e+00
2.724235420900419669e-05
2.519568445904952093e-04
2.724235420900419669e-05
1.416602418868218201e-04
1.034255248085367093e-04
2.724235420900419669e-05
2.724235420900419669e-05
5.259224235531003588e-05
5.075070891463897595e-03
0.000000000000000000e+00
0.000000000000000000e+00
0.000000000000000000e+00
0.000000000000000000e+00
3.632313894533892892e-05
0.000000000000000000e+00
0.000000000000000000e+00
3.698815124417161948e-04
5.356123878380489425e-05
0.000000000000000000e+00
0.000000000000000000e+00
1.359523200525542311e-04
4.886380635842444298e-04
5.253882597450808636e-05
0.000000000000000000e+00
2.724235420900419669e-05
1.232846976149597846e-04
3.400861383076160343e-04
9.350201164495907226e-05
8.172706262701259685e-05
0.000000000000000000e+00
2.724235420900419669e-05
7.783529774001199635e-05
5.359520735252010720e-05
8.172706262701259685e-05
1.099873585289481097e-04
0.000000000000000000e+00
5.448470841800839338e-05
2.333761677238026298e-04
2.724235420900419669e-05
8.904498024690306497e-04
9.826198718169511291e-05
1.617078204970377189e-04
9.626997352054110025e-05
0.000000000000000000e+00
4.309745816065871479e-04
0.000000000000000000e+00
0.000000000000000000e+00
4.685726646170870584e-04
8.819368206046308172e-05
7.530565056346170158e-05
0.000000000000000000e+00
4.086353131350629843e-05
0.000000000000000000e+00
4.591886501794031775e-04
3.113347791332289876e-04
5.238914270962349271e-05
2.031760146290325416e-03
0.000000000000000000e+00
0.000000000000000000e+00
0.000000000000000000e+00
3.722597077989861763e-03
4.077035631461285725e-02
2.724235420900419669e-05
1.938237301613102972e-03
6.356549315434311884e-05
2.049662840486982476e-04
7.677390731628455493e-05
2.037053159384579197e-04
7.474847094159402727e-05
2.724235420900419669e-05
2.716494036592754396e-04
0.000000000000000000e+00
7.394353285301140941e-05
1.360922289783268702e-04
4.540392368167366793e-05
0.000000000000000000e+00
6.285198489098717776e-04
1.568034781101917356e-03
5.422689033388588403e-04
1.942436904799898926e-03
3.632313894533892892e-05
0.000000000000000000e+00
0.000000000000000000e+00
0.000000000000000000e+00
0.000000000000000000e+00
7.925048497164856234e-05
0.000000000000000000e+00
0.000000000000000000e+00
1.971630299302408310e-04
0.000000000000000000e+00
3.101697764900538464e-04
1.873420258166189805e-04
0.000000000000000000e+00
7.079262452958091890e-05
0.000000000000000000e+00
0.000000000000000000e+00
2.982200119914291993e-04
0.000000000000000000e+00
1.354318963609201789e-04
9.702532159723424902e-05
3.355033675232772360e-04
2.724235420900419669e-05
0.000000000000000000e+00
0.000000000000000000e+00
9.310067008747179734e-05
2.724235420900419669e-05
4.559332387483349585e-04
5.448470841800839338e-05
1.066992206519331291e-04
2.778919982367880973e-04
2.724235420900419669e-05
1.361732587057585967e-04
2.086708561095744192e-04
0.000000000000000000e+00
0.000000000000000000e+00
2.724235420900419669e-05
2.724235420900419669e-05
0.000000000000000000e+00
0.000000000000000000e+00
0.000000000000000000e+00
1.047238551411070617e-04
2.724235420900419669e-05
5.123176512075067364e-03
1.357958238174643566e-04
3.081142619656851585e-04
3.497399378451205806e-04
0.000000000000000000e+00
0.000000000000000000e+00
2.724235420900419669e-05
2.724235420900419669e-05
1.699653472765069251e-04
2.280217423605954857e-04
2.724235420900419669e-05
0.000000000000000000e+00
6.356549315434314594e-05
2.724235420900419669e-05
0.000000000000000000e+00
5.312511660511031651e-05
1.151608609744268188e-04
0.000000000000000000e+00
9.445937984991573393e-05
1.196069075271518093e-04
0.000000000000000000e+00
2.406952765024495972e-04
2.724235420900419669e-05
2.724235420900420076e-04
1.248139994331888200e-03
5.872246504063159504e-04
1.571966190042953487e-04
1.571208461132433390e-03
2.724235420900419669e-05
0.000000000000000000e+00
0.000000000000000000e+00
0.000000000000000000e+00
0.000000000000000000e+00
0.000000000000000000e+00
9.809116441882160902e-05
1.891245877091682110e-04
0.000000000000000000e+00
4.680424866730279972e-04
0.000000000000000000e+00
1.330028640549847456e-04
2.724235420900419669e-05
5.448470841800839338e-05
2.724235420900419669e-05
0.000000000000000000e+00
1.452925557813557157e-04
9.738060583917053099e-05
0.000000000000000000e+00
2.724235420900419669e-05
4.655280891367761858e-04
0.000000000000000000e+00
5.176047299710798523e-05
0.000000000000000000e+00
0.000000000000000000e+00
6.451704352805201015e-04
0.000000000000000000e+00
0.000000000000000000e+00
4.994431604984102388e-05
0.000000000000000000e+00
1.345182806237460850e-04
2.890074398711461596e-04
0.000000000000000000e+00
2.524273111910993114e-04
0.000000000000000000e+00
5.320107293034504592e-05
0.000000000000000000e+00
1.110568107350140641e-03
8.172706262701259685e-05
5.059294353100780644e-05
1.054323862153459622e-04
4.358776673440671335e-05
4.192473258973810008e-04
0.000000000000000000e+00
5.437932213480074306e-05
1.405204132313353591e-03
0.000000000000000000e+00
0.000000000000000000e+00
0.000000000000000000e+00
0.000000000000000000e+00
2.724235420900419669e-05
2.724235420900419669e-05
0.000000000000000000e+00
1.967237839517658560e-04
3.479677382700865278e-04
0.000000000000000000e+00
9.935446829166236281e-05
7.842190784534123398e-05
7.264627789067787140e-05
7.518889761685157392e-05
1.315416531806202886e-04
6.374826173237249953e-04
0.000000000000000000e+00
5.260592536911151251e-05
0.000000000000000000e+00
5.324576382713651243e-05
0.000000000000000000e+00
0.000000000000000000e+00
0.000000000000000000e+00
2.724235420900419669e-05
0.000000000000000000e+00
1.874061519507877038e-03
9.873249205421480781e-04
1.102666717983502977e-04
6.771670903381046488e-05
3.289013058592717077e-04
3.098699265043737615e-04
7.165758441280296312e-04
5.158203579776785919e-04
3.632313894533892892e-05
2.724235420900419669e-05
1.039831145125260454e-04
0.000000000000000000e+00
7.959512407315052964e-05
5.716962090373801887e-04
0.000000000000000000e+00
2.724235420900419669e-05
0.000000000000000000e+00
7.730066983710526566e-05
1.373793005111211690e-04
0.000000000000000000e+00
0.000000000000000000e+00
0.000000000000000000e+00
1.286525438224392706e-04
0.000000000000000000e+00
0.000000000000000000e+00
3.185933703429116013e-04
0.000000000000000000e+00
1.844097823378745664e-04
0.000000000000000000e+00
1.452925557813557157e-04
2.255773430750914951e-03
0.000000000000000000e+00
1.748633163330098178e-04
4.009719462045081579e-04
0.000000000000000000e+00
1.325794571504871082e-04
2.724235420900419669e-05
2.724235420900419669e-05
2.724235420900419669e-05
5.417645167372386498e-05
0.000000000000000000e+00
6.027052897710960880e-03
0.000000000000000000e+00
0.000000000000000000e+00
2.724235420900419669e-05
0.000000000000000000e+00
0.000000000000000000e+00
5.311870064634786052e-05
0.000000000000000000e+00
3.725084255814616919e-04
0.000000000000000000e+00
0.000000000000000000e+00
0.000000000000000000e+00
5.409829204624934894e-05
0.000000000000000000e+00
1.046646774561039501e-04
0.000000000000000000e+00
5.085239452347451811e-05
1.005986856524060418e-04
0.000000000000000000e+00
6.874963334238942941e-04
1.441530446187268993e-04
4.540392368167366115e-05
1.095944101174649532e-04
4.358776673440671335e-05
1.055193094285161335e-03
0.000000000000000000e+00
0.000000000000000000e+00
0.000000000000000000e+00
0.000000000000000000e+00
7.394353285301140941e-05
0.000000000000000000e+00
0.000000000000000000e+00
0.000000000000000000e+00
4.358776673440671335e-05
0.000000000000000000e+00
0.000000000000000000e+00
0.000000000000000000e+00
7.293904997713767865e-03
3.816980078363260199e-04
3.428071835574889102e-04
5.308766461241839861e-05
2.724235420900419669e-05
1.253148293614192899e-04
2.724235420900419669e-05
0.000000000000000000e+00
0.000000000000000000e+00
5.538967474117766857e-04
2.724235420900419669e-05
1.080537074508401821e-04
0.000000000000000000e+00
1.271309863086862377e-04
2.071320157790546121e-04
0.000000000000000000e+00
2.724235420900419669e-05
0.000000000000000000e+00
2.724235420900419669e-05
5.888077540324978577e-03
7.491647407476154260e-05
0.000000000000000000e+00
3.022604062237133006e-04
2.724235420900419669e-05
0.000000000000000000e+00
0.000000000000000000e+00
1.196826172851179126e-03
2.724235420900419669e-05
0.000000000000000000e+00
0.000000000000000000e+00
5.448470841800839338e-05
4.985458497537128479e-05
2.724235420900419669e-05
5.448470841800839338e-05
0.000000000000000000e+00
3.970320881941906280e-04
0.000000000000000000e+00
6.771670903381046488e-05
0.000000000000000000e+00
4.994431604984102388e-05
1.829129496890281826e-04
2.724235420900419669e-05
0.000000000000000000e+00
3.729334946602840223e-04
0.000000000000000000e+00
4.802085722788949343e-04
1.690264249785942171e-04
5.412859921266198644e-05
1.066992206519331020e-04
1.299804739328465797e-04
0.000000000000000000e+00
0.000000000000000000e+00
0.000000000000000000e+00
1.040162615252887584e-04
1.854288381008265733e-04
2.446947172701626969e-04
2.724235420900419669e-05
4.037774777141111930e-03
0.000000000000000000e+00
5.328598459543428602e-05
3.742304609662638849e-04
0.000000000000000000e+00
9.126768934297703386e-04
5.448470841800839338e-05
1.047303319705424133e-04
0.000000000000000000e+00
2.724235420900419669e-05
2.724235420900419669e-05
0.000000000000000000e+00
0.000000000000000000e+00
0.000000000000000000e+00
1.925833957718781834e-04
7.217454881346562401e-05
0.000000000000000000e+00
0.000000000000000000e+00
9.502237425054578198e-05
3.013990810246130417e-03
4.404548733224486002e-04
4.086353131350629843e-05
2.724235420900419669e-05
2.724235420900419669e-05
0.000000000000000000e+00
0.000000000000000000e+00
0.000000000000000000e+00
2.119242879375781308e-04
4.843085192711856738e-05
2.724235420900419669e-05
5.123626406005592909e-04
0.000000000000000000e+00
7.705694476261189523e-05
3.530053394172161241e-02
0.000000000000000000e+00
1.934008158832446625e-03
1.673783215150841238e-04
1.293661446927467785e-04
0.000000000000000000e+00
5.448470841800839338e-05
2.724235420900419669e-05
2.724235420900419669e-05
1.016403021187062229e-03
0.000000000000000000e+00
3.534606478986320908e-04
0.000000000000000000e+00
0.000000000000000000e+00
2.724235420900419669e-05
1.083105016462509312e-04
5.386163448067289399e-05
2.351871188373471993e-04
5.085239452347451811e-05
0.000000000000000000e+00
2.724235420900419669e-05
0.000000000000000000e+00
1.525043224534552695e-04
3.253543194301749945e-04
1.385429625320733649e-03
3.691048231276785750e-04
1.275916058242975262e-04
2.130089419251773592e-04
1.284036986095702824e-04
0.000000000000000000e+00
0.000000000000000000e+00
0.000000000000000000e+00
5.292800246320813692e-05
2.599964343371579507e-04
1.477662867957365406e-04
2.724235420900419669e-05
4.304875899172781804e-04
2.724235420900419669e-05
0.000000000000000000e+00
2.724235420900419669e-05
0.000000000000000000e+00
0.000000000000000000e+00
0.000000000000000000e+00
0.000000000000000000e+00
2.724235420900419669e-05
2.724235420900419669e-05
7.809474873247871480e-05
1.582425444488244105e-04
0.000000000000000000e+00
5.403442157157856769e-05
2.099635357731657100e-04
5.448470841800839338e-05
1.249846190073707736e-04
0.000000000000000000e+00
2.724235420900419669e-05
0.000000000000000000e+00
4.358776673440671335e-05
2.724235420900419669e-05
1.717976943163237579e-03
0.000000000000000000e+00
3.632313894533892892e-05
1.031798092203982462e-04
0.000000000000000000e+00
1.242821126659147111e-04
5.448470841800839338e-05
0.000000000000000000e+00
3.462227881299375395e-04
0.000000000000000000e+00
0.000000000000000000e+00
0.000000000000000000e+00
1.619677493573737359e-04
7.394353285301138231e-05
4.540392368167366115e-05
0.000000000000000000e+00
3.471763381231207407e-04
0.000000000000000000e+00
5.103428905233871283e-04
4.828800787829703664e-03
0.000000000000000000e+00
0.000000000000000000e+00
2.724235420900419669e-05
2.724235420900419669e-05
0.000000000000000000e+00
2.159284574000484706e-04
0.000000000000000000e+00
2.724235420900419669e-05
0.000000000000000000e+00
2.503927686862385195e-04
5.448470841800839338e-05
6.290064533039156592e-04
0.000000000000000000e+00
1.032107690064273535e-04
1.161121339177809602e-04
0.000000000000000000e+00
8.084352681482864333e-05
7.511975934019069824e-05
0.000000000000000000e+00
2.724235420900419669e-05
0.000000000000000000e+00
0.000000000000000000e+00
0.000000000000000000e+00
0.000000000000000000e+00
7.394353285301140941e-05
0.000000000000000000e+00
0.000000000000000000e+00
5.343917886027696609e-05
4.437570811805018013e-04
2.907045955724000728e-04
5.290343905563735141e-05
2.724235420900419669e-05
0.000000000000000000e+00
0.000000000000000000e+00
1.702647138062762344e-04
1.010746937795298667e-04
1.028651532687482911e-04
9.984999046250609181e-05
1.314230310568171981e-04
1.394492682118881504e-04
2.663696855991521816e-04
7.027868527724527538e-05
0.000000000000000000e+00
2.724235420900419669e-05
3.632313894533892892e-05
0.000000000000000000e+00
0.000000000000000000e+00
2.724235420900419669e-05
2.699064974795249553e-04
2.724235420900419669e-05
1.396513324333591014e-04
9.988863209968207486e-05
0.000000000000000000e+00
0.000000000000000000e+00
2.724235420900419669e-05
0.000000000000000000e+00
0.000000000000000000e+00
5.085239452347451811e-05
0.000000000000000000e+00
0.000000000000000000e+00
7.394353285301140941e-05
7.567320613612277085e-05
2.724235420900419669e-05
8.172706262701259685e-05
0.000000000000000000e+00
0.000000000000000000e+00
4.358776673440671335e-05
0.000000000000000000e+00
0.000000000000000000e+00
0.000000000000000000e+00
8.561882751401321090e-05
1.990460039450530402e-03
1.767260414071297476e-04
0.000000000000000000e+00
2.724235420900419669e-05
6.538165010161008019e-05
2.724235420900419669e-05
0.000000000000000000e+00
0.000000000000000000e+00
0.000000000000000000e+00
0.000000000000000000e+00
1.061018006034900578e-04
7.491647407476154260e-05
0.000000000000000000e+00
6.166240634828667848e-03
0.000000000000000000e+00
6.798858466031454384e-03
1.074968571490436393e-04
1.571388522328468732e-04
0.000000000000000000e+00
1.176374386297908534e-04
2.834615809031874661e-04
3.349854547565902867e-04
5.368531887365133882e-05
5.408813426186619985e-05
8.150642128622241590e-04
2.116454696198508980e-04
1.677587798924782365e-04
1.053371029414829183e-04
7.764070949566195074e-05
2.130690513482127936e-04
0.000000000000000000e+00
5.288221699394931143e-05
0.000000000000000000e+00
0.000000000000000000e+00
0.000000000000000000e+00
0.000000000000000000e+00
0.000000000000000000e+00
3.953757949897568607e-04
4.670117864400719917e-05
0.000000000000000000e+00
7.264627789067787140e-05
0.000000000000000000e+00
2.724235420900419669e-05
1.992431003913444783e-04
6.714860371591691891e-04
0.000000000000000000e+00
0.000000000000000000e+00
0.000000000000000000e+00
0.000000000000000000e+00
0.000000000000000000e+00
5.357662994437495336e-05
2.856620289806554983e-04
5.161709218548166437e-05
9.218372383854955918e-05
1.089694168360167868e-04
3.336829057856432351e-04
0.000000000000000000e+00
3.718513917601388215e-03
2.724235420900419669e-05
4.425053096836814690e-04
1.891397735082291543e-04
0.000000000000000000e+00
1.490359005533864456e-04
2.241664792841864540e-02
0.000000000000000000e+00
2.724235420900419669e-05
3.550243847725088387e-04
5.352879832180881906e-05
2.724235420900419669e-05
1.368759675471872329e-04
2.724235420900419669e-05
4.086353131350629843e-05
1.481923021677484034e-04
8.062264286178262107e-05
1.922099435857518672e-04
0.000000000000000000e+00
0.000000000000000000e+00
5.448470841800839338e-05
1.450697759181298263e-04
1.022412144356074127e-04
4.086353131350629843e-05
0.000000000000000000e+00
8.172706262701259685e-05
2.724235420900419669e-05
1.826152813523721202e-03
0.000000000000000000e+00
4.376276529088255862e-04
9.242941606626423805e-05
0.000000000000000000e+00
8.172706262701259685e-05
2.091823626762822665e-04
1.425683203604552669e-04
0.000000000000000000e+00
2.724235420900419669e-05
3.514956435847149891e-04
0.000000000000000000e+00
5.436044504793222966e-04
6.356549315434311884e-05
2.724235420900419669e-05
6.421412063550987429e-05
1.089694168360167868e-04
1.747266394731114743e-04
0.000000000000000000e+00
0.000000000000000000e+00
9.807247515241509996e-05
3.632313894533892892e-05
2.724235420900419669e-05
5.448470841800839338e-05
2.088246673579894589e-04
2.724235420900419669e-05
0.000000000000000000e+00
7.883751713258568350e-04
0.000000000000000000e+00
3.131575458104365580e-04
0.000000000000000000e+00
0.000000000000000000e+00
3.372110631604967649e-04
2.511825294977078544e-04
2.724235420900419669e-05
1.937292127763423502e-04
1.844509626934885118e-03
3.082901607098382504e-04
1.854049170873366700e-04
1.049138426161563771e-04
1.255811833329199606e-04
2.015640693244197365e-04
9.435760866936910240e-05
3.131739520604949804e-04
6.356549315434311884e-05
9.807247515241509996e-05
0.000000000000000000e+00
0.000000000000000000e+00
1.148070641665177078e-04
5.436499106969160165e-05
1.279093392860863930e-04
7.467420017369327822e-05
7.809474873247871480e-05
1.251130341450559975e-04
1.684898331532653918e-04
0.000000000000000000e+00
2.724235420900419669e-05
2.724235420900419669e-05
0.000000000000000000e+00
3.089347616306156383e-03
0.000000000000000000e+00
8.240640671023964289e-03
2.282778796364968445e-04
2.724235420900419669e-05
0.000000000000000000e+00
7.697178628006458734e-04
6.300767721251594126e-04
4.688569611665972391e-04
0.000000000000000000e+00
9.778059278589007898e-05
1.253902338880928571e-04
0.000000000000000000e+00
1.301579145541311778e-04
0.000000000000000000e+00
4.123734348601570563e-04
2.724235420900419669e-05
3.891896003839904247e-04
0.000000000000000000e+00
0.000000000000000000e+00
0.000000000000000000e+00
0.000000000000000000e+00
2.007481509449295933e-04
2.275784359306043403e-04
0.000000000000000000e+00
0.000000000000000000e+00
2.724235420900419669e-05
2.724235420900419669e-05
2.724235420900419669e-05
2.078851077139487284e-04
0.000000000000000000e+00
0.000000000000000000e+00
2.413737017796093809e-04
0.000000000000000000e+00
0.000000000000000000e+00
2.393976506505700688e-04
7.394353285301140941e-05
0.000000000000000000e+00
4.994431604984104421e-05
1.476040282596954650e-04
1.099486028666357343e-04
1.415452620686695549e-04
0.000000000000000000e+00
0.000000000000000000e+00
5.448470841800839338e-05
2.724235420900419669e-05
1.385162539449282773e-04
0.000000000000000000e+00
1.050776519490161998e-04
2.472567958207713755e-04
5.448470841800839338e-05
1.876680490199440754e-04
0.000000000000000000e+00
3.387349702028367841e-04
0.000000000000000000e+00
7.444841045997362984e-05
0.000000000000000000e+00
3.170977598554029536e-04
8.733016545525623718e-04
2.427405767289883749e-04
1.413458687266541452e-03
2.724235420900419669e-05
0.000000000000000000e+00
2.724235420900419669e-05
0.000000000000000000e+00
0.000000000000000000e+00
6.356549315434311884e-05
7.264627789067787140e-05
1.761661212661156729e-04
0.000000000000000000e+00
0.000000000000000000e+00
0.000000000000000000e+00
0.000000000000000000e+00
7.681710343818020129e-05
0.000000000000000000e+00
0.000000000000000000e+00
0.000000000000000000e+00
2.724235420900419669e-05
3.645935476669413464e-03
0.000000000000000000e+00
3.368166086882630234e-04
0.000000000000000000e+00
8.368137644236893317e-04
3.204885727425772811e-04
4.670117864400720594e-05
0.000000000000000000e+00
2.724235420900419669e-05
5.448470841800839338e-05
1.455013094534554294e-04
2.724235420900419669e-05
9.900649872529525383e-05
1.038614754218285062e-04
2.733113919742559362e-04
0.000000000000000000e+00
0.000000000000000000e+00
1.015396838699247781e-04
3.683917640917407023e-04
0.000000000000000000e+00
0.000000000000000000e+00
0.000000000000000000e+00
0.000000000000000000e+00
7.748150093210285825e-05
4.903623757620757031e-05
2.724235420900419669e-05
5.307468203080056352e-05
2.724235420900419669e-05
1.669958943895166813e-04
2.724235420900419669e-05
6.219696551854984054e-04
1.397017528903959926e-04
5.430589204420783810e-05
1.954648976483224106e-04
7.809474873247871480e-05
0.000000000000000000e+00
0.000000000000000000e+00
0.000000000000000000e+00
0.000000000000000000e+00
0.000000000000000000e+00
3.632313894533892892e-05
3.913061489298908370e-04
0.000000000000000000e+00
5.448470841800839338e-05
2.724235420900419669e-05
6.228100105228550568e-04
1.186852214839833274e-04
0.000000000000000000e+00
1.273820679142991517e-04
2.724235420900419669e-05
5.259255321347003484e-04
1.213523051128368780e-04
2.943817162682156098e-04
9.576171929584537297e-05
0.000000000000000000e+00
0.000000000000000000e+00
2.724235420900419669e-05
5.448470841800839338e-05
0.000000000000000000e+00
0.000000000000000000e+00
7.139002732399041783e-04
3.579938457694096664e-04
1.636703344144140851e-04
2.724235420900419669e-05
7.848392522117876536e-05
1.394281495800640380e-03
0.000000000000000000e+00
7.491647407476154260e-05
0.000000000000000000e+00
0.000000000000000000e+00
3.706473636547294209e-04
6.549945065211736344e-04
1.847989290980215152e-04
1.441113154904503230e-04
2.318727558865970456e-03
0.000000000000000000e+00
1.213436683991303078e-04
0.000000000000000000e+00
2.724235420900419669e-05
1.613393221777290293e-04
5.312259070755814187e-05
1.368162120999627225e-03
1.094555569151869825e-03
1.498329481495230852e-04
4.981459055360769854e-05
4.742707187063458993e-03
7.943116610876890316e-05
5.262291760877388109e-04
3.632313894533892892e-05
2.217441148948786419e-04
4.358776673440671335e-05
2.199582815816763376e-03
1.891023786297331422e-02
4.358776673440671335e-05
0.000000000000000000e+00
1.454470374545907714e-04
1.459212254938712435e-04
0.000000000000000000e+00
1.206447114970185747e-04
3.537108859077440549e-04
0.000000000000000000e+00
7.991090567974563550e-05
1.352328966125040943e-03
3.448549298682590135e-04
7.313879282981112411e-04
5.524739963366591660e-04
0.000000000000000000e+00
1.037548359971357173e-04
1.342451227499581062e-04
5.448470841800839338e-05
0.000000000000000000e+00
1.434763988340887679e-04
1.671809848492036084e-04
1.910856559517294477e-04
3.632313894533892892e-05
0.000000000000000000e+00
1.296468499822469656e-04
0.000000000000000000e+00
0.000000000000000000e+00
0.000000000000000000e+00
7.809474873247874191e-05
4.743333311091491727e-04
0.000000000000000000e+00
2.035432083709544555e-04
0.000000000000000000e+00
0.000000000000000000e+00
0.000000000000000000e+00
3.632313894533892892e-05
1.002778085883821390e-04
3.392953722509480397e-04
0.000000000000000000e+00
0.000000000000000000e+00
0.000000000000000000e+00
1.733061863649412986e-04
0.000000000000000000e+00
4.266452077368851673e-04
0.000000000000000000e+00
1.260697277756607558e-04
7.970911046338262774e-05
2.913077819897220348e-04
8.017035667221235394e-05
5.448470841800839338e-05
2.724235420900419669e-05
0.000000000000000000e+00
9.004704244245627723e-04
7.477768475022367883e-03
2.640560293161645089e-02
5.213438766272171997e-05
1.382112645789044213e-03
0.000000000000000000e+00
0.000000000000000000e+00
0.000000000000000000e+00
1.165517884740543199e-04
0.000000000000000000e+00
0.000000000000000000e+00
0.000000000000000000e+00
0.000000000000000000e+00
0.000000000000000000e+00
0.000000000000000000e+00
3.603936442232846663e-04
2.114035591308483734e-04
4.736572698152985710e-04
1.083434972097328342e-04
0.000000000000000000e+00
0.000000000000000000e+00
5.382826614791184222e-05
0.000000000000000000e+00
5.285536206198645880e-05
0.000000000000000000e+00
0.000000000000000000e+00
0.000000000000000000e+00
1.065298030262552966e-04
1.522692995924808845e-04
2.724235420900419669e-05
7.008459093754843819e-04
0.000000000000000000e+00
0.000000000000000000e+00
9.189671974123362870e-05
2.511457981795922612e-02
0.000000000000000000e+00
0.000000000000000000e+00
5.276018945176236616e-05
0.000000000000000000e+00
2.954557142849272900e-04
6.627763209390645071e-04
2.286496832177288237e-04
4.066922347694105653e-04
0.000000000000000000e+00
0.000000000000000000e+00
1.422190594090578478e-04
0.000000000000000000e+00
2.839998625809710305e-03
2.398524636511447196e-04
1.007967105733155352e-04
0.000000000000000000e+00
0.000000000000000000e+00
0.000000000000000000e+00
0.000000000000000000e+00
5.421892935255471255e-05
0.000000000000000000e+00
2.735720446384227078e-04
0.000000000000000000e+00
5.127972556989026336e-05
4.244252983225224227e-04
1.411449209849906716e-03
4.358776673440671335e-05
0.000000000000000000e+00
1.144549731288110655e-04
0.000000000000000000e+00
0.000000000000000000e+00
2.724235420900419669e-05
1.919702242986989381e-04
6.810588552251050189e-05
6.810588552251050189e-05
0.000000000000000000e+00
7.982200289211719194e-05
0.000000000000000000e+00
4.540392368167366115e-05
0.000000000000000000e+00
0.000000000000000000e+00
5.205235536363299266e-05
3.569820587879313830e-04
0.000000000000000000e+00
7.980407291814172290e-05
0.000000000000000000e+00
0.000000000000000000e+00
1.627895170957862367e-04
2.216974484375296248e-04
0.000000000000000000e+00
0.000000000000000000e+00
1.037786253037642476e-04
0.000000000000000000e+00
0.000000000000000000e+00
3.632313894533892892e-05
2.748857673713116169e-04
5.189019849334134446e-05
2.724235420900419669e-05
0.000000000000000000e+00
0.000000000000000000e+00
9.639602258570715231e-05
6.356549315434311884e-05
8.051629132883463165e-05
0.000000000000000000e+00
6.810588552251050189e-05
0.000000000000000000e+00
0.000000000000000000e+00
7.105553942593857480e-04
7.720490503229210898e-04
2.724235420900419669e-05
9.802394844526388844e-05
3.632313894533892892e-05
0.000000000000000000e+00
0.000000000000000000e+00
1.005706644782620399e-03
5.366516821906321995e-05
1.724280772287559659e-04
1.498329481495230852e-04
0.000000000000000000e+00
4.959307444110013776e-04
9.456988675411457713e-05
2.427448568244930729e-02
2.724235420900419669e-05
7.865356625471470187e-05
0.000000000000000000e+00
0.000000000000000000e+00
9.337521891837551827e-04
0.000000000000000000e+00
4.843085192711856738e-05
0.000000000000000000e+00
0.000000000000000000e+00
1.157604347315085530e-04
2.724235420900419669e-05
2.803989146455772752e-04
0.000000000000000000e+00
0.000000000000000000e+00
1.040444810325862090e-04
0.000000000000000000e+00
0.000000000000000000e+00
1.788486866023267035e-04
1.312357963195823229e-04
9.924411598142099823e-04
0.000000000000000000e+00
0.000000000000000000e+00
7.083012094341089649e-05
1.295957707371199951e-04
2.724235420900419669e-05
0.000000000000000000e+00
2.724235420900419669e-05
1.951962116010342674e-04
0.000000000000000000e+00
5.326795867328992589e-05
2.598466552302183818e-04
1.296075639640502722e-04
0.000000000000000000e+00
0.000000000000000000e+00
4.884990470736823298e-03
1.216825154668854214e-04
0.000000000000000000e+00
3.035694302783034453e-04
2.724235420900419669e-05
7.627859178521172634e-05
2.724235420900419669e-05
0.000000000000000000e+00
7.437958494119065915e-05
0.000000000000000000e+00
2.632133542218849376e-02
5.448470841800839338e-05
7.677390731628455493e-05
0.000000000000000000e+00
0.000000000000000000e+00
2.302299840463145099e-03
1.793432983129557387e-04
2.724235420900419669e-05
2.724235420900419669e-05
0.000000000000000000e+00
2.724235420900419669e-05
0.000000000000000000e+00
2.724235420900419669e-05
0.000000000000000000e+00
2.423704687959817960e-04
5.302222930536503500e-05
2.236467555063011083e-04
0.000000000000000000e+00
4.767411986575734590e-05
9.080784736334730875e-05
4.670117864400720594e-05
0.000000000000000000e+00
2.724235420900419669e-05
9.534823973151469181e-05
0.000000000000000000e+00
0.000000000000000000e+00
0.000000000000000000e+00
4.388217748354668844e-04
0.000000000000000000e+00
0.000000000000000000e+00
1.459958649739501321e-04
1.706189641998365214e-04
0.000000000000000000e+00
2.724235420900419669e-05
2.724235420900419669e-05
1.343956140977540289e-04
5.448470841800839338e-05
5.366584487634075895e-05
3.632313894533892892e-05
0.000000000000000000e+00
0.000000000000000000e+00
0.000000000000000000e+00
0.000000000000000000e+00
0.000000000000000000e+00
2.067169274510445023e-04
5.407582189859948534e-05
0.000000000000000000e+00
0.000000000000000000e+00
0.000000000000000000e+00
5.387932276891934302e-05
0.000000000000000000e+00
0.000000000000000000e+00
1.953449764113912124e-04
0.000000000000000000e+00
1.389360064659213713e-04
4.785914942602736044e-04
2.160494585653946454e-04
4.086353131350629843e-05
1.100534641416468437e-02
2.373934116778865077e-03
7.046339694444354819e-05
2.724235420900419669e-05
1.572605643825760423e-04
7.859875361182852181e-04
3.171902177200430751e-04
4.385107320490833267e-04
2.724235420900419669e-05
2.622827112064268773e-03
1.329686336391871723e-04
2.965794928890067624e-03
5.448470841800839338e-05
0.000000000000000000e+00
7.521671680262109836e-04
1.931768382680437365e-02
2.724235420900419669e-05
0.000000000000000000e+00
0.000000000000000000e+00
3.775992873918347778e-04
0.000000000000000000e+00
0.000000000000000000e+00
0.000000000000000000e+00
9.635721581332968991e-05
0.000000000000000000e+00
0.000000000000000000e+00
2.724235420900419669e-05
2.724235420900419669e-05
2.931491070859606422e-03
0.000000000000000000e+00
1.025027974025663561e-04
2.283429329599952326e-04
0.000000000000000000e+00
0.000000000000000000e+00
0.000000000000000000e+00
1.530299096278878797e-04
0.000000000000000000e+00
0.000000000000000000e+00
1.230065884169085353e-04
2.724235420900419669e-05
0.000000000000000000e+00
2.724235420900419669e-05
2.905250209688877328e-04
0.000000000000000000e+00
2.724235420900419669e-05
4.102981372278047701e-04
9.664549469384825693e-05
1.810439769048951953e-05
0.000000000000000000e+00
8.172706262701259685e-05
3.364940182755827690e-04
1.066543156724677246e-04
5.361987177645273299e-05
6.348000963373521925e-04
8.976665404633595935e-04
7.585865035669348455e-05
0.000000000000000000e+00
0.000000000000000000e+00
5.278206127994563321e-05
0.000000000000000000e+00
0.000000000000000000e+00
0.000000000000000000e+00
0.000000000000000000e+00
0.000000000000000000e+00
5.448470841800839338e-05
1.362117710450210038e-04
0.000000000000000000e+00
0.000000000000000000e+00
1.001301061507227656e-04
4.358776673440671335e-05
7.491647407476154260e-05
0.000000000000000000e+00
0.000000000000000000e+00
2.868953781862384122e-04
5.448470841800839338e-05
1.618974192992249372e-04
0.000000000000000000e+00
7.783529774001199635e-05
0.000000000000000000e+00
0.000000000000000000e+00
1.007991822077021818e-04
1.109435004743504098e-04
4.943136371808003323e-04
2.763142871225123410e-04
0.000000000000000000e+00
0.000000000000000000e+00
1.643583097376345487e-04
2.724235420900419669e-05
4.670117864400720594e-05
1.046452336282383493e-04
2.724235420900419669e-05
3.632313894533892892e-05
4.767411986575734590e-05
3.632313894533892892e-05
0.000000000000000000e+00
0.000000000000000000e+00
0.000000000000000000e+00
0.000000000000000000e+00
0.000000000000000000e+00
0.000000000000000000e+00
0.000000000000000000e+00
1.180502015723515122e-04
1.214946371619957712e-04
1.543733405176904818e-04
0.000000000000000000e+00
0.000000000000000000e+00
1.939199197481584428e-03
9.631490391312447165e-05
5.341797265240677095e-05
2.724235420900419669e-05
2.724235420900419669e-05
0.000000000000000000e+00
1.542185544142298502e-04
0.000000000000000000e+00
0.000000000000000000e+00
2.603486720973205524e-03
0.000000000000000000e+00
0.000000000000000000e+00
0.000000000000000000e+00
0.000000000000000000e+00
5.211580805200804849e-05
0.000000000000000000e+00
0.000000000000000000e+00
0.000000000000000000e+00
2.334306805051186923e-04
2.353878518351417727e-04
0.000000000000000000e+00
0.000000000000000000e+00
5.979107852255483198e-04
1.222615521772068723e-04
5.448470841800839338e-05
0.000000000000000000e+00
1.210324930879098747e-04
0.000000000000000000e+00
0.000000000000000000e+00
6.810588552251050189e-05
1.388873594048338836e-04
5.448470841800839338e-05
1.548745987765126066e-04
0.000000000000000000e+00
5.448470841800839338e-05
0.000000000000000000e+00
0.000000000000000000e+00
0.000000000000000000e+00
4.358776673440671335e-05
4.086353131350629843e-05
3.663012571404781017e-04
0.000000000000000000e+00
5.292800246320815725e-05
0.000000000000000000e+00
2.724235420900419669e-05
4.994431604984102388e-05
0.000000000000000000e+00
0.000000000000000000e+00
2.045648546339692137e-04
0.000000000000000000e+00
3.253244082986412526e-04
2.724235420900419669e-05
5.316260182804398064e-05
1.342658886015207103e-04
5.448470841800839338e-05
2.724235420900419669e-05
0.000000000000000000e+00
1.945997914185233790e-04
9.728620675372510844e-04
0.000000000000000000e+00
5.357286382264352066e-04
2.016590080402610313e-04
0.000000000000000000e+00
0.000000000000000000e+00
8.561882751401321090e-05
0.000000000000000000e+00
0.000000000000000000e+00
2.345532794826796230e-04
0.000000000000000000e+00
3.648493712921523947e-04
2.179257807970255570e-04
3.942285540238142649e-03
1.627209561343212702e-03
2.212722620651620838e-04
5.448470841800839338e-05
2.724235420900419669e-05
1.489248696758896113e-04
1.065592536691549572e-04
3.632313894533892892e-05
0.000000000000000000e+00
9.746708950332613091e-05
0.000000000000000000e+00
1.239916292998391532e-04
0.000000000000000000e+00
8.172706262701259685e-05
5.306752416396286323e-05
4.358776673440671335e-05
0.000000000000000000e+00
3.328155482313723858e-04
5.335457029497170595e-05
7.515073446899157698e-05
0.000000000000000000e+00
1.157800053882678410e-04
2.724235420900419669e-05
5.448470841800839338e-05
2.376207226798279185e-04
1.262229078350527909e-04
2.441931026638903806e-04
0.000000000000000000e+00
0.000000000000000000e+00
1.167145235158258446e-04
9.862177630333233275e-04
2.158092161712856448e-04
1.620434811441514103e-04
0.000000000000000000e+00
9.599686721268148792e-05
0.000000000000000000e+00
1.896304742983291939e-04
5.448470841800839338e-05
0.000000000000000000e+00
0.000000000000000000e+00
0.000000000000000000e+00
2.724235420900419669e-05
5.145778017256349393e-05
3.632313894533892892e-05
0.000000000000000000e+00
0.000000000000000000e+00
0.000000000000000000e+00
1.308871290859882591e-04
2.724235420900419669e-05
9.885572354098202605e-03
8.055397407646342303e-05
0.000000000000000000e+00
0.000000000000000000e+00
3.275026325035204481e-04
0.000000000000000000e+00
0.000000000000000000e+00
5.448470841800839338e-05
0.000000000000000000e+00
4.843085192711856738e-05
0.000000000000000000e+00
0.000000000000000000e+00
0.000000000000000000e+00
5.448470841800839338e-05
0.000000000000000000e+00
0.000000000000000000e+00
0.000000000000000000e+00
2.688872494650935909e-04
3.120724693856185249e-04
5.339894255596020021e-04
1.664810534994700525e-04
1.616379683067582459e-04
4.086353131350629843e-05
0.000000000000000000e+00
2.724235420900419669e-05
0.000000000000000000e+00
5.296655864784715999e-05
0.000000000000000000e+00
0.000000000000000000e+00
0.000000000000000000e+00
1.738321649526934436e-04
0.000000000000000000e+00
0.000000000000000000e+00
0.000000000000000000e+00
2.724235420900419669e-05
2.724235420900419669e-05
0.000000000000000000e+00
0.000000000000000000e+00
0.000000000000000000e+00
8.399725881109625450e-05
2.724235420900419669e-05
8.293783392519058916e-05
0.000000000000000000e+00
2.724235420900419669e-05
0.000000000000000000e+00
0.000000000000000000e+00
4.994431604984103743e-05
0.000000000000000000e+00
0.000000000000000000e+00
4.903623757620757708e-05
2.204979639159097371e-04
2.532996068436848560e-04
4.359545135324517044e-04
0.000000000000000000e+00
2.103357582084820808e-04
2.724235420900419669e-05
5.448470841800839338e-05
0.000000000000000000e+00
9.704840785063208186e-03
2.577736387008727759e-04
1.178530819200977135e-03
2.425859159797133524e-04
1.026827197108620102e-04
0.000000000000000000e+00
0.000000000000000000e+00
1.991535839290113814e-04
0.000000000000000000e+00
7.123539222982293133e-04
0.000000000000000000e+00
1.561894974649574296e-04
4.540392368167366793e-05
5.324641959032637613e-05
0.000000000000000000e+00
1.530760237909972905e-03
2.242651683303821259e-04
1.753130965331264673e-03
2.724235420900419669e-05
2.956557455570911356e-04
2.724235420900419669e-05
8.234155181969687366e-05
1.479089852359476024e-04
1.339415748609372784e-04
9.472518414588206731e-05
0.000000000000000000e+00
0.000000000000000000e+00
0.000000000000000000e+00
0.000000000000000000e+00
2.724235420900419669e-05
5.586475981135308232e-04
9.355204055289901232e-05
1.827225565477901025e-04
0.000000000000000000e+00
0.000000000000000000e+00
0.000000000000000000e+00
0.000000000000000000e+00
0.000000000000000000e+00
1.748051061744435768e-04
2.698595558115474548e-04
2.695911491535087995e-05
0.000000000000000000e+00
4.086353131350629843e-05
0.000000000000000000e+00
2.724235420900419669e-05
0.000000000000000000e+00
1.295685788973958844e-04
5.448470841800839338e-05
0.000000000000000000e+00
2.821067923174940158e-04
0.000000000000000000e+00
2.643584718427914745e-04
0.000000000000000000e+00
0.000000000000000000e+00
0.000000000000000000e+00
2.074455238705454497e-03
0.000000000000000000e+00
1.145417165605858509e-04
1.193163473603140118e-03
7.269298165370523474e-04
1.934003447646864295e-04
3.685378070836713778e-04
0.000000000000000000e+00
1.824584758256693083e-03
0.000000000000000000e+00
1.070643571011213954e-04
2.724235420900419669e-05
0.000000000000000000e+00
0.000000000000000000e+00
1.319965526660856674e-04
9.080784736334730875e-05
2.578999762266535162e-04
0.000000000000000000e+00
6.356549315434311884e-05
3.523049588234855676e-04
2.724235420900419669e-05
9.534823973151469181e-05
5.448470841800839338e-05
0.000000000000000000e+00
0.000000000000000000e+00
0.000000000000000000e+00
5.211580805200804849e-05
0.000000000000000000e+00
0.000000000000000000e+00
6.831226699379086521e-05
1.407521634131883191e-04
5.363996924251884470e-05
6.662303176086449737e-04
0.000000000000000000e+00
9.661558349330697393e-04
5.056582915572277719e-04
0.000000000000000000e+00
4.086353131350629843e-05
4.635795781323844554e-04
0.000000000000000000e+00
1.607298898331247449e-04
2.633859991857852040e-04
0.000000000000000000e+00
0.000000000000000000e+00
7.360021574054855962e-04
0.000000000000000000e+00
0.000000000000000000e+00
2.534836196399723471e-04
0.000000000000000000e+00
1.121866091426038841e-04
2.814048050362244957e-04
0.000000000000000000e+00
5.448470841800839338e-05
3.632313894533892892e-05
8.172706262701259685e-05
0.000000000000000000e+00
0.000000000000000000e+00
1.442214888637365338e-04
6.946800323296069919e-05
5.345886385620119411e-05
2.241656574912345452e-04
3.452724601524222257e-04
1.200446149946356308e-03
1.020197763582405263e-04
2.300698307172397436e-04
1.306323547179938751e-04
1.162340446250845780e-04
0.000000000000000000e+00
0.000000000000000000e+00
0.000000000000000000e+00
0.000000000000000000e+00
1.085508312124521489e-04
4.086353131350629843e-05
1.172364750821796187e-03
0.000000000000000000e+00
2.258162699918971061e-04
0.000000000000000000e+00
0.000000000000000000e+00
0.000000000000000000e+00
0.000000000000000000e+00
2.724235420900419669e-05
5.955430631950576125e-04
7.764070949566191009e-05
5.370915527146219529e-05
0.000000000000000000e+00
0.000000000000000000e+00
1.316713786768536343e-04
2.633427573537072686e-04
4.086353131350629843e-05
7.537051331157827955e-05
0.000000000000000000e+00
9.534823973151469181e-05
4.775237598561148664e-04
1.048048957774485636e-04
0.000000000000000000e+00
1.275667309242395819e-04
0.000000000000000000e+00
0.000000000000000000e+00
0.000000000000000000e+00
0.000000000000000000e+00
5.487679133565104587e-04
0.000000000000000000e+00
1.629586605764501961e-04
2.209041074343224631e-04
5.448470841800839338e-05
5.448470841800839338e-05
2.337660379317338692e-04
1.362117710450210038e-04
9.732550737571663002e-05
7.321115595496655243e-04
1.350442415789207843e-04
2.724235420900419669e-05
0.000000000000000000e+00
6.872502993635146986e-05
9.807247515241509996e-05
1.199754968037134182e-04
2.358048585406514238e-03
5.448470841800839338e-05
1.732233296033872452e-04
0.000000000000000000e+00
1.984680335396713825e-03
9.080784736334730875e-05
6.538165010161006664e-05
0.000000000000000000e+00
5.433517311021966142e-05
2.281006642103129321e-04
2.724235420900419669e-05
4.540392368167366115e-05
0.000000000000000000e+00
5.448470841800839338e-05
0.000000000000000000e+00
1.561894974649574296e-04
1.044290244678494173e-04
5.380046768017922434e-05
2.590938962760933571e-03
8.813702832324885690e-05
3.722124040499584963e-04
1.854532745169884338e-04
1.124307112325131843e-04
0.000000000000000000e+00
1.106000587275120619e-04
0.000000000000000000e+00
0.000000000000000000e+00
2.724235420900419669e-05
7.794084735508655017e-04
4.670117864400720594e-05
0.000000000000000000e+00
0.000000000000000000e+00
4.358776673440671335e-05
4.994431604984102388e-05
8.561882751401321090e-05
2.335577834185293084e-04
6.810588552251050189e-05
2.372200839451721658e-04
1.180502015723515122e-04
1.653941110840603215e-04
0.000000000000000000e+00
1.864796039957878477e-04
8.561882751401321090e-05
0.000000000000000000e+00
1.647513802163587588e-04
0.000000000000000000e+00
0.000000000000000000e+00
1.100171996902092608e-04
5.255002529792385436e-05
5.085239452347451811e-05
0.000000000000000000e+00
0.000000000000000000e+00
0.000000000000000000e+00
0.000000000000000000e+00
1.838446146165222648e-04
0.000000000000000000e+00
1.900691884121641926e-04
1.069485379542484555e-04
2.712827208143425359e-04
1.233335672371280839e-04
0.000000000000000000e+00
0.000000000000000000e+00
2.178104185343481328e-04
5.837647330500900743e-05
4.565402502179967403e-03
1.066992206519331291e-04
0.000000000000000000e+00
2.045047757681589594e-04
8.633325778312441097e-05
0.000000000000000000e+00
0.000000000000000000e+00
0.000000000000000000e+00
2.724235420900419669e-05
0.000000000000000000e+00
3.003155549844753144e-04
4.086353131350629843e-05
4.086353131350629843e-05
0.000000000000000000e+00
7.817307356039311325e-05
2.724235420900419669e-05
1.070135555081908659e-04
1.732293229407854730e-04
4.994431604984103743e-05
2.724235420900419669e-05
0.000000000000000000e+00
0.000000000000000000e+00
1.171421230987180248e-04
5.448470841800839338e-05
0.000000000000000000e+00
1.167529466100179878e-04
0.000000000000000000e+00
0.000000000000000000e+00
0.000000000000000000e+00
3.362091754804174886e-04
0.000000000000000000e+00
0.000000000000000000e+00
2.126214603570979514e-04
2.666931206024503653e-04
5.448470841800839338e-05
1.388107888738468639e-03
2.724235420900419669e-05
0.000000000000000000e+00
0.000000000000000000e+00
0.000000000000000000e+00
7.670370625475013123e-05
7.454133221577077914e-05
0.000000000000000000e+00
0.000000000000000000e+00
5.448470841800839338e-05
2.724235420900419669e-05
1.128591459830407748e-02
0.000000000000000000e+00
0.000000000000000000e+00
1.420651821203260925e-04
0.000000000000000000e+00
2.185009774890447833e-04
0.000000000000000000e+00
5.283650637521679740e-04
9.988863209968207486e-05
2.707842010276261414e-03
0.000000000000000000e+00
0.000000000000000000e+00
1.287103627385565103e-04
0.000000000000000000e+00
0.000000000000000000e+00
2.962768059999388442e-03
0.000000000000000000e+00
0.000000000000000000e+00
2.691154397037835298e-04
3.865846813898976141e-04
0.000000000000000000e+00
0.000000000000000000e+00
0.000000000000000000e+00
8.561882751401321090e-05
5.448470841800839338e-05
2.753047114538572423e-03
2.724235420900419669e-05
5.448470841800839338e-05
3.086070017109698751e-04
0.000000000000000000e+00
5.448470841800839338e-05
1.419904522408703634e-04
1.014287084673303526e-04
0.000000000000000000e+00
0.000000000000000000e+00
0.000000000000000000e+00
0.000000000000000000e+00
1.129442104985274711e-04
9.311931984168708514e-05
1.595360153057902438e-04
3.377168977855644818e-04
0.000000000000000000e+00
0.000000000000000000e+00
0.000000000000000000e+00
0.000000000000000000e+00
3.280357538377652593e-03
0.000000000000000000e+00
6.810588552251050189e-05
4.555740115074207613e-04
8.562190671378052884e-03
1.292498360804977039e-04
0.000000000000000000e+00
0.000000000000000000e+00
0.000000000000000000e+00
0.000000000000000000e+00
0.000000000000000000e+00
0.000000000000000000e+00
0.000000000000000000e+00
2.724235420900419669e-05
1.807901688415733269e-04
0.000000000000000000e+00
0.000000000000000000e+00
3.611224598832084732e-03
0.000000000000000000e+00
2.168877371465755498e-04
5.914618687140716681e-03
1.047782854192469312e-04
7.818901803063385005e-05
2.116863599640328030e-04
0.000000000000000000e+00
0.000000000000000000e+00
2.253569798942156707e-04
4.873905533061302772e-04
0.000000000000000000e+00
1.075935403608145770e-04
5.448470841800839338e-05
1.048674071792586100e-04
0.000000000000000000e+00
0.000000000000000000e+00
1.764047063178263543e-03
2.096948771115735456e-04
0.000000000000000000e+00
5.313363416046344142e-05
0.000000000000000000e+00
5.413986849131215617e-05
2.724235420900419669e-05
0.000000000000000000e+00
8.172706262701259685e-05
4.188135950783842773e-04
0.000000000000000000e+00
0.000000000000000000e+00
0.000000000000000000e+00
2.379085769845094866e-04
0.000000000000000000e+00
7.083012094341089649e-05
0.000000000000000000e+00
0.000000000000000000e+00
5.410369647102914435e-05
4.086353131350629843e-05
0.000000000000000000e+00
1.062212846131784958e-04
0.000000000000000000e+00
0.000000000000000000e+00
1.046164539066531248e-03
0.000000000000000000e+00
2.491144916669375104e-04
1.934207148839298324e-04
1.785887664812497316e-04
0.000000000000000000e+00
0.000000000000000000e+00
0.000000000000000000e+00
0.000000000000000000e+00
1.104286116217569102e-04
9.499897878011720497e-05
0.000000000000000000e+00
1.630192773305113446e-03
0.000000000000000000e+00
0.000000000000000000e+00
0.000000000000000000e+00
0.000000000000000000e+00
0.000000000000000000e+00
0.000000000000000000e+00
1.270322821267695775e-04
0.000000000000000000e+00
0.000000000000000000e+00
0.000000000000000000e+00
0.000000000000000000e+00
0.000000000000000000e+00
0.000000000000000000e+00
1.386222394048828178e-03
8.732299934382837820e-04
9.080784736334730875e-05
2.724235420900419669e-05
0.000000000000000000e+00
5.200813076264440630e-05
0.000000000000000000e+00
0.000000000000000000e+00
2.240578278988433118e-04
0.000000000000000000e+00
0.000000000000000000e+00
0.000000000000000000e+00
0.000000000000000000e+00
0.000000000000000000e+00
2.901538279003451474e-04
2.721238462241297942e-05
1.284847851767768933e-04
0.000000000000000000e+00
0.000000000000000000e+00
2.724235420900419669e-05
0.000000000000000000e+00
0.000000000000000000e+00
0.000000000000000000e+00
0.000000000000000000e+00
0.000000000000000000e+00
4.540392368167366115e-05
0.000000000000000000e+00
0.000000000000000000e+00
7.913255270234553437e-05
2.751154742385027814e-04
0.000000000000000000e+00
0.000000000000000000e+00
0.000000000000000000e+00
5.448470841800839338e-05
1.710889423818117859e-04
0.000000000000000000e+00
0.000000000000000000e+00
1.757190812615421892e-04
2.724235420900419669e-05
0.000000000000000000e+00
0.000000000000000000e+00
0.000000000000000000e+00
0.000000000000000000e+00
0.000000000000000000e+00
0.000000000000000000e+00
0.000000000000000000e+00
2.724235420900419669e-05
0.000000000000000000e+00
5.107941414188287303e-05
7.394353285301140941e-05
0.000000000000000000e+00
0.000000000000000000e+00
0.000000000000000000e+00
5.260592536911151251e-05
6.897165899313173866e-04
9.050346351743687311e-05
0.000000000000000000e+00
3.632313894533892892e-05
4.903623757620757031e-05
8.172706262701259685e-05
4.358776673440671335e-05
0.000000000000000000e+00
7.245562862998381187e-04
1.380279279922879245e-04
9.080784736334730875e-05
2.537546772780375505e-04
1.330834624277190683e-04
8.821333743868027338e-05
6.356549315434311884e-05
4.421945307677641328e-04
0.000000000000000000e+00
3.632313894533892892e-05
7.544036550185775252e-05
6.902761931153691033e-05
4.358776673440671335e-05
5.743665139555478080e-04
2.724235420900419669e-05
0.000000000000000000e+00
1.029716691702407339e-03
6.367781710222415043e-03
1.362117710450210038e-04
2.724235420900419669e-05
0.000000000000000000e+00
1.355579757195618854e-04
0.000000000000000000e+00
8.899169041608037450e-05
1.001048412600710205e-04
1.122213194780826827e-04
0.000000000000000000e+00
8.950601357242247589e-05
2.826507168138394179e-04
0.000000000000000000e+00
4.086353131350629843e-05
0.000000000000000000e+00
0.000000000000000000e+00
0.000000000000000000e+00
2.724235420900419669e-05
8.172706262701259685e-05
0.000000000000000000e+00
1.185158828408815353e-04
0.000000000000000000e+00
0.000000000000000000e+00
5.422149726623060138e-05
0.000000000000000000e+00
1.311577596306808045e-04
3.390032453039247898e-04
0.000000000000000000e+00
1.129653253676020722e-03
0.000000000000000000e+00
3.286671120278140978e-04
2.986475584170800212e-04
8.261607288272547782e-04
0.000000000000000000e+00
2.724235420900419669e-05
5.297124429528595721e-05
0.000000000000000000e+00
0.000000000000000000e+00
5.420892066847439385e-05
2.053654394217239391e-04
7.705694476261189523e-05
9.948645282231530511e-05
5.165594687428607008e-04
1.471087127286226635e-04
1.014312228450474807e-04
0.000000000000000000e+00
1.947828325943800297e-04
1.570975759385909035e-04
2.724235420900419669e-05
2.724235420900419669e-05
0.000000000000000000e+00
9.558079641378652532e-05
0.000000000000000000e+00
1.209855528169523440e-03
7.109333209518904086e-05
0.000000000000000000e+00
0.000000000000000000e+00
3.699200962787923749e-04
0.000000000000000000e+00
2.724235420900419669e-05
5.292800246320815725e-05
3.326067542074394420e-04
0.000000000000000000e+00
6.731734599579600664e-04
2.960141853390888672e-02
0.000000000000000000e+00
7.808770481413126574e-05
1.332315812407799602e-03
2.606725406332043374e-03
1.786782819381661259e-03
0.000000000000000000e+00
