1.737439756134860971e-02
3.090873717681845712e-01
4.382461060449709817e-02
4.000534836287722440e-02
1.432260204794422731e-01
7.502723966020778332e-03
-1.018993262812300940e-03
5.309577498253289368e-02
-2.544569990369941956e-02
7.455137038912796298e-03
-7.084296662272420407e-03
-3.342842881376221348e-02
1.100354390098556012e-01
-7.115205044138180057e-02
8.575809593167645073e-02
-3.033172169885191630e-02
-3.132747836564041266e-02
2.514726635439945568e-01
3.507715892602508156e-01
3.767379870239331852e-02
3.759651066526832619e-02
8.848381202379912089e-03
-7.309219500312444384e-02
-1.148504781887594167e-01
1.242328880935149871e-01
2.996203361315470381e-01
2.046331433142677680e-01
-8.349866503016843688e-02
-2.777581259191897606e-02
-2.883999626853868403e-02
4.558099579339300877e-01
2.906547265347880216e-01
1.011262329406228816e-01
1.024567505407928403e+00
1.016605515757320610e+00
1.024121811000332283e+00
-1.765902350458047054e-02
8.171795376797036381e-01
1.799052032061969619e-01
1.562627627015243936e-01
3.345128989009097942e-01
3.814074659849978621e-01
-1.014151497606623348e-01
2.922810066228355430e-02
1.076492144176135687e-02
-5.626715783437586521e-02
3.320538555582334683e-01
-2.188419837123347159e-02
1.277140284659900593e-01
1.363398331713471023e+00
-1.545041793706391706e-02
5.354913760953088353e-01
2.969994263651932198e-01
1.673278293832655139e-01
-3.794660980173984038e-02
-3.364589854894636106e-02
1.001724585512525190e+00
1.736143128409519121e-01
3.695565376202196717e-01
6.067686081116436814e-01
2.620117777864606201e-01
-9.583797138658725623e-02
7.821899183996065819e-02
-2.989561182821848934e-02
4.200051567962852749e-03
4.492520327281768755e-01
-6.283249354509795603e-02
9.904199391468022917e-02
9.549296871585062629e-02
3.530540701583664287e-01
-3.247890538800617122e-02
-7.004407064146928041e-02
-5.661641094763266574e-02
-1.016373495857968573e-01
1.424072024363928490e-01
2.456947098039894417e-01
2.932587736681314949e-02
-7.535430003702364710e-02
-1.510382772224919470e-02
1.294212688489273511e-01
-3.983021114533316642e-02
9.030137388846166957e-02
1.800141192987843031e-01
6.749953517035559569e-01
5.044324493967182743e-01
-2.024128869420123780e-02
2.027469598425185593e-01
3.973970261822195593e-01
2.384032709736433886e-01
-1.065731616399854809e-01
1.300468937431885630e-01
7.464367007578612268e-02
7.299424151610015010e-02
-4.653907007596235629e-02
1.464516838449797242e-01
-2.720885033083993848e-02
3.164405593495372981e-02
7.019417626424202805e-02
7.985544715828155060e-02
1.051383710207857069e-03
4.462536860945949535e-02
1.156425475470308911e-01
-7.785042947445820760e-02
2.450269902660298302e-02
2.286232740642993866e-01
-7.391943717598615940e-04
-2.892984923816746892e-02
1.290783130547651925e-01
-8.091636692488057836e-02
6.761671914679493467e-01
9.302393023995447069e-03
9.467947508580374857e-03
-3.335599709200927354e-02
-1.171310324355298062e-02
-3.481900080664192959e-02
1.568602269665311799e-02
4.010474262229702380e-01
4.549051644235318874e-03
-1.056266854969904467e-01
-5.594459479375478439e-02
1.260602623047852311e-01
9.781085024518016216e-03
2.905705354380431343e-02
-6.407687858447844165e-02
-9.842349680364613843e-03
7.116697421864343065e-02
5.611196303275267638e-01
1.796774668062657565e-01
2.076451271250823460e-01
6.050486630358303808e-01
1.085729272335768207e-02
-1.861745642582521634e-02
4.007671653824713687e-01
3.000999736646323135e-01
1.037998670706568281e-02
-6.669470349079124807e-04
-5.240534192317069379e-02
8.204059506924910039e-01
-3.196143209981312100e-02
2.327926345982460343e-01
-2.310835341061408948e-02
-2.171945952505594316e-02
5.576443709079890176e-01
1.131279882717678952e-02
9.001998759103002623e-02
-5.692494167518104276e-02
-4.923560810475101357e-02
6.517574029555354975e-02
-6.625169490720450582e-02
-4.534443661200198566e-02
-7.060413633192854678e-03
-1.287132334536590823e-02
-4.792934264002433886e-02
-9.783841573314638884e-02
9.452572567867790349e-03
-2.485846190200607236e-02
-1.467481922678929782e-02
-5.524134704624130560e-02
-2.763274100487877680e-02
1.049732994414400294e-01
4.450120340408155600e-02
-3.566027349649630168e-02
3.548349000094355200e-03
8.629009064707791055e-01
7.454059028644328677e-01
3.855251321999091096e-03
7.184927180145248560e-01
1.044584158819894304e+00
1.253080002580346353e+00
1.275629713185424619e+00
1.126482900057329095e+00
7.869928164987842756e-01
-1.073333634833402578e-01
-1.105516871182010523e-02
4.115205717798349483e-02
-2.834042623774586395e-03
4.348128943177970163e-02
1.426840076737573640e-02
3.655382266751387998e-01
5.401304353062565955e-01
-4.922263138863380849e-02
-3.255723615765217932e-02
5.899846986403719518e-01
-1.184834751267006409e-01
4.033549529552776791e-01
8.933531652347447283e-01
3.461855490207777636e-02
7.776834425135242812e-01
5.643787526449237785e-02
3.422772562772030680e-02
6.012630949745373377e-01
2.387615876815395444e-01
6.169172120676947868e-01
3.003342929342381895e-01
1.677839973265315754e+00
-4.436238440179598314e-02
5.121680783249760172e-01
1.561521384894710984e-01
2.528372065536609314e-01
-1.504088337020117669e-02
1.880086513443981477e-01
2.752363426587447481e-01
6.968488332667871488e-02
2.632865378475736096e-01
-8.196623939409268533e-02
4.173724284885185210e-01
3.749867965797767377e-01
8.418232992401279702e-02
4.270928091282336636e-01
5.067496115217854369e-01
5.148274324403496749e-01
-1.622452075365218502e-02
6.573118082492551695e-01
-1.065667320153216302e-01
3.756582129056935254e-02
-8.115958718087795676e-02
3.505815205419657993e-02
-2.923869039642489412e-02
3.858417044911662819e-01
3.036933817065402483e-02
8.691985409838519361e-02
-5.898329257798451408e-02
2.280265050372058400e-01
6.229133077153040654e-01
3.685357047748230586e-01
5.138893198131008200e-01
5.351455039355637044e-01
-4.500334929285738916e-02
1.250031693912373454e-01
1.566700140797731150e-02
2.594107624236121623e-01
6.964930232635180296e-01
4.668400160866082449e-01
6.320566675367421672e-01
1.169195504211858028e+00
3.061658001122920941e-02
9.237317242273113127e-03
3.246226805081879607e-02
3.302278628611032274e-01
4.614248265061669796e-02
1.832228487197002098e-01
-4.530910910569242722e-02
-5.155857635320236498e-02
1.448754571557373527e-01
-4.102283157834704479e-03
2.691791946082947376e-02
2.006229829867245407e-02
4.573851718462865895e-02
-1.949626029774222113e-02
-6.848856349207074756e-02
1.569568544495485440e-01
4.642077274201462656e-01
-1.240330807398629803e-02
-5.859259586401841489e-03
2.230086556761635141e-01
3.694597238509685910e-01
-4.647064025024182608e-03
-5.511160968264007358e-03
-6.153340616188180540e-02
2.028022859186206367e-02
5.587238121626019183e-01
-8.021821208817231375e-02
1.942284385201127894e-01
1.385096044583492003e-01
-1.341145501113062515e-02
-1.949609649101630496e-02
-5.534441091861485446e-02
3.883517656607402002e-01
-3.372196833243586850e-02
-9.628485509667447997e-03
-4.860316109398144999e-03
1.822260673088374819e-02
-5.947337557577386108e-02
2.614022056751854131e-02
-7.270526274816106749e-02
-6.884846136390046500e-02
6.514590730311234368e-02
-5.123162500550085957e-02
7.791190464205448307e-02
4.200647225574243721e-02
2.570227199612110797e-02
-6.650802075538631009e-02
-2.021343583683187710e-04
-3.795410428630238697e-02
-5.127163146377417685e-02
2.073363443155953195e-02
4.131063505854875029e-01
3.280333558690794460e-01
-6.204193256200337542e-02
-7.799130230682362053e-02
-8.402363474749610650e-02
-7.108217659355844931e-02
-1.188326932290388951e-02
-2.809465416528216311e-02
3.942333028778525206e-01
2.378932402253423548e-02
-1.149260252571833868e-01
-1.521346298131021936e-02
7.397492443425781605e-01
2.025132034407914616e-01
-3.244908422059075703e-02
1.448860181855206597e-01
-7.086142674702697319e-02
5.985614961656570143e-01
-9.934620598465153385e-02
-1.011550763615891128e-02
-1.059690598169960030e-01
-2.001919330665561519e-02
-3.092358090196104664e-02
-6.739825245270322784e-02
-3.464900514095731882e-02
1.744261137175431159e-02
-3.204370554621246980e-02
3.483128122604109422e-01
7.003702301089496096e-01
-4.346292142855182755e-02
1.199544433076826511e-01
4.106682482231912013e-01
3.343630786197817617e-01
-2.850319524665856016e-02
7.290648715368327482e-01
1.366826405358942398e-01
2.133148676542313549e-01
-5.658494605275800338e-02
2.478226556399640290e-01
3.147529539540777077e-01
-1.488884029319923613e-02
-3.802674196557717656e-02
-3.438656112344009447e-02
5.553986851237936728e-02
3.596493028505561018e-02
1.118999544866663698e-01
2.646220692139371680e-02
-1.093732586404655427e-01
7.360991473102050930e-01
-3.763054260012054647e-02
3.198537533266321287e-01
-2.067203177406754661e-02
1.168235924628461819e-01
-9.867383446119344648e-02
-9.568512349924673810e-02
-4.239763386310076154e-02
-5.178091819774663374e-02
-4.466989751315227075e-02
4.930117909695752587e-01
-6.125257439482960364e-02
1.741833557171061919e-01
3.379140690222721677e-01
1.193080537636550531e-01
-3.463801390458834395e-02
8.733751512862979183e-02
1.049750076769923046e-01
-1.218943630338392980e-01
2.719822072391426052e-02
8.229943961627584834e-03
5.089282440325402224e-01
5.537896273375008532e-02
1.165927568783473728e-01
5.602573536794959175e-01
1.307084710330033428e-01
4.118613835268009754e-02
1.208574228849291082e-01
6.109638053327230700e-02
-1.138450284273700569e-01
1.330012140909392071e-01
3.899974587428613193e-03
-6.234311540182597283e-02
3.045794894995033086e-01
-1.118634058736557406e-02
2.785294742370202359e-01
4.749534861702447291e-02
1.123011622669789711e+00
8.882514059936835737e-01
2.051182403890796646e-01
3.195285746588302778e-02
-6.497325291290718952e-02
3.845587898850311159e-01
-2.496513505526266191e-02
2.345314161060294694e-02
8.980048279222919982e-02
6.527944584990622579e-01
-2.182380814593771687e-02
-6.077366561586612648e-02
7.791650368033421759e-02
-4.216074587238813343e-02
-5.503322274004267267e-02
-1.990386773502953593e-02
-5.264999062772086208e-02
2.875697453537637283e-01
2.916039071234480598e-02
2.845149293398004930e-01
2.426517537343671899e-02
-8.355621860675710444e-02
3.388361616567285850e-01
8.607500368054571416e-02
1.793557087756937340e-01
1.969581020842493466e-02
3.269354212388956293e-01
-3.104298510463821340e-02
7.660543431954378035e-02
8.163144377960757092e-02
5.503755551775170451e-02
-8.572831494285549497e-03
6.050924741239685489e-02
8.974812086858463545e-01
2.556608793531267923e-02
-6.005660687176023887e-02
2.223211451525770183e-02
1.363773085101427189e-02
2.108607558314534725e-02
5.715062613495758975e-02
-1.085210237201639271e-03
1.345763132451688993e+00
3.451908500445948769e-01
3.014915178833950105e-01
4.630352890034749036e-01
1.125025230715488433e-01
-4.315206128729077127e-03
5.308007764148090502e-01
6.475466888303618163e-01
1.692309249544923511e-01
3.473402694481991793e-01
6.274268558537728080e-02
2.707939877927585393e-01
1.233337915363957316e-01
1.113943298246569402e-01
-9.038858737445838731e-02
1.275387531059633539e-01
4.367677647031600538e-03
7.122168945220346270e-01
4.671914999904046017e-01
-8.481436363646559446e-04
1.595664707715034325e-01
-7.349441691260757969e-02
2.597957324264343892e-01
-3.541880304342919644e-02
-3.493888627404174302e-02
1.193326041860638537e-01
-6.052775280597937069e-02
-2.519676956192397690e-02
2.011536637339257291e-02
5.783891175262777934e-02
2.043113156949797615e-01
3.199601052191145545e-01
-1.047298244951815199e-01
3.505818936208524722e-02
7.591848223909601900e-01
6.143955298275808330e-01
1.896334137690101340e-01
1.827303333721121657e-03
-3.633726349211784806e-02
1.206694397184256695e-01
-4.095133719861028532e-02
5.408095483157873695e-02
3.370161634676445139e-01
1.510838079770105147e-01
5.714678881754562539e-03
2.685833620131273802e-01
2.913028255934838658e-03
4.733502511050413641e-01
2.050668713957265465e-02
-3.224168508007915074e-02
2.665778738966168016e-02
1.941857941688121258e-01
-3.332890765293678587e-02
-8.655403519472926188e-02
1.824688241167415903e-02
-5.327674661897843778e-02
1.681468197371802920e-01
3.918860202565023487e-02
-1.342270939803140960e-02
-9.156336924918161146e-02
2.331262189064230994e-01
3.796706075096935584e-01
-7.121709365801896785e-02
-2.592842309588730410e-02
-5.457595593154992292e-02
6.290210556234528128e-02
-7.888878155265414971e-02
9.182821260137277730e-02
-7.050079900623588969e-02
6.306667937949386182e-01
7.408562521451081406e-02
1.683829663603812199e-01
-2.208887969444886176e-02
3.737512190668993983e-01
9.574547447748013584e-02
5.407766321095690554e-01
1.385026710609648104e-01
8.772514001280896923e-02
-4.982728042770748211e-02
2.426944938589688586e-02
2.044694148443038650e-01
3.758163515227433971e-01
5.784368807068621665e-01
-5.916069230606349483e-02
1.034758559413751777e-01
-2.431916596427988186e-02
2.768795247944474958e-01
-5.275605014084165656e-02
2.519532089731366803e-02
-6.659842593726453264e-02
1.130615237097916670e-01
-7.324452499934125740e-03
1.221878535702961288e-01
6.750696808894292300e-02
-7.876238147961903829e-03
-5.020306082294551803e-02
2.790884082470730942e-01
4.900228012307047964e-01
-9.796962483133894728e-02
4.181746811976807914e-03
4.110084195982929151e-02
-3.515533568964218647e-02
1.127816805916127318e+00
4.522969583732527540e-03
4.462871003732972741e-01
3.593629361790889321e-01
4.722399190819628889e-02
-4.935163176782175060e-03
1.762523927259777579e-01
-4.028083778391231690e-02
-4.393158196681390404e-02
-3.718744468100735473e-02
-4.116105371825336257e-02
4.017042153228869705e-01
1.809368563870994706e-01
-3.720491129884883480e-02
8.718070138821217008e-02
1.431313421176974576e-01
-4.723702674760891368e-02
-2.638670385350525439e-03
-1.783042722517582876e-02
-6.980384972693129235e-03
-6.100612790341662824e-03
4.824244827403131874e-02
2.680799300530533496e-04
2.698157539328975910e-02
-8.035620533275431021e-02
-3.582882605181739871e-02
3.273789872204589391e-01
1.387695188129824675e-01
-3.094179931752141788e-02
3.925827155454639922e-02
-4.692704349400959873e-02
-3.336232394662735218e-02
-4.480649035204944258e-02
-7.447145748682069966e-02
4.069298973585159795e-01
-2.254333765070730411e-02
4.048016903754216023e-02
-7.943602936804469716e-02
7.490892015194841047e-01
6.258178431741919651e-03
-1.453641447085013971e-01
1.513355515572328835e-01
1.542568467164470158e-01
1.877150287142109186e-01
-5.771657027966182324e-02
4.738211963995019316e-01
-1.090974267275856072e-02
3.341531371956941998e-02
3.883522585243928127e-01
-1.360043756673953892e-02
-4.468370973919349315e-02
-4.461905146305866765e-02
1.236063962464296548e-02
2.360147698426687535e-01
-4.671472265374729260e-02
-1.388818022198382192e-02
3.140433578075202403e-02
1.158027311672385484e-02
1.715531591661258182e-01
-5.781896614595812001e-02
-8.884675929713260756e-02
5.291497187879107278e-02
-6.458254100027649436e-02
-8.393341352872690786e-02
5.824943629634801168e-01
1.509357699955202192e-02
1.536237233854584605e-01
9.538015966294989545e-02
-9.820383139154993668e-02
-1.004142842257840507e-01
-1.187901172987279250e-02
5.244653799184093718e-02
-3.113461224985990608e-02
5.593720643195103370e-02
-7.147564155223992688e-02
-2.562936319824803480e-02
8.776313672126963283e-02
5.335626180667543128e-01
1.376548025217884774e+00
1.255686503917076979e-01
-1.123600165310579451e-03
-2.847003304663786247e-03
2.462519357450309310e-01
-1.241648875512557128e-02
2.486094073397110138e-01
6.034811807528287636e-02
7.645236366040315812e-02
1.213408613552437593e-01
5.355826358830401840e-02
-9.207695702664144000e-02
-1.373402645068511931e-02
2.633213171372927874e-02
-1.080092651534959730e-01
-3.135495870393472002e-03
7.737768878990382293e-02
1.133029729786158707e-01
3.515670957390799600e-01
2.579214163514625402e-01
3.057265982575971264e-01
4.435191930055216308e-02
2.369360789575975790e-01
2.786542965435174005e-02
-4.298427241646626817e-02
2.027085382748437803e-01
-2.173567325967355399e-02
1.818391273565522215e-01
2.348264571520058408e-01
4.218621210018811025e-03
3.318203914236924068e-01
5.789217972775949350e-03
6.831118655885740076e-02
2.883134638238996628e-01
2.420690211251329549e-01
1.669560685985661819e-02
-4.815682216845530716e-02
-3.170759173415160087e-02
-8.367955587452428554e-03
3.328926972221016856e-01
-1.972675531188452375e-02
-3.049972163602677686e-02
-1.097539695206545401e-01
2.880073006804179103e-02
1.270196098363111370e-01
-5.042265035134810627e-03
6.428782851138474530e-02
3.010014138257529615e-01
2.233159356011741314e-01
4.603723867758299781e-02
-3.703748879214205370e-02
4.629293172413113250e-02
4.971607564425484238e-02
1.340285746603585640e-02
-1.336178307913541696e-01
-9.395703406746631209e-03
1.705726390608092863e-02
-6.036077420881034994e-02
-1.005850559392774679e-01
4.843310724766747288e-01
4.047595172194381336e-03
5.937658674940816256e-02
-5.770035577774873525e-02
1.567481217565968588e-01
-2.590008490115138645e-02
-9.529275463761309461e-02
8.305862343613701348e-02
7.697488878146717395e-02
-1.297002651693977826e-01
-9.026376717502894442e-02
6.395636268706150762e-01
-9.448458034671303185e-02
-5.479633645723721441e-02
4.013904517061241961e-01
-2.110565137880436593e-02
2.265372335811723925e-01
2.793661115545071350e-01
5.909791434869584442e-02
-8.364500478399024275e-02
3.103846124728291966e-02
1.700330919459471513e-01
1.064486899711835355e-01
-9.920471603689683462e-03
3.226457753164302944e-01
4.675525445876084207e-01
1.298122623166559353e-01
1.676696315087613798e-01
3.636169741505942271e-02
-2.870706931924557267e-02
4.272199302463002279e-01
1.553937479530031140e+00
7.833849015558643769e-01
4.949573459874503367e-01
5.022798562557373447e-01
7.727976464138737178e-01
3.799327554368426285e-01
3.915560148942959749e-03
4.117035345399074758e-02
-3.067481111441922384e-02
-4.486404696759956068e-02
4.007835945783692205e-02
1.357349632109943610e-02
-5.427174832787460407e-02
1.586865321102989279e-01
-8.390412610650233027e-02
-6.437648824926203717e-02
3.529573806165023364e-01
-2.511112336991366129e-02
1.415948003286260359e-01
-2.678979395914559206e-02
6.745165305147358958e-02
-2.052761355204443111e-02
1.301560267964983475e-01
-5.645913616689290926e-02
-1.599027378996280627e-02
-1.526823223120299736e-02
1.694715625350431409e-01
2.885974768552387448e-03
1.897429565982009791e-01
-1.796035126431482984e-02
-7.096519309469204173e-02
3.717548707659554946e-02
-1.014571007888228488e-01
1.168723495486985592e-01
6.965573160785788753e-02
7.267696990873492302e-01
2.426499865066385209e-01
5.784800888859481342e-03
3.012120290324386551e-01
3.780757407960916999e-02
-1.648363428842465617e-02
3.955213935285408211e-01
-1.502617732253099317e-02
6.958654355827618987e-02
6.524117422613602280e-01
6.782657233650629669e-02
-3.975996727471357156e-02
-6.930957503823791110e-02
1.455382826812479935e-01
1.484220942659525812e-03
-5.855198452098358403e-02
1.154291373971217394e-01
-8.499927198861436869e-03
1.133285994577413504e-02
7.606504731521712172e-03
2.402380241588685239e-01
4.272406956173117887e-02
1.865264130710072576e-01
-2.874275325834198518e-03
3.649021717828884737e-01
2.004825119480713735e-01
3.421553929948559780e-01
-3.908356227001296562e-02
1.180150516281368855e-01
-9.369699545716753120e-02
3.903919767011473918e-01
7.404248510060670863e-02
-8.119433453280729129e-02
-1.165450190050718211e-02
2.478108904663064160e-01
2.714324109316451281e-02
1.017545211982950892e-01
-3.232767763578758835e-02
2.090066121588775028e-01
-7.953359845092372593e-02
-7.126847463217968193e-02
3.620710349132311712e-01
7.125511664382488952e-02
-4.739580832862758802e-02
1.276833000175489619e-01
2.475030125175685380e-02
1.091748501089203488e-02
-1.280151177145009110e-02
2.064052989815843078e-02
3.170435790702133636e-03
1.550211975296351130e-01
-1.092049348654476060e-01
-5.651616139186088628e-02
-2.561284215712162477e-05
1.169501076603652046e-01
2.427954562751424017e-01
-3.422581627249039748e-02
-7.238237514719628174e-02
1.362949136246872417e+00
8.750325991706153772e-01
3.413587980052451565e-01
3.378918176828987763e-01
-1.090217448839975178e-01
6.594673148526160045e-01
-2.285996236969252415e-02
1.241635104496447567e-01
-1.060410855587809037e-01
8.060974783323181236e-02
6.835521335649735741e-02
2.392897702827755657e-01
1.790259984229938817e-01
1.478178370776347950e-01
-1.264027663312580763e-02
-1.352050757268581996e-02
2.451042364608259361e-01
6.575628428454536323e-01
3.783015901569825590e-01
-1.298534593523824610e-01
3.334010486633956494e-01
-3.305576429952540585e-02
-7.107215553992733692e-02
1.987477604218290117e-01
1.403139649349679496e-01
-1.170588360289230440e-01
-6.448091742562467310e-02
1.177639190830068322e-01
2.291674704062064416e-01
-1.107285744927796606e-01
-4.642319971372013687e-02
-1.629803864495760202e-02
-2.526942695074177458e-02
1.613249458927936419e-01
4.141257458426716997e-02
1.934104898299036576e-02
-4.721780297690020278e-02
2.872956663126645105e-01
-2.451724128376239504e-03
7.869312437702686430e-03
1.764158951755178950e-01
-2.103029104078688732e-02
6.832545200783366468e-01
-5.416765250833861789e-02
-3.484630601268582512e-02
6.492976436609293467e-01
2.496746829729870332e-01
2.359976206825914191e-01
-1.961467726625513389e-03
-5.860012571911665108e-02
-9.617975681119373538e-03
2.341805314712118447e-01
-2.207353920039254250e-02
-7.579528042071005667e-02
3.790974982147313210e-01
-1.731098961703105010e-02
-1.503225332296585087e-02
-5.559336553751153404e-02
1.992266394889240511e-01
-2.572170777103966605e-02
-2.156889783953888726e-03
3.708575370991396697e-02
2.363088117729254256e-01
2.453835509112549731e-02
1.172699335051628072e-02
1.023457505469797246e-01
2.057604006922802709e-01
-3.040300959087394866e-02
6.063133664401151313e-01
-8.062453062426888986e-03
-1.872094447225424590e-02
2.482189270030845385e-01
1.115248723559860017e-01
-5.561188096458928587e-02
6.992100490422091807e-01
9.806525428347697693e-01
-2.550823412930865175e-02
-1.425628830301028851e-03
-2.674122511311116321e-02
-1.984837683475612971e-02
-9.741489488970359045e-02
6.725962798105489249e-01
3.926125758196508664e-01
-2.220992894527548320e-02
6.721989538247974405e-01
3.271784971490779553e-03
1.214449668902066806e-02
4.974023316988186727e-03
5.665681978070462310e-02
-1.395132628672491326e-01
4.372902812758440172e-01
3.964119712960246719e-03
-6.859792126227818101e-03
6.530365092152166095e-01
1.719119410446352803e-01
4.180675282555223332e-02
-3.154708525336642061e-02
1.050038446868513109e+00
-2.895555757587162451e-03
-1.999802246617270532e-02
-3.846920604617262707e-02
3.453309520204203009e-01
4.315204805204592153e-01
1.717850960982705566e-01
4.465344697025227898e-03
2.288716228065806046e-01
2.128210703028733386e-01
-3.005786429903464438e-02
1.130479656406405270e-01
3.584728951311609291e-01
4.606687744587594224e-01
3.164109908971542845e-02
5.170591592318556085e-02
1.936222887545154328e-02
1.524109777868483395e-01
-8.026485068341951412e-02
-7.423572150082792531e-02
-8.915617145426305012e-02
1.545865970212740581e-01
2.231433276021967949e-01
-8.467447451192097740e-02
3.415290566859861543e-01
3.415311798498457119e-01
-7.227763828860356288e-02
1.394043231160518870e-01
6.691642520381942127e-02
2.936327577681193124e-01
-4.799849023274522369e-02
2.847171467210253826e-01
1.893954274787892078e-01
-7.991432338432793991e-02
4.016612188069867417e-01
-6.525824417462268434e-02
6.624553496931102625e-01
6.748874699995058291e-02
5.363476068953861725e-02
3.496305631584057383e-01
8.399534150264528765e-02
9.532743511054553309e-01
1.221753547162841708e-01
3.841648706625537812e-01
6.288467787349018290e-02
4.964219887795350283e-01
2.908921936599379032e-02
5.871565803982497361e-02
5.258081411693402846e-02
5.659790436113727209e-03
-1.706037869498999715e-02
1.509862976932257149e-02
4.421749865617055630e-02
1.085599288005581753e-01
9.393706855519939544e-03
1.525531386602452938e-02
2.987842859614475016e-02
-1.665562073566463283e-02
-6.353832930023331493e-02
-5.992194954672243334e-02
-5.682812726626797206e-02
-5.942910758095227251e-03
-2.473026490521986615e-02
4.694713486754905490e-02
1.204858241239542896e-02
-1.933924724704567250e-03
9.928090746864126626e-03
-5.249792155519315134e-02
-1.612970093647910635e-02
-4.430339772890631855e-02
-5.367763677978966592e-03
-5.850416021158384716e-02
-2.948201911561870725e-02
-3.177117846260055917e-02
-4.176155890053811354e-02
-1.165608070568311359e-02
-8.178211984289868175e-02
-5.602077939802898449e-02
-6.700285795927254928e-02
3.810675910336731170e-02
-1.004180393114784998e-02
-7.786011678297266592e-02
-3.732563525523748676e-02
-1.844954831984774862e-02
-3.897770656077858328e-03
9.345747590521002275e-04
-4.143972451340417751e-02
-5.443941481969942486e-02
7.248092958469720681e-01
7.363525572709859676e-03
-8.967202404134287652e-02
-3.807491321696021558e-02
-1.764739846834655068e-02
3.317427222723994817e-01
9.550152629265817872e-01
1.169892316150755507e+00
6.070500769559721704e-02
1.394448929436257201e+00
-7.658169343454859779e-02
-6.680217087450025792e-02
-3.307592375963475106e-02
7.810873017286548148e-01
5.104717470016714165e-01
-6.456663497048507894e-02
-1.589276835330443588e-02
-4.574774139654443766e-02
3.698138575255832672e-02
1.543589381278681838e+00
1.226567161362178249e+00
1.356579178928266183e+00
1.076153291144941626e+00
9.564812314063487753e-01
2.600177974178528861e-02
5.873426535647524593e-02
1.778127376086538203e-01
-5.985442153471621368e-02
2.378401079994189038e-01
5.883813896806504573e-01
-1.530984417218630295e-03
-1.549788805770915649e-02
1.102475987766848853e+00
1.006724349369086946e+00
3.466199626637261194e-02
-1.470763844807046750e-01
-2.255381320664390232e-02
-1.068662558239947581e-02
4.090930148761608154e-02
-4.102864706617152801e-02
1.931253629069036581e-02
-4.268734869547172878e-02
4.265683399310463836e-02
1.375640120800669108e-01
5.853612378329964153e-04
-1.517299850800128691e-02
2.130269298841366843e-02
4.202833038628890627e-02
-3.540579555889285246e-02
-2.321563115535869859e-02
2.570942445149895228e-01
2.583001948729937713e-01
-2.302899713991498482e-02
2.953168399543697545e-02
-7.841301277389582658e-02
1.241078557323230386e-01
9.548723657143312615e-02
1.953863621389742844e-01
1.839559022287641232e-01
5.560554542837824188e-02
5.182415446750803130e-03
7.541154043332419510e-02
1.546723773501917920e-01
3.213368352286819496e-01
9.886669974512776737e-02
-1.173864602202667751e-01
-5.950090083189941981e-02
2.551964673754176793e-01
2.310282019925085639e-01
1.034876792248675237e+00
2.017436087302454106e-01
-4.212669867205366681e-02
2.252629283005200961e-02
-1.108746928841584239e-01
7.666611033458356570e-04
-3.029647292721559387e-02
1.539457976101314858e-02
1.954925791110669053e-01
1.533364858204631573e-02
2.887116405501687355e-01
-1.116453944387945790e-01
3.470530095894727163e-01
3.223092143908780072e-01
-1.298253819175140648e-02
-1.984689985462035136e-02
-7.202028402514329408e-02
1.268752989918942586e-01
4.623557282545091157e-02
8.420229004715792942e-02
3.229090182552530330e-01
2.714522478207018197e-01
5.609635245300889639e-02
-8.537510399010769802e-02
1.577966894189295199e-01
-1.056456676088267550e-02
1.107466850712928719e-01
1.321579742765944740e-02
1.485901345071791724e-01
4.154369107196471678e-01
-4.504401955922626016e-02
-4.712087381553543841e-02
-3.591031560339309758e-02
6.980005241185636145e-01
1.602111592255949235e+00
9.019813656855817791e-03
1.803912754214023473e-01
5.917528839165924620e-02
2.012713240600211284e-02
2.038260977729024481e-01
1.978362822123981221e-02
-1.728832240441907989e-02
-1.078986287669500416e-01
1.517087607835229945e-01
-3.701909138633886071e-02
1.218711294740378037e-01
3.952248243412471301e-02
9.506010735927084010e-02
-5.308715580517030935e-02
5.472991250241493466e-01
6.452530758397035937e-01
5.258494261735210396e-01
5.495703530803265346e-01
-7.119837242478710415e-02
-1.003471497670463536e-01
-9.386064794071724560e-02
3.839402451414227618e-02
8.013781743064597729e-02
8.612244242742256306e-02
2.812327739414419159e-02
7.186361471139030184e-04
1.705529833075599550e-02
1.337540473697661214e-01
1.292254976541436784e-01
2.374934006219122373e-01
-2.080481386573665784e-02
2.128625686574681965e-03
1.806122877108986557e-01
-1.765722820509415744e-02
1.572657147390751353e-01
2.783072854657472339e-01
1.309434921027102516e-01
-6.855921682239028703e-02
-2.174457965920771965e-02
-6.214500506648669431e-02
9.840335135834406277e-02
-2.572793577123145062e-02
-3.334087959758557252e-03
1.923581343301874191e-01
2.147199154496279849e-01
1.947675813980581649e-02
4.929326459809729027e-02
4.470995367404495546e-01
2.065619033365825516e-02
-7.835933066083199117e-02
3.154697505737774632e-02
-8.048257657830400202e-02
-5.941539821278015582e-02
1.697855034753544823e-01
-1.430190320794044560e-02
-3.533899386852961538e-02
5.238584544606975091e-03
-2.615427535475134402e-02
6.391199613649017897e-01
1.589454495336284634e-01
1.398104223619434372e-01
-1.200659727591116693e-01
2.001409861362710985e-01
3.155990776617290106e-01
7.970165489035870021e-02
-1.103433304123833947e-01
-1.015849773464665325e-02
-1.783465326765960521e-02
3.010442649137804946e-02
-9.803349733792850185e-02
6.285926063102547983e-04
-7.424948848418627678e-03
1.446564077451459318e-01
3.713292001934542785e-03
-2.669829209622406885e-02
-3.448711153129980361e-02
-7.866811839477352852e-02
-1.056871762281124949e-01
1.462169543240426361e-01
2.185161185087971247e-01
5.845796456776827799e-02
4.653215716242073419e-01
7.068936985483233182e-02
3.289058556822324619e-02
1.048207631673502949e+00
3.701443642357281627e-01
6.003625162693915218e-02
4.231922922860333891e-01
-5.744298801288292428e-02
-2.322944070034570554e-02
9.824521116481452210e-02
7.958036320238688621e-02
-3.397829966715411321e-02
4.068426283528201771e-03
-6.048930418015886767e-02
9.700415671851216892e-01
6.258110393032093044e-02
3.286537300358311486e-01
-1.948188973757945114e-02
-1.024609479802007228e-01
4.005859676054971952e-01
-1.163612807911254127e-01
8.272268047953600101e-02
-4.473996022548996226e-02
4.811133449865420187e-04
2.391064118973451891e-01
7.342817151376312967e-02
1.189030219324559504e-02
1.141181328962614261e+00
-8.446947903163223859e-02
2.919103080852355481e-01
-5.166321682348474359e-02
-5.157694542222819589e-02
1.006112630389267126e+00
1.434688087205634177e-01
-5.821211921772265901e-02
1.504765563372683912e-01
2.082681827062618854e-02
1.066761158820958566e-02
1.818021633354391930e-01
1.893004109608239019e-02
-2.094488918271882050e-02
-7.779185584172373935e-02
-7.723356165947334318e-02
-6.201792965339956304e-02
5.442488619522882765e-01
7.435946812015400975e-02
-2.940752029349324656e-02
9.396864261077907121e-02
-6.637946043405237861e-02
8.332905943161257600e-02
1.553300304195309040e-02
5.265573632090560924e-02
7.740522948950899762e-01
-1.535294454887005389e-02
-1.418787211602275111e-02
-7.354376181784757528e-03
-2.983692669372216277e-02
4.583261433255839123e-02
1.392570483632756505e-02
-9.293649714892253388e-02
-6.505713741181393117e-02
3.258779374686314179e-01
-4.398524493608191332e-04
-7.753757150956287758e-02
-1.357835248256455268e-02
1.884488159520714134e-02
-3.917234420521838179e-02
4.262046144947551074e-01
5.662035649893882860e-01
-2.793536426942432038e-02
-4.701605879545473626e-02
-1.130501231540824436e-01
-1.631493388745826334e-02
-8.487736728508676887e-02
-1.748276190900931344e-03
-1.744359091760828290e-02
-3.574077665018117467e-02
1.915626216307414129e-02
5.837276012548429094e-01
5.534351210855165126e-01
2.047867549281826571e-01
1.630172363865430296e-01
2.338138132373958067e-01
1.179070980249872502e-01
5.867885038508413587e-01
6.424372215435947275e-01
2.092277115656676345e-01
-8.813500929761484970e-02
4.728511747774941792e-02
-3.952256012439496480e-02
-1.322652974445539913e-02
1.810921057163117354e-01
-2.610302189840496209e-02
-3.042647577497068281e-02
-9.355490288666748477e-02
-7.446966776397599685e-02
5.613998844146003142e-01
3.341446691498275307e-02
-1.187511794939355020e-01
-4.828661644868131875e-02
5.068065170222325194e-02
-5.551364967936575634e-02
-4.068450675800666660e-02
4.705843765328355244e-01
-2.356533403764187601e-02
-1.670642434854435624e-03
3.895060435922932662e-02
3.645155636250831388e-01
5.634189084774443579e-01
7.953437104578284234e-02
2.745571525060596652e-01
1.042895385369085881e+00
-1.012014140771266557e-01
3.830403184441489878e-03
1.440740601444841229e-01
5.070630840167031882e-03
-6.076130484556201139e-02
1.476404428695785032e-01
-4.174826766092308572e-02
1.447864118102919484e+00
6.498667691027848470e-01
-6.503742917224417108e-02
6.687515364463748890e-02
3.491258780075230939e-01
-1.002126862070155527e-01
-4.314230778263403177e-02
-7.299916515900351129e-03
7.446522404351367530e-02
-1.582255362248945543e-02
-8.072902860219755006e-02
-6.392815051908959378e-02
-1.094452774812718077e-01
-9.260951343442549999e-02
-2.822603777544110612e-02
-8.616125024596126003e-02
-2.408610564057110659e-02
-1.084517089164629966e-01
-2.395870648852298224e-02
6.109424956803158890e-01
-7.407274170689920334e-02
-5.885248521694367435e-02
6.308212167137536297e-02
1.130354968113105457e-01
4.628318935064569262e-01
-2.879384581287008915e-02
2.019998745655675054e-01
3.226967192205653506e-02
2.350613802946325409e-02
9.119924905433846041e-02
-4.812933508528990934e-02
-4.882887966135576741e-03
-4.364482200636716699e-03
2.614663444589686581e-01
1.614241289869131762e-02
-3.226613279540791607e-02
1.399339104573918968e-01
9.828651661761231839e-01
7.582672301032961082e-02
2.249850610848375954e-01
-1.339362527345319860e-02
1.882634556751731358e-01
1.633790893437481739e-01
6.727331813543122041e-02
-1.837974870956102583e-02
-9.779057788022912923e-02
5.112917665679376222e-01
3.623164668086951111e-03
3.107456711652325718e-02
-3.465001406288017657e-03
2.366291100259552971e-02
5.718321711501096749e-02
1.996013293609159162e-03
-2.702116752728048535e-02
-2.918558270176399919e-02
-9.835315911190851967e-02
3.908104941957622480e-01
1.110119238625364296e-01
-1.046280241805432748e-01
2.393523536196253410e-01
-3.549797091113176400e-02
4.955800023116029018e-02
1.256129565935080461e-01
2.711089474851679504e-01
9.984265890262009058e-02
-1.040705723276189182e-01
-5.806887110328561030e-02
1.477248491200176296e-02
-6.416062031502195451e-02
-4.406445544584738222e-02
9.279031030649957656e-02
-3.202995553234319615e-02
6.639646315200171678e-01
-6.880664413198490925e-02
2.417075797001405901e-01
-6.288126562430343403e-03
2.876732934986244716e-01
2.841117089892428726e-01
1.815008451746325316e-02
4.982405917339366441e-02
2.675161888313626335e-01
3.844384165052205232e-02
1.037686184893501923e-01
3.927927144352390265e-02
-1.954836682253755648e-02
-2.640078225423353464e-02
3.607946430857181253e-02
4.512201423398276567e-02
1.625718039260689862e-01
4.737716771565572693e-02
1.210487815918488141e-01
4.695216383971900220e-01
2.442547824376882504e-01
1.447937304651246426e-01
1.023708881298892814e+00
-9.404125540560508145e-02
1.796552581359639467e-02
1.510647618052718133e-01
6.436916772435857803e-02
5.582639235371336106e-01
1.077528180308003902e-01
2.983112181071385094e-01
-5.486752800915798561e-02
2.711376391771527783e-01
6.566451048567512050e-02
-1.310657865643844455e-01
-4.249518793039032405e-02
1.751580229810654477e-01
8.443743003824924487e-02
6.230114141697400826e-02
-3.709514703823932336e-02
1.271072073213388477e-02
1.132532254190321136e-01
1.078637442820386871e+00
5.907324986523635468e-01
4.230385714136109671e-02
4.796827954540802685e-02
-1.026649715012306202e-01
1.603966171468585722e-01
3.784265769686257636e-02
-2.445361898792816624e-02
1.511744262936664529e-01
2.531620218482787468e-02
1.342532650630689495e-01
3.728630785978144235e-01
-7.339116247428142947e-02
1.060006742532012686e-01
1.171940083612996952e+00
9.359054899103090575e-02
6.267881713549150469e-01
1.820272931923999638e-02
-3.017930567672807984e-02
-1.705653642334307302e-02
-4.337843788916266596e-02
3.501871120462075881e-02
2.285655922965487974e-01
2.253558559491293245e-01
3.094785968323589265e-02
3.373234863472992368e-02
5.554045167355022711e-02
-2.338936084529708373e-02
-4.763883496831607112e-02
6.027824635452516677e-02
1.151462290101908509e-01
5.710176129292331842e-02
-3.094545053214892150e-02
-5.146997108633579593e-02
3.058738555983625193e-02
-7.098689823111031805e-02
1.815851886103277413e-01
2.039056117148660141e-01
7.171225778318616184e-01
5.453169194190878866e-01
4.952657418608884254e-02
-6.809603266618784135e-04
2.099157948604648549e-01
5.869831701078231240e-02
-6.148349761926211882e-02
4.414452105189369674e-02
-7.815137139301965574e-03
3.352558916735595695e-01
9.580190102367032445e-02
3.482327333822904120e-03
2.829209610077023859e-02
-7.043992069351281970e-02
8.444790822443358491e-02
4.788829487909184168e-01
4.114460382447733544e-02
3.816745235507656431e-01
2.188446416525700600e-01
-2.628638885924301435e-02
5.061508956236790979e-01
6.287879244713795793e-03
-2.856719108496381249e-02
1.580353949258060109e-01
2.540200470305728139e-02
-6.110917530569022482e-02
1.500609426087767817e-01
-6.385229191191527098e-02
2.084181323358697945e-03
7.532238930263754351e-02
9.436828139795266912e-02
-7.804731800038687550e-02
1.327279286263637059e-01
-4.802518367403965302e-03
1.296171934056025377e+00
-6.252960320676775874e-02
2.127331503400135479e-02
-2.664608096607470455e-03
-2.059123826343916414e-02
1.339961128930646506e-01
1.934029186816064172e-01
2.078181047560800909e-02
1.005432116046129032e+00
-7.257450019218276982e-02
-2.353140135826595203e-02
-3.036772918226151446e-03
1.734815310360366680e-01
-5.198181040293883143e-02
-2.972380937337304810e-02
-4.932329299653053639e-02
1.066146643497899865e-01
-6.130700847020541244e-02
4.084155260741594295e-01
7.963087092615649398e-01
1.115583593231628395e-01
-5.508289813386323119e-03
5.991816485944936183e-02
1.023512627736129915e-01
2.633030022547125024e-02
4.392131194317720755e-02
4.973945224437344992e-01
1.464587570625364710e-01
2.724974961009276053e-01
5.910189388463779059e-01
1.813257162172021431e-01
2.128312368801149046e-01
2.871284337477662540e-01
2.544698708461535369e-02
-3.763944200705228449e-02
6.809752621687266416e-02
-8.056345423884002377e-02
-1.760048637730817628e-02
9.575947555484730644e-01
-5.537339630633655863e-02
-2.879858837441352792e-02
2.096592781616235524e-02
-4.386466612185821456e-02
-6.489379930037086908e-02
1.351063788796590670e-01
-3.702152732543329688e-02
8.949804561402019062e-03
-2.504537889845061954e-02
7.841171072405889175e-01
1.308640574823456137e-01
-1.029658778212656223e-01
1.732557607679759415e-01
-1.528415588218951654e-02
1.021012482634978957e-01
1.314216414200848337e-01
-1.448170722938217116e-02
1.800774391175777034e-01
3.705444320779270606e-02
-1.806545879363354035e-02
-2.924714134688984751e-02
3.532263053123527174e-01
1.331183566669537910e-01
7.984664703441228528e-02
3.919245914479634399e-03
8.250909489188897050e-02
-1.418177110674489604e-03
5.227269834953362365e-02
1.127013538084644523e-01
6.419667099282868605e-01
1.781192326079351212e-02
7.083110273954849878e-02
5.037516839566159865e-02
3.341052452009230021e-04
5.426418052916520685e-02
5.177355726186348983e-01
2.944082863002328229e-02
-7.492600199905610769e-02
5.159424719675085452e-02
-6.643000832419415982e-03
1.628644281988776699e-01
1.777360117510637036e-02
1.285798605062507885e-02
-3.718801847910070679e-02
-3.396843685584778616e-02
1.055422520961748906e-01
-9.513627523415564557e-03
-3.799352726903100497e-02
-7.286590872151026133e-02
1.107774753642136067e+00
-3.484322232630455290e-02
8.791063107434396451e-03
1.180624255899584085e+00
1.801782769031027021e-01
-5.612619009559779298e-02
3.658670960042334497e-02
8.028868366048828031e-01
7.678559916223132165e-02
9.250479706359730769e-02
-3.649731324359235113e-02
2.332078688260499910e-02
-1.894668194884254961e-02
3.168558475559103693e-02
2.314534249007980590e-02
-8.779198600074247794e-02
1.047553167131092922e+00
-6.236630585646919106e-02
1.629506713738406054e+00
8.091862860173756888e-02
2.020892730716129237e-01
-7.536815792840281802e-02
1.900363911027717345e-01
5.212936570786741441e-01
1.783265047296236638e-01
1.718582324291708652e-01
3.488375576809497197e-02
4.856290965238458934e-01
1.411783165969117126e-01
-1.367633371376563399e-02
3.913421008345933927e-02
3.743236787167601998e-01
7.792810454779625084e-01
-2.024350865999716836e-02
-6.967357190791726579e-03
-4.646307539221852106e-02
1.289609598871929892e-02
-1.796699284231213778e-02
-2.259556795320088324e-02
2.223531110186659221e-01
2.176671656461699467e-01
1.178246468585658763e-01
-2.119150671773211564e-02
1.795787573875808618e-01
3.762597156006845106e-02
-4.744688124148859105e-03
2.984700483074008148e-01
6.186620172663129802e-01
9.826501841675210069e-02
-6.462040537867276557e-02
-1.071277196715139657e-01
6.046349368010351527e-02
-9.776130421996674646e-02
-5.376466244717367088e-02
4.539284680790215964e-01
-1.292458936669346574e-02
6.879136843224750719e-02
-5.572156779671821186e-02
1.066370887692241087e+00
-2.782385335753844585e-02
1.478989898771666756e+00
9.951892128321693926e-03
6.208803973418132172e-01
1.128131882961932675e+00
5.128355307270425767e-01
8.381684303936948188e-01
1.187036672992775710e+00
8.590952744430700727e-02
4.295689473392757529e-01
2.932723475137597458e-01
2.343323948525068701e-01
5.383632445343362188e-02
-9.788871079549674289e-05
5.979314647231273594e-02
-4.781856915620520676e-02
-9.720596427477889642e-03
1.232861216858426034e-02
3.172296323479602553e-01
-6.343344067962679300e-02
1.234502294033124059e-01
-5.119090607941195054e-02
2.098080352607901711e-01
2.352023116834469837e-02
4.886556260177431048e-03
-4.529663250850293060e-02
1.297737061997959740e-01
1.769713029679445895e-02
6.988943965937854941e-01
-5.048087413301108328e-02
-1.138027329141763980e-02
8.021399281206946508e-02
-2.385541136001808477e-02
3.249953955574958475e-01
7.773005565632176150e-01
5.110168569285424844e-01
4.470505456435511227e-01
-1.281869633579814927e-01
2.872892583080364215e-01
1.333995036328472668e-02
9.660873154306390820e-01
-4.575037956563639957e-02
1.093877313221823661e-01
2.079205347056714212e-02
3.233707227240978799e-03
5.171043122573800721e-01
2.901318532884922252e-02
1.945557609151242831e-02
9.109224528401317633e-02
3.542204573440547732e-01
3.439996747111837005e-02
5.572941005992145813e-01
-1.801301936083811103e-02
4.121251374657471794e-02
6.895488107508544739e-02
4.948002092711860089e-01
-5.396654072335371061e-02
4.705690443983920890e-01
-4.549160906098356077e-02
-1.199450234016252864e-01
3.740523920976008831e-01
7.217464183803801170e-02
-7.689438746919151357e-02
7.171741186323937756e-02
5.079029571730829806e-01
2.256938899701078360e-01
-1.008344591899439958e-02
1.275333968007691943e-01
-7.405282547213959399e-02
9.286498367501738738e-02
-4.286476675819335391e-02
4.561515772211204023e-02
-1.263321290015519648e-02
-1.960557249036273472e-02
-9.245473321762058549e-02
3.809935481378172537e-03
1.615065767064691737e-01
-2.747763765846873707e-02
2.213052904334247284e-01
-2.811338659414932412e-02
-5.445528522375887165e-03
8.612937282441649259e-03
2.310879677510831731e-01
4.993968463483029752e-02
-3.598522316295851842e-02
4.646924573735763953e-02
7.012840262652402651e-03
9.001386666104390644e-01
1.346144373223328097e-02
1.281579232097052490e+00
1.671049761676575984e-01
1.469946492638228297e-01
5.029975762934282141e-02
1.510146148651443365e+00
1.165553183982407592e+00
6.878599456306941917e-01
-7.191799794365570653e-02
1.854742074438835847e-02
3.363384868726466137e-01
-2.793688876336252597e-02
5.280277100398621526e-01
-7.476113462936553877e-02
6.079910237862326539e-02
1.137430046099318914e-01
1.642219646599231697e-01
-5.601791010055746922e-02
-6.126360866599302180e-02
4.428603228179830292e-02
1.074114025544163908e-01
3.602151191021525367e-01
1.623463581334527450e-01
5.131348319533695079e-01
-5.423110908739781208e-04
-9.213269776433466451e-02
-1.813607611846044035e-02
5.152266229656268237e-01
4.045793578132297896e-01
-1.446481991665701447e-02
9.345142825479103854e-02
4.955807430707919597e-02
9.578925670217970645e-02
-1.636045667340927171e-02
5.027282213784880494e-01
-9.053346540701119605e-03
-2.350148479679527516e-02
-6.417283949270334575e-02
2.265005181976312565e-01
-3.432910208411504849e-02
-5.121816094908870215e-02
3.666005630821327771e-02
2.360724294859561576e-02
-1.016816471304544944e-01
-7.462935867581954597e-03
4.721256845309217409e-01
-1.107029848284240593e-02
-9.235945994450659585e-03
2.035954773197658774e-01
4.393599883390936905e-02
4.071985984090421146e-02
3.828220894978315997e-02
2.360441976777267470e-01
-1.640995857054919072e-01
-5.531667320689005740e-02
-3.365610374946453182e-02
5.310610805120235395e-02
4.488507155777392565e-01
1.838108313793765936e-01
4.724883511841361794e-01
-8.680754796827246100e-02
2.463521111667620056e-02
-1.103461782681594144e-01
-5.835599293598105891e-02
-6.529561775622698405e-02
9.212030072919430435e-02
3.409433487057735024e-02
2.016468701636918159e-01
-1.349854413107136331e-01
-6.908098992329150811e-03
3.197314135287873671e-02
2.347147053310929821e-01
4.036210820198514460e-02
8.705179089038291018e-03
-2.457070439305027165e-02
2.917409885391031854e-01
-5.854033516457901598e-02
1.366964571396680261e+00
8.884619305729898886e-02
3.684204767502932132e-01
-6.769542050467730609e-02
8.022538786393552668e-01
4.096153871793002388e-01
-9.124190205462470726e-02
2.097176524723270638e-02
5.261099045463281387e-02
4.311175209548519516e-01
8.564863942286687903e-02
8.906804238450319322e-02
3.008564914661482348e-02
-3.440901424487482346e-02
5.286528330304268719e-02
-4.659060383470699229e-02
-1.140713052459906146e-01
8.419238696166637947e-02
8.153185376855444089e-01
2.975666445086818657e-01
-2.946894115935583952e-02
-5.419013127038722205e-02
-5.042640528691859358e-02
-3.758449375876455473e-02
-3.908196072678959965e-02
-1.765429294928225548e-02
2.266569847424388384e-01
-5.632987960387971643e-02
4.580239930469418019e-02
-9.070934266995453465e-02
5.556350455453635817e-01
-2.149483447888335744e-02
3.523709009693404975e-02
-1.069872849178551827e-01
2.547404052936062535e-01
2.333993602716060711e-01
8.853090226922213923e-02
2.898917450202685361e-02
-4.969663764273846152e-02
-2.115537505422333125e-02
9.858738889454089771e-02
-3.345746938153058847e-02
-7.930519319953173440e-02
2.060654002394088358e-02
-1.140106486901629884e-02
1.699855318022725492e-01
3.590840226214873088e-01
3.273854846394359114e-02
-7.212361634082287143e-02
1.611268972019080231e-02
3.094699781556513596e-01
3.350094477338495524e-01
4.625951635142121487e-01
4.247145345966457652e-02
2.783110077806529303e-01
-1.411087157016779892e-02
-8.519755117252869603e-02
-3.713255916962324849e-02
5.365502702762326923e-03
2.997236104489986105e-02
8.679911873316888959e-01
1.758639724007343419e-01
3.526734392050310807e-01
-1.109285794952877130e-01
1.196514315639323339e-01
2.764540745071500383e-01
-4.304685453255450989e-02
-1.100406981690895195e-02
-4.934272515967248751e-02
-4.657591070768095365e-02
4.234891225238904267e-01
1.118530020302836991e+00
7.605153486429707408e-04
-4.646512452617054117e-02
4.404018097574441404e-01
1.067983828106800481e-01
2.969122831749784752e-01
-4.632690320494255165e-02
-5.055905001940536742e-02
1.831409938058472242e-01
-9.376817411591202578e-02
7.839988760156720859e-01
8.229934386418578107e-01
1.693403969279714816e-01
3.285937957756404071e-01
1.117051806791021340e+00
-1.267951403775813626e-02
1.645657789438239316e-01
-2.036274841459476473e-02
7.944043103885748414e-01
4.474838558243421915e-01
8.336810160130475600e-01
2.458728839523295573e+00
4.508400126087479948e-03
-5.984981413168445619e-02
3.932054233581429997e-02
1.216344698770171207e-01
-5.476273745602084492e-02
3.883223876004324726e-01
7.388810595819695903e-01
1.866648088623514279e-01
-7.119565662738748871e-03
9.570141636914027972e-01
2.861528233315021597e-01
1.073523822055695076e+00
1.188587595149120935e-01
-5.439402411847876068e-02
1.527875137253477678e-01
4.657954739062394184e-02
-1.666778629146937682e-02
-3.151972127924866640e-02
4.185960847471122404e-01
-6.545968155912337827e-04
1.867713767830819771e-01
4.046993330240884756e-02
-5.405793070828294328e-02
7.863731028902902487e-02
6.784455995896694624e-02
-4.135544143665508855e-03
-5.868558303800704146e-02
-3.071691558488033255e-02
1.638458816376067717e-01
1.256323315517687000e-01
4.826352464611157606e-02
4.625409206090092679e-02
1.013752309197901991e-01
-9.142480653541833202e-02
-8.519074411986382600e-02
-7.274153411999392804e-02
2.999923624589240223e-01
-3.299907490444105307e-02
2.081148344988239043e-02
-4.325168520591034238e-02
3.309243000711691862e-01
-9.609049977064783310e-02
3.328986715959109111e-01
-2.619306490560477721e-02
4.776743488761358430e-02
-1.169968258358039942e-01
2.166612921233311007e-01
3.910887306890625803e-02
-7.022443435520978050e-02
1.863617246379287995e-01
3.117879961479626261e-02
3.302137807137202619e-01
1.558276223268093119e+00
1.383502868361272009e+00
-2.488770236179922019e-02
9.737946249170532642e-01
-5.594659614662605973e-02
1.026491835076785986e-01
-7.594549596535854485e-02
1.914395259105678981e-01
1.178403060279215459e-01
-7.909034011923223029e-02
1.942434873996188305e-01
-4.699497049570378754e-02
-1.108459654290066126e-01
6.175123398092995444e-03
7.617887568827181877e-01
1.295519176682395912e-01
6.602353709854137664e-02
4.875477255615959932e-02
2.177314855136425198e-02
-1.050301116582516014e-01
-1.012678536852056194e-01
-6.285005609329370746e-02
6.381022672920380091e-03
-6.381775337417350258e-02
-4.059951419149274154e-02
-2.590225035599911380e-02
6.419176266503887063e-02
2.404618142596184061e-01
-1.514348331002798691e-02
2.510195485879662125e-01
2.421839259552775389e-02
1.515092098296970217e-02
4.975889351536216809e-02
2.011395988425663361e+00
2.352994074802841618e-02
-8.172628355535954681e-02
6.390634620629195850e-02
-2.858245500294071678e-02
2.834807328486719791e-01
2.654779562095196388e-01
-5.259343929959221092e-02
4.593272130148905869e-02
-5.127913705137429612e-02
-7.498360743143714369e-02
2.818625316694838845e-01
6.789848581348950640e-02
8.878394777824616391e-01
5.763111960011080281e-02
3.489652636795663732e-01
2.374996377407368742e-01
-3.305596914281205834e-02
5.846340069164791126e-02
-4.855968835201607270e-02
2.261597187270428244e-01
2.485023163726549078e-01
7.158459550468694588e-02
2.899680583933942485e-02
-2.675785281351354336e-02
6.240334744589195459e-01
5.236892304731936010e-01
1.817112145051449565e-02
-3.631558438150880169e-02
3.887737221680424571e-01
-3.619587019384816473e-02
-4.073911605100093147e-02
2.208744098775893006e-01
-5.753781517475061585e-02
-6.144113329967504367e-02
2.021042778221203151e-01
9.373135344353643317e-02
1.787176757308714115e-01
9.352447240553023525e-03
1.111722955009449357e-02
-7.909514963472359661e-02
5.493301793449660575e-02
-6.488040587706229989e-02
4.318073225511760982e-01
-4.065595720592587309e-02
6.195049316428172942e-02
1.356926787532578005e-01
-1.561088977748428634e-03
1.533823900478072932e-01
2.993334523243438433e-02
-4.354070757135777847e-02
-1.226673488548550052e-02
1.222918012840945763e-02
8.162058799598213843e-02
-3.437077938902542013e-02
3.375513895106065088e-02
7.085867244210952709e-02
-9.879431804024582653e-02
-1.372905333767369604e-02
2.025504798943434659e-01
4.776205878339370714e-02
6.020535013595080392e-02
-3.510144829307360742e-02
3.897713868610620108e-02
1.257744435280312989e-01
-3.320108480072726104e-02
-3.126477506186590288e-02
-2.312953264682745050e-02
6.720042868194676666e-01
1.889047400970047530e-01
3.981188650862225314e-02
-6.917784274480578630e-03
-3.874118726263453636e-03
1.370265792457227814e-02
-3.137972913889054694e-02
5.153065096492270847e-01
-3.398446062919609212e-02
5.149963819901198780e-02
4.373888781059458442e-01
-5.754018564609442166e-02
7.790388726132365660e-01
2.346143946202855490e-01
7.701809216263324487e-01
-2.243790745819993979e-02
3.722942824518565841e-01
-9.765021433240457863e-03
1.831873391748644123e-02
4.296887318579417636e-02
-7.124134915759268438e-02
-5.951124442182282454e-03
4.538987274695528706e-02
1.198485490467478681e-01
1.309063826794787166e+00
6.187209573831082415e-02
-9.743522529822504566e-03
4.548755061721754256e-01
3.379458785733698845e-01
-6.353576517004264589e-03
2.562882682471429724e-02
-5.756040027680845578e-02
2.397748235766576641e-02
4.859918877246312274e-02
6.252344203064774675e-01
3.758918695572570079e-01
9.454385597253453510e-02
7.895503944118092629e-03
1.960511909703101241e-01
-4.077772240350834021e-02
3.050739233959496310e-01
1.935443704426426381e-01
7.912659961000095832e-02
-1.849611491103895708e-02
-4.248090460870909690e-02
2.175130604777539833e-01
5.005740360535179123e-01
1.140217277396026879e-01
5.611641286751738456e-01
1.007643957518704614e+00
1.775349151372712653e-01
-2.112434078266478554e-02
3.186535894094131849e-01
2.713648939656415071e-01
1.354875230531585040e-01
2.264737810087190037e-02
-1.236125635143995177e-01
3.055424067661119056e-02
-3.051636638697898668e-02
6.908894758441834760e-01
3.282533531599830801e-02
2.342154928897220711e-01
-5.431873419847720041e-02
3.204169153758292810e-01
4.881061076910062635e-01
7.690749081217931882e-02
1.779599302754852896e-02
-7.095024735948686490e-02
-4.554970291854642389e-02
1.025355305585608050e-02
-8.608098054337040561e-02
1.037331900561565962e-02
-4.663276112414310726e-02
3.288356079788149477e-01
5.020724656709957961e-03
1.192908473517796941e-01
-5.794460016832926608e-02
-6.106185932860201671e-02
-2.536613022207142784e-02
-9.225813627110232562e-02
-5.170088325308198202e-02
-9.686718485231006481e-02
1.688689284197089635e-01
-1.044800755241539203e-01
2.105785236750977105e-02
-1.759073033150998847e-02
1.671583808627138401e-01
-5.361653872676952481e-02
-1.496483166596751339e-02
8.308678082073400750e-02
1.985817429014635413e-03
-2.220027717997107367e-02
-1.255275776626774836e-02
-3.426073697718071825e-02
3.243270446043999833e-01
-4.726832014662882275e-02
-3.241091368621175361e-02
-1.224529373245776404e-01
-7.842955397134848683e-02
4.028901302632813958e-02
-3.796369881813560498e-02
2.342476484530759892e-02
-9.434340807728786027e-03
1.894022365767881189e-01
8.036051128391159468e-03
-3.473939274667286331e-02
-7.242834207384631073e-02
-8.187246214188953486e-03
7.898137995275500423e-03
2.941369803532739580e-02
8.498976320396467443e-02
3.591611070777071535e-01
-3.147228701958983133e-02
2.728636490255216818e-01
7.869655792128048555e-01
2.410169452524874578e-01
1.348772999067126936e-02
1.103541191109182362e+00
1.150959003358013488e+00
1.467181125581409722e-02
-4.656261414043130764e-02
3.521515647113598324e-01
5.554810031983848928e-01
2.560518742172112061e-01
1.289907677928875118e-01
-8.277670923106292267e-02
3.360233443789867325e-01
1.755844721087596871e-01
3.935207173713234363e-01
1.267519240715972162e-01
-4.649898199784528036e-02
9.213888855284242396e-01
5.979533624110251466e-01
-9.095449502838892641e-02
-2.482164188470021085e-02
1.776385094834443956e-01
2.780746315334445620e-02
-1.079908451480882797e-01
-5.301053197450722454e-02
-6.290530960540911820e-02
6.296091617072029079e-02
1.272006371036561445e-01
-1.042049455217803344e-01
1.171610109934571008e-02
1.991931999459687908e-01
6.201378590443723526e-01
-5.983382036021307228e-04
-8.878572103144093466e-03
4.177789308878632757e-01
-8.708036885275310945e-02
-4.811261595917342565e-02
-9.939300078430929331e-02
-2.443268529162647470e-03
9.668755678648370544e-02
-7.907455237599568532e-02
-1.301176634213135550e-02
-6.028884790071967897e-03
-2.009386940955816200e-02
-6.764592066896636668e-02
3.677970814135693711e-01
-8.827405616945953716e-04
-1.338379991414863183e-02
4.998518049134170749e-02
3.734129806474115743e-01
-6.063035672325861603e-02
-7.880971411919447667e-02
-4.482728142792277021e-02
4.491654826705152037e-01
1.062975807528096367e-01
-4.252635185076873714e-02
2.930957458107467106e-01
6.523845340851887054e-01
-7.105740492911481743e-02
-2.368371744328931841e-02
1.344180824986100919e-01
3.366045817656688338e-02
3.943709968712456049e-01
2.702436506651822654e-02
-2.810191783840797208e-02
2.603896997177405936e-04
-2.853113732851458861e-02
-4.881261475295273905e-02
-5.991112818793605660e-02
-5.916238339339710550e-02
-2.903124901873869318e-02
9.471687834974358566e-02
-7.695423232638204381e-02
-1.929322787354503452e-02
-4.529277485639926493e-02
-1.350929392498393007e-03
6.271276771190293919e-01
2.088857194097529929e-02
1.413898339508064539e-01
-6.005806918630883506e-02
1.151116069217704568e-01
-7.199029139354190532e-02
-8.167099738893536520e-02
5.074455638323759066e-02
-3.937204904668009653e-02
3.943695186170557143e-01
8.543793391050485964e-01
-3.931351927208601160e-02
-4.854941646966029478e-02
-2.884164746991694020e-02
-1.200914871373691926e-02
1.170554898330834065e-01
-8.920726921379293350e-02
-5.774804043917388524e-02
1.093709940274930764e-01
-1.241558862071260594e-01
6.410218597500236259e-02
5.898901146375771370e-02
-1.862851250452889629e-01
2.265994439660117682e-03
-1.383591173734122388e-02
1.345945750243203454e-02
-2.962620255885360307e-02
-4.100810346245292032e-02
1.735772146195330434e-01
-1.696009129624475101e-02
1.881436852943845633e-02
-9.702926289153186376e-03
-5.347975878891664259e-02
5.994887769455400361e-01
3.877429194193929285e-02
-6.374036153003492799e-02
-3.786493528846662099e-02
7.964359026164374855e-02
-1.119797986257784900e-01
3.803121402935761841e-01
-6.061561589402195485e-03
-4.074513794392180255e-02
1.176426435727527586e+00
-3.096956181696725041e-02
-4.278115849733079429e-02
-4.485181422899511827e-03
-2.452784315304791345e-03
-2.634611172397995776e-02
4.198495409981797821e-01
-1.160045638223350384e-01
-9.263098977290981639e-02
1.368583256540640281e-01
5.430167816048876717e-02
2.305239546084352983e-02
-7.653880826578461638e-02
2.233040566097429513e-01
4.225084195329060349e-02
8.846394056323378385e-02
-1.682855528282494600e-02
-3.370285783504219090e-02
-5.298971212021490185e-02
1.698375925877415038e-01
1.481384777094302274e-01
6.501137962365488576e-01
-8.714318212509902795e-02
5.147476166204625891e-02
4.023276852854445335e-02
-3.305411663125797789e-02
-2.021136028105833746e-02
6.633689814653627170e-01
3.148533087259199059e-02
-4.017747590695035925e-02
-4.674402695478074160e-02
2.738418734332462856e-01
-3.166020000476127416e-02
5.761488757043809958e-03
-5.388928235329729782e-02
-4.655807384680261257e-02
1.339168992937463457e-02
-1.467134351719556404e-02
-7.108383893258174435e-02
2.372654490578589292e-01
-8.551573826603263428e-02
4.479134202464807313e-01
2.442617710099714845e-02
-1.025651949202316809e-01
2.120607963637049231e-01
-2.111334558608334716e-02
-8.671636903887376333e-03
-5.375140417695188633e-02
7.725898911645738554e-02
1.023561866536642384e+00
1.950193955892796926e-02
3.842543312253992038e-01
1.021889975033821590e-01
-3.682538752888454142e-02
-1.825092797489434463e-03
5.465919009379548443e-01
-1.805457979143941169e-02
1.421698845376542508e-01
6.440386977358797393e-01
-4.715182653694493381e-02
5.283800212124458717e-01
2.912129279609765864e-01
6.850800466169741920e-01
4.981751291986625807e-01
-5.991881736564039045e-03
1.472946818366080157e-01
1.364848890616311983e-01
8.081241263310673384e-02
-5.419293178998375871e-02
8.058171816633589168e-01
-4.416365908244208188e-02
1.267787391488221782e-01
-3.096212095998128466e-02
1.825590422311367672e-02
4.898864963019782144e-03
-1.117940133562453225e-01
-1.171853962059568599e-01
7.598822441517649739e-02
5.699565699327729940e-02
4.612912179786285427e-01
-5.912477055563505890e-02
-1.208148310912874127e-02
5.518417603156888437e-03
9.409965126845519501e-02
-7.682841160662738644e-02
-6.131576778778635023e-02
7.526064201562679412e-02
2.055707279646688812e-02
1.163777812467262779e-01
-3.051517002514677820e-03
9.275285824550186242e-02
2.577924008268437372e-01
8.005780913380643460e-01
5.937775403020713050e-01
5.152732736822274173e-01
7.309646789575549586e-02
3.066209897577521978e-02
-5.431816141416669942e-03
1.242538044131856201e-01
-8.670434722832962016e-02
-2.625908119725824455e-02
2.431697606649133730e-02
4.750087305582314373e-02
-3.333423788085128261e-03
5.985695805166746722e-03
-2.195744587941337797e-02
3.165614207577263639e-02
1.285791067315132097e-01
3.758882561375601755e-02
1.190405170549033165e-01
7.074760843288110945e-02
1.602516435465270339e+00
-1.900489896205978524e-02
4.260177222956457177e-02
-2.689362806480683973e-02
1.142349781112518836e-01
-3.876342213012430593e-02
-4.577093063810398765e-02
3.127876611946345808e-01
2.237920192984189094e-01
-6.667243343026349467e-02
-4.553351168166721447e-02
-2.902452889902161319e-03
-4.889928266993875949e-02
-1.406631708473102781e-02
-4.191271995130756850e-02
-1.124014126591860313e-01
6.473352686851703564e-02
1.484974696210900336e-01
1.155029254134340544e+00
3.858971451489936477e-01
7.045131083471309896e-01
2.962415457837874744e-01
-3.529833031054564751e-03
-1.531861787811132115e-02
8.730549625500102010e-03
-2.108343033810240394e-02
1.232842748514583614e-02
-5.163215772059628200e-02
2.580962596373468851e-02
8.175992252289253359e-02
1.278070684560368986e-01
5.607578190680134744e-02
-2.800644841050979952e-02
-6.560881330249203336e-02
-5.627390034020846726e-02
2.373583614488643523e-01
-9.667420901679421585e-03
3.781419225320969968e-02
-9.271441988347052521e-02
2.645000328179830662e-01
-2.767348210534466627e-02
6.281213242979826264e-03
-3.699001724635674060e-02
3.033509176758318326e-01
2.508021978103834940e-02
-8.674233788428291347e-02
-8.933173722661939820e-03
-1.361385315100677729e-01
-5.480345974279667715e-02
1.612957226217746898e-01
3.293627222182194947e-01
1.961779114697841941e-01
1.311752290030236689e-01
-6.988890996626272167e-02
-3.163816839277554249e-02
-8.960140389806305061e-02
3.033412363770678424e-02
1.673516145517423004e-02
1.206247923168125791e+00
4.099247564499590712e-01
7.514197912712572425e-01
1.931562653131026208e-01
2.877129275023693200e-01
9.889766746823003274e-01
-4.499391027774515134e-02
3.936271785801894185e-01
1.133155114163981710e-03
4.188832159449900061e-01
-2.011635440392501792e-02
1.832726268223990596e-01
8.478433698122707363e-02
8.632499791440743919e-02
3.016218032941776483e-01
1.494881917038171970e+00
4.864497457091320753e-01
8.442516937984833048e-01
-2.139382866766482982e-02
6.013852464508251394e-01
-1.547327113033650503e-01
5.502730669284414816e-02
-9.476393905526497852e-02
1.950860264096827279e-01
-1.015495774939250972e-01
-4.979109719307309168e-02
-7.461127862786956499e-02
-7.502406016275367517e-02
-4.610883019977626840e-02
-5.202408511568539645e-02
1.033685000022063066e-01
-2.642779111203319496e-04
2.062169846184152278e-01
1.522070869287961078e-02
7.904807260271656810e-02
-4.613293286800894746e-03
7.649551577926282445e-03
7.797411204954930730e-02
3.372513422031801489e-01
7.897974350103345934e-03
-2.880437236299134354e-02
4.614614298616410287e-02
1.090547953011017784e-01
-5.781069386104724237e-05
-4.458341908933838998e-02
4.152176363501266371e-02
-4.670056186734518333e-02
-1.017921506308643552e-02
-3.255332036403843499e-02
7.117353765094536211e-02
-3.627315769213419056e-02
1.433735327886477284e-01
-4.928157980244643466e-02
-4.475048475358468433e-03
-3.843843206220157269e-03
3.398080887472295641e-01
1.846916129876306420e-03
1.136273841440070126e-01
5.603255998928424741e-01
3.835138002955963410e-01
2.277188764680372346e-01
3.304421870032836495e-02
-1.738337970302882051e-03
1.008028530021216174e+00
3.695670263221904894e-02
9.350726437654104106e-02
1.687037817904680354e-02
-1.270711172403311551e-01
-5.878326412163029091e-02
-5.079964238453085756e-02
6.722321512357772033e-02
4.177585041977405211e-01
1.990831214923355907e-01
1.914981301562272975e-01
1.563670931312531043e-01
1.438161987268151421e-01
-7.727294046083345476e-03
9.793274594922360410e-02
6.908258577386115762e-02
-4.930459327755399093e-03
2.015116067457587701e-01
1.900702626310215443e-02
1.913366724962100099e-02
-5.803360751997061612e-02
1.906616719744156641e-01
1.299367282448471994e-01
1.314807529590967736e-02
4.551471200628116054e-01
7.215533084364657290e-03
7.935692745915449153e-01
5.559768723890859965e-01
1.129060898985848743e-02
-2.238503873889983314e-02
7.399216280486056729e-02
1.891456086549699045e-01
-4.990190812318560237e-02
1.066737600458779189e-01
-5.028487485173398219e-02
3.690692040543525759e-03
1.146542396441169842e+00
5.109587739061273448e-02
-1.428304740049523604e-02
3.838704309294364153e-02
4.922083882595773563e-02
-1.498681744303597720e-02
1.461340317868118077e-01
3.403069823577238306e-01
1.267533748035451768e-01
-6.505449958083274475e-02
5.192876352889359837e-02
1.968033830616673641e-01
-6.887083924156496562e-02
2.927179127376216151e-03
1.199204402821003740e-01
-9.289631310117958674e-03
3.150540604114225318e-01
2.054741039734288843e-01
3.848031686738886958e-01
-7.607949058013532828e-02
1.481774546514688373e-01
1.292641780963659504e-01
1.867439361173928863e-02
9.056884388005381759e-01
7.864892832392759991e-02
-8.005427214850584228e-03
-4.031979009839851968e-02
7.257880686414978910e-02
-5.113679938242445683e-02
5.850082593380733637e-02
-1.300129991982703660e-02
2.147944925869441912e-01
-2.430148032739011879e-02
1.934110974235634826e-03
2.347197195677845627e-02
-3.427464138630072904e-02
3.048113993320166193e-01
5.697485525283622065e-01
5.075221621372910663e-02
2.327691269587554290e-01
2.415351922610413649e-01
-4.183844610366104638e-02
3.624406182859145620e-01
4.292716842827050683e-01
8.784223620718768777e-02
3.790534851470278577e-02
-4.981115306892466843e-02
8.535314162257012782e-02
6.996484518276594455e-01
-4.297083275472899852e-03
-8.833618854612382276e-02
1.847063100291933269e-02
-6.995589546753062937e-02
-9.218185509172288628e-02
7.837628990629573467e-02
-8.079935645561264757e-02
5.138063719628728210e-01
-2.696632244794899477e-02
2.175386808886560844e-02
7.195896175297020192e-02
-1.201773225632443431e-01
1.161351199080694202e-01
1.177867885284163557e-01
4.152515620665720997e-01
-1.520714686619264143e-02
7.626405242960305753e-01
3.862628872430813876e-01
8.162119485189781379e-03
4.829310257338325502e-02
5.714695912176156467e-01
6.857577645369574704e-01
-5.703170011873850281e-02
5.751520301086529008e-01
-8.743928555645438805e-02
-3.539044743877176047e-02
2.603607341592412833e-02
7.730478902691551024e-01
8.476647256934502495e-02
3.806976061635559128e-01
-3.118825612704509507e-03
-2.035738031796741621e-01
4.463141204090079889e-02
3.283482596790721769e-02
1.097371017277441740e-01
2.927148243398918215e-01
-1.853647290974995074e-02
9.923338765318553967e-02
1.038101966488375050e+00
4.475281327928833375e-01
-2.062893081736490858e-02
5.621707334968012448e-01
6.362837413798792807e-02
5.205214222568396165e-01
-2.581612384990831371e-02
-9.598075213827876595e-02
-7.304948956961839109e-03
-7.600704063751002881e-02
-7.134902179108533471e-02
1.782958529725776897e-01
6.271486720334961545e-03
4.761631928911591038e-01
7.855120215294775221e-02
5.176828537737807601e-01
-1.824664682904453966e-02
1.516031425161852705e-03
1.716813667482186469e-03
5.595854993807573008e-01
7.817600258335426211e-02
1.630642468478653573e-01
6.828385023214950111e-02
7.085817421354499712e-02
2.999641799392176456e-01
-1.381279670211411556e-02
1.584608605127958980e-01
-1.664283518903036593e-02
-4.785091006318600848e-02
3.643726040897113383e-01
2.374325813266308857e-02
1.114034589992604456e-02
1.373914016337068333e-01
1.577128316871442004e-01
-9.530705476154663000e-03
1.513314581488142511e-02
-4.009559917284926528e-02
1.296776095468569687e-02
1.353585189025517492e-02
3.185936628913034752e-01
-3.647010099370581043e-02
-8.569340749748111108e-02
-5.139778162104483711e-02
5.716239877314458484e-01
1.812032063945547555e-01
-5.199789932201209774e-02
9.455331669675353101e-01
-3.893762033939469902e-02
-6.120793534018374726e-02
5.600313222540566072e-01
2.925436785873116174e-01
9.793726757652207460e-02
9.160843428808786160e-02
1.303911774146389313e-01
5.606363543272614436e-01
2.026461444275878127e-02
9.205882427086092834e-02
2.453314366085953824e-01
-1.073704387138800509e-02
2.476374526890888772e-01
5.704204382210108226e-02
1.432761288349661613e-02
1.392259476528892419e-02
-1.681271246549579821e-03
-2.342230414509305358e-02
-2.197090655482512173e-02
4.960144596582251320e-02
-2.694940290013497081e-02
3.522819986092436129e-02
7.605949999117332661e-02
-7.512715533074561247e-02
4.084460496674532926e-01
2.185161565915663406e-01
2.382458551940357938e-01
1.740075156915943666e-01
-4.585011056243707556e-02
-1.469458187630197886e-02
-1.062157106172895576e-01
3.887332476351679222e-01
-2.190864499517703942e-02
4.463596018178248720e-02
-1.687187080535888783e-02
1.528082852463951424e-01
1.784495772399132679e-02
1.046476184880420907e-01
2.246429492463581507e-02
-4.941274910886853805e-02
-4.239735098601606078e-02
-3.576749888521225246e-02
-5.111261100617710967e-02
3.698894546894102020e-02
2.015347729949054298e-02
-1.747220655016160085e-02
-6.098165391173556577e-02
9.288165448228506704e-02
4.071171964750066041e-01
-1.260918637493375905e-01
-1.059912390795073323e-01
9.619662499690286028e-02
-3.296822232567495070e-02
5.333299598140699843e-02
7.705532442133122828e-02
3.395461714636954786e-01
-4.159210189245234057e-02
4.594732675388729648e-01
-6.856658605692449171e-02
4.330027986487142710e-01
1.821174849117139782e-01
1.550584772623271879e-01
-6.846757797538831347e-02
5.489061247412886368e-01
-1.568000950148849479e-02
-8.649477203050588703e-02
4.544098531588756928e-02
2.742863518959583469e-01
-2.613565608410756830e-02
4.145729778982311722e-03
5.773951911883640903e-02
1.400661134057274715e-01
5.419232690374532063e-02
1.049699428933589473e+00
-3.665807243953959904e-02
3.403644900380919380e-01
2.822103179925230521e-01
-3.802645604150296527e-03
2.071232651400703728e-01
7.309619970750785845e-02
6.207209516446650192e-03
-4.329588069528710059e-02
-5.101432227616772147e-02
-2.527317015437259562e-02
-5.464000883764794959e-03
-4.130286929497069270e-02
-3.876227217272379226e-03
-7.815472712242686748e-02
-1.861854798326857772e-03
8.694922060196132174e-02
-1.700833232754487070e-02
-3.935718403374353219e-02
-4.722068141202110519e-02
1.667206110078422787e+00
1.083960237692719597e-01
1.823466563573278021e-01
8.974606723508082862e-01
1.746547017273292424e+00
6.566836057981020880e-02
4.904373322478315818e-03
-6.987695732993658149e-02
-3.948289412130640691e-02
-4.149940626906568203e-02
-2.019927608811953115e-02
-3.628687391217108420e-03
-9.398904961749859899e-02
-3.790821315092762420e-03
4.133442483824094071e-01
-2.313178686049441324e-02
1.077598153717664320e-01
1.804711391208047244e+00
-1.024352090964539275e-02
-4.141704752155851016e-03
4.655523491690765625e-01
-4.266332935091025902e-02
-1.184347834041555442e-01
2.963263113414970618e-01
-3.347210779646057205e-02
1.969949364262140942e-02
2.977879513616105145e-01
6.792758197833729250e-01
9.169670177993445581e-02
2.253123088239001592e-01
4.055950948851840265e-01
-6.654095077666104252e-02
-8.872902051495587528e-02
-3.827662304336658383e-02
1.216418820030279901e+00
7.013258704775818808e-01
-5.319237125232127716e-02
5.616369206626875131e-05
-3.866869325433505700e-02
-6.467745308968199380e-02
-4.072547669881888127e-02
-1.066079172526768759e-01
3.312802285469398367e-01
3.842798574238560638e-01
-2.046280776040310459e-02
-4.846375145826480740e-02
2.696523865125882158e-01
9.839510057179525759e-01
-2.454207170235811128e-02
-1.633113390085052727e-02
4.398034496987953540e-02
-1.286569864183945977e-01
-7.982294262233181892e-02
-8.908631063870844913e-02
-4.434845719727074226e-02
-3.435902312088966182e-02
-3.251958076276449672e-03
-3.291214238008555865e-02
1.191998542957527052e+00
2.295557029132076418e-02
2.768287755927729132e-01
3.788096214774093751e-01
4.236550549145396971e-01
-2.520128167468273575e-02
-1.929772038647440541e-02
1.356945807991101309e-02
6.454813553330022990e-02
3.733910602607359297e-01
2.509365380792537570e-01
-2.385187618542326457e-02
7.430646904229399885e-01
1.013982021472188827e-01
-4.615895075680335330e-02
-1.332342974013246417e-01
-1.146633777088397997e-02
-9.105046338967046071e-02
6.153271214765705655e-02
-5.717083301003549750e-02
-1.478214784283777075e-02
-1.526991838618015074e-01
-1.895108669509876220e-02
-5.690144243190586176e-02
-1.338880253091788985e-01
2.789939950502407645e-02
2.572337391169224330e-01
3.346701092695285595e-01
-4.715888775652073844e-02
2.235881653913032174e-01
2.566949639928763904e-01
6.589298935357472686e-01
1.713068017983177260e-01
-3.356631119839521143e-02
4.549812739505720155e-02
8.573190379004435105e-03
1.769304762977763623e-01
-8.091051238920005453e-03
2.311460642574635418e-02
-2.478309824804735342e-02
2.052762219308512381e-01
-4.731741158219163884e-02
3.765173819692651386e-02
2.754564104423842114e-02
-1.269199195432535454e-01
-1.908427379067513877e-02
-4.442225606885506772e-02
3.119170638489505640e-02
-5.897460158531697000e-02
-5.478732021135828550e-02
3.135313120111685170e-02
1.122295862317184909e-02
-8.323287053869599106e-02
8.191828526402574265e-03
5.715057670167403986e-02
8.722796292468067147e-02
-9.351653876643262892e-03
1.535018165555159138e-02
1.038744249619884784e-02
6.743412597614327009e-04
1.651292231079219408e-01
-4.224690859641631879e-02
-3.002757894567771590e-02
3.059608869734725678e-01
-1.038002891526386418e-01
-2.236588600378860980e-02
3.594215416818481723e-02
-4.650697323305306302e-02
2.292070668021767010e-01
-1.206251677265966077e-01
-1.048491384332411909e-02
-3.774221877219225557e-02
-3.670451834108118955e-02
-1.557442098241568380e-02
7.304390714558935960e-01
9.472180928373583053e-02
2.508283548033597432e-01
-5.044989773592207377e-02
-1.358885491094417863e-01
-4.041101840952872337e-02
3.087506433607017375e-01
-1.752357236561596227e-02
-6.297572463845584056e-02
-1.517428833121683453e-02
-3.761189936393203714e-03
2.644340384899340757e-02
2.527961601367371136e-01
3.557311225594094795e-04
7.979373373870296549e-01
9.964867044628535064e-02
4.632348754643862004e-02
3.478889152901051274e-01
3.362519510187299970e-02
-1.695692886366521046e-01
-7.168815572899789323e-02
2.075541187301351842e-01
7.091130074626619817e-02
7.544746903576210473e-01
4.224573702765100358e-01
1.409185984968746863e-01
5.015260675385771298e-03
8.231747852073281191e-01
5.237609815183963402e-02
2.367050730763632926e-01
1.117712630703195265e+00
1.241164734635330502e+00
1.381248309874965885e-01
-8.305069463530501128e-02
3.025664411331988046e-01
-1.431921397710085586e-02
9.901632957952510861e-02
-5.522157799679330847e-02
1.463753078080109182e-01
-5.889782440407368216e-03
-5.732334388392470309e-02
-2.779196561612256450e-02
3.227530333412845231e-01
-3.639131739115348402e-02
1.787222597497672635e-02
6.180825513820203954e-02
6.022821506779231504e-02
9.575283929465995547e-02
8.074689575780415185e-02
1.901751099491457223e-02
-3.337403262861518560e-02
2.564495555683791728e-01
3.260774523659429758e-03
-1.069888150061228532e-01
-3.764411934252370057e-02
2.240459017922529633e-02
7.622843802736799235e-02
3.033459123782246136e-01
-8.713260414330167847e-02
6.112783783653216174e-01
5.298072428110994769e-02
1.244395318302641967e-01
-2.990501511902780504e-02
6.763953367453093835e-01
-1.220295121560732998e-01
-5.576961914554395133e-02
1.236853697210758690e-01
-5.068422266642388235e-02
-4.189593320068119020e-02
9.963836182375113149e-02
-1.805968083936754232e-02
7.978940413437683732e-02
1.322031922302099038e-01
6.996474719850448443e-01
3.238153276338703312e-01
1.472165224560504672e-02
-5.547133681800479887e-02
6.124361836750907839e-01
3.503645078222251130e-01
4.008556682060782778e-02
-4.382832642335000167e-02
1.408793759896932729e-02
1.565304807726059649e-02
4.556388051267450980e-03
6.059210883855017382e-01
-2.202347697457667300e-02
-7.110188016697001345e-02
-1.700062189871697285e-02
5.667945550663981980e-01
5.768422433533912375e-02
-1.678043888367001801e-01
-5.715085240423278118e-02
2.961178681473121688e-01
-1.955093058504691478e-02
1.009142181550389594e+00
1.563119076025679677e+00
1.324188432963873119e-01
5.542807111812700915e-01
4.688697906935019866e-01
3.974444687438397072e-01
2.717720688989182509e-01
-4.862734898806043288e-02
