-6.770958238376792448e-02
3.556046863129698199e-01
3.984734551634484118e-02
6.878176754053093311e-02
1.344211067769879586e-01
-4.014691067627462057e-02
-5.975641804531464304e-03
6.559188839930508996e-02
6.586720345888705599e-03
5.633904329743111283e-02
-1.324635143644952440e-01
-1.150454795621185140e-02
9.463730128854751233e-02
-7.642151834540315825e-02
8.472008163143512904e-02
-4.365366482136190385e-02
-3.247675222928635141e-02
2.078124085300319668e-01
3.594297158292327210e-01
5.685240588228385877e-02
1.171290274620695043e-01
3.247919623183424809e-02
-2.306040645037149908e-02
-1.301756175303079299e-01
1.326261682853323298e-01
3.170821207019117183e-01
2.097041920716560814e-01
-5.021939304958066008e-02
1.098217028211352295e-02
-5.212767016123991126e-02
4.277084131899540620e-01
2.335424373363090000e-01
1.320134290432699864e-01
1.067543378133099186e+00
9.269054263531033566e-01
1.037337272125766319e+00
-1.679723751845023372e-02
8.101093811963199220e-01
1.947469112432292648e-01
1.823524624904416525e-01
3.490493500560417073e-01
3.428686431431154369e-01
-2.776223762720642693e-03
8.350938588282696973e-02
-1.825634973690713411e-02
2.874819127069177041e-02
3.565863457999292052e-01
5.775169587540556621e-02
1.331114893399587273e-01
1.345926298185076808e+00
1.247073276431991812e-02
4.914203716981846437e-01
2.793458828221687118e-01
2.307104506176342607e-01
2.269092578814304109e-03
-7.183798486880417500e-02
9.878980991559261904e-01
1.822352632666265071e-01
2.333664556846475058e-01
6.387597083440196277e-01
3.551159640973238218e-01
-7.334074082417672835e-02
2.412753611875551648e-03
-4.250730697872380504e-02
-1.074164353823554713e-01
3.934334544325649441e-01
-5.533398176884520014e-02
1.130245051260743011e-01
1.546327562791406929e-01
3.088516483180444583e-01
-1.201263092733328708e-01
-8.712698655715822582e-02
-3.202340425210083164e-02
-7.309985775643059076e-03
1.237807911024546986e-01
2.102232228043803275e-01
7.683672423972674748e-02
-5.431018947647018452e-02
1.079231526167901377e-02
1.341733273333292065e-01
-5.100320099317814243e-02
-2.136450073145918296e-02
1.217490698757606737e-01
6.526444278889123041e-01
4.722608612926746385e-01
-1.580016449034916601e-02
1.563628874318116480e-01
3.689747178417902007e-01
1.845232028433173299e-01
-7.194506456912942716e-02
6.629113404543376942e-02
1.146030530007313974e-01
1.002425088139004550e-01
-2.373081594683395038e-02
6.581790276289060937e-02
-1.779462923821560974e-02
4.587828411290530151e-02
6.227212259074840078e-02
7.108171084147033025e-02
9.204730602089189473e-02
-8.044948175652094874e-06
1.686794079970738436e-01
-1.379062824241117924e-01
1.206320940448642187e-02
2.155436258954795681e-01
-5.948035768904984949e-02
-5.723245760125317966e-02
1.234925882369618810e-01
-9.233708241241339598e-03
6.544270595213045327e-01
-4.430692289445538334e-02
-3.867617970009720046e-02
-1.323263187424086884e-01
-2.769364163860731087e-02
-7.793368422634781856e-02
9.036111140770111683e-02
3.358055345294312377e-01
3.175827116168105941e-03
-9.626763718238708079e-02
-1.098486109455503457e-01
5.077667078986913135e-02
-5.695444925763783195e-02
3.380509539054107632e-03
-3.572839522351789476e-02
-9.163984877846500371e-03
6.611564655779804400e-02
5.655783598311062699e-01
1.848039041585999853e-01
2.450114308645849615e-01
6.163817327283175329e-01
-8.369230726083101701e-03
3.703406134524314663e-02
4.461135070664883351e-01
3.036474434654043986e-01
-1.010269371567205365e-01
-1.290847135435009389e-02
-5.749165758620806282e-02
8.039349964654829428e-01
-8.719945055603325890e-02
2.223722788891146496e-01
-5.542235260151880810e-02
-8.202860979109512229e-02
4.768897242877048748e-01
-8.571938704136852771e-02
8.221847893928749262e-02
-4.243134165470426045e-02
-7.569908703752910306e-02
2.027578372445599467e-03
-7.266173293498504049e-02
-1.258426472882871912e-02
-2.362272810656921435e-02
1.656566092213293193e-02
-3.158655687360443359e-02
-1.089636705217757739e-01
5.639971419636873734e-02
-3.098467258073375058e-02
-6.179892671704324131e-02
-3.782673374931491000e-02
-2.513144524559366572e-02
8.246965177389681267e-02
1.981632267607571773e-01
-2.077019867088450780e-02
-6.806701291900968398e-02
8.529707107555998258e-01
7.246017649104211644e-01
-2.076088811040244578e-02
7.229336942541890743e-01
1.015738192859376943e+00
1.228248965638963908e+00
1.285582162642275872e+00
1.123697962696205366e+00
7.652671955057868125e-01
-1.152075032114268094e-01
-1.659016005831968552e-02
2.356878856870894823e-02
-3.771278112696450913e-02
7.149177532367255450e-02
7.800354559496892881e-02
4.005167730097478618e-01
5.129344751656735868e-01
-8.466444510445955696e-02
-9.342289383260364566e-02
6.033565718229236818e-01
-5.691440053333864102e-02
4.518402546237957340e-01
9.958072865306852872e-01
7.932565847901223988e-02
7.900034377272743269e-01
3.198081752739855704e-02
6.895727059325686137e-02
6.018982421994049092e-01
1.580462971092133906e-01
6.513697020959864359e-01
3.220168219743653748e-01
1.681227871857431833e+00
-2.583600449364290702e-02
4.079515850287423473e-01
3.236150135141937501e-01
2.077770373440383234e-01
-6.022278862655786914e-03
1.807362452636953332e-01
2.337905838178719331e-01
8.768435508844334147e-02
2.336408614918103199e-01
-7.595801040804056603e-02
3.962235248160762002e-01
3.200577976414341053e-01
3.181675257336352702e-02
4.810446757135540818e-01
4.563665782433778961e-01
4.645138352336885545e-01
-2.488583181983562709e-02
6.524309815978545091e-01
-1.514672606380632058e-01
1.560669221749829902e-02
-8.899191054775910936e-02
3.182963628506043025e-04
-1.006883695001046103e-01
2.999084999009248298e-01
-6.022005006891996415e-02
1.480252976027163769e-01
-1.238049639418677302e-02
1.463320855144372434e-01
5.509841290296282335e-01
5.099016448763945553e-01
3.791996519182100900e-01
5.070226793142267319e-01
-2.141115842432029723e-02
9.247919907153476227e-02
-1.306020864636852317e-02
2.562512580972584053e-01
6.949886470782604686e-01
4.731430583856625072e-01
6.454016724107839442e-01
1.163705252002480206e+00
4.611476438849112375e-02
-2.562202044299320691e-02
5.790162232596280517e-03
3.297754371218454272e-01
6.328753676557132002e-02
1.518324593696611380e-01
-6.696169312242181149e-02
-2.152512004897505146e-02
1.514380202203454429e-01
1.666851117667768681e-02
1.128224572806832762e-02
-3.134778042684970012e-02
5.136665087103121224e-02
-9.347524898367185614e-03
-3.914944036452805420e-02
1.152042551015310667e-01
4.041392790738502772e-01
2.960601293667104728e-02
1.145371873878459935e-02
2.011800777990130351e-01
3.976945278753245550e-01
6.081628635686793516e-02
4.163753904889082140e-03
-5.698328866609069648e-02
9.347148813753163032e-02
5.896415976841953288e-01
-3.112632230096283592e-02
1.711995451060659423e-01
2.448277720919383726e-01
-9.350161240764419401e-02
2.287485500166330440e-02
-1.005380196260774739e-01
3.984146634888735550e-01
-4.562963138146585926e-03
-8.829364632904351459e-03
-2.912507481176669979e-02
-3.317429909850816427e-03
-1.163043723903706417e-01
3.445223848466865552e-02
-7.644203766167180503e-02
-3.190089722645185477e-02
2.087328001788855136e-01
-4.483920494371700788e-02
9.230056996017267645e-02
-6.989726254351270873e-02
7.232484232098187853e-03
-8.776304466047356312e-02
2.418444456180510529e-03
-1.253648365354264327e-01
-1.091383980729057901e-01
-1.374674261939646397e-02
4.222127147046864093e-01
3.021491489365784600e-01
-4.654959159501877858e-02
-5.157804661009901537e-02
-4.955674340796560606e-02
-1.020794811701103005e-01
-5.397437388765979893e-02
3.569428837182571368e-02
3.788222723162094074e-01
-8.461422982285230279e-03
-1.280340795651960240e-01
1.335363268681074092e-02
6.476365875735971001e-01
2.433973978803503635e-01
-5.691712883101857079e-02
1.806888730746916139e-01
-6.254165093092071970e-02
6.256453856751503784e-01
-2.448142500560554144e-02
-7.714413107181097851e-02
9.484933561071197394e-02
-2.584205015498237945e-02
-8.891870577472323067e-02
-5.206268346578332706e-02
3.810732185035024117e-02
2.372127049126108653e-02
-4.348217208105379858e-03
3.237751420791784018e-01
7.741444431913241386e-01
-4.460950169467441107e-02
1.322488393692655417e-01
4.221893393893348390e-01
3.421685970367664975e-01
-1.715601570218620170e-02
5.096351074905842715e-01
1.183541478979273226e-01
2.342250864437318281e-01
1.960138356447748906e-02
2.786732733542381935e-01
1.918394169690814666e-01
-2.163926427169627405e-03
-7.810713899557523987e-02
-6.582315861660727185e-02
1.032011959641314890e-02
-4.419617173710597979e-02
1.136107035602975934e-01
5.475939620326752272e-02
-9.041208960972645092e-02
7.764945411433907818e-01
-5.079969518360664266e-02
3.350813407103718222e-01
-1.024943224917096857e-01
-2.069097073874999471e-02
-8.408217484736314751e-02
-7.230910463958702128e-02
-4.811071876262777020e-02
-7.424336074648799078e-02
-4.754607996775184198e-03
4.146910132419919237e-01
-2.699187155226722909e-02
2.235268168461960747e-01
3.162650973552975087e-01
1.951622602542619350e-02
-4.401263881129523908e-02
8.085645667663794722e-02
1.105013763784425534e-01
-1.014458115959838841e-01
-2.032738726420706826e-02
2.509984715319236656e-02
5.124066195754641839e-01
9.373577741815045106e-02
1.577123185615760814e-01
5.341157213592603314e-01
1.569176534200820983e-01
6.871895853689374833e-02
6.132414437376857569e-02
-8.628599369381040329e-03
5.166236888510830280e-03
1.261114328454875089e-01
3.067678704665487838e-02
-7.233231712822371651e-02
2.724631179075966969e-01
5.238393398990035671e-02
2.530504449816570745e-01
3.827835829104325044e-02
1.056218567584354728e+00
9.122398008575532957e-01
1.833101606993208788e-01
-1.654963369572412177e-02
-6.967785910579353537e-02
3.712100794520737379e-01
1.071971581716315257e-02
1.038876522194268764e-02
4.935525115797215201e-01
6.867880409597925118e-01
-1.644961288612913769e-02
-6.786672963707005013e-02
8.549875984930674355e-02
5.918101192223484790e-03
-6.058822157023770194e-02
-5.098362108568310624e-02
-4.580291501321765574e-02
3.301980865952424682e-01
3.526312394209383649e-03
2.621150056015817409e-01
-7.814203925436775944e-02
-1.215400847114272292e-01
3.176962530829582909e-01
9.674699798535434103e-02
1.631471698918588176e-01
7.337931185655927058e-02
3.155886804253335010e-01
-9.521440576434433978e-02
6.647127398006003052e-02
9.431815069224112891e-02
9.383067349888314646e-02
-3.420025258646888777e-02
5.224252817945019417e-02
9.184810788706911922e-01
-3.412532718743435667e-03
-1.428212722423558012e-01
2.411439102534073536e-02
-1.972872075098316969e-02
1.151870428786531172e-03
3.003029872116854890e-02
-7.072084561525533719e-03
1.325091894910968460e+00
3.000275612906166955e-01
3.124338937772365710e-01
5.117116861849152487e-01
1.074184941706605029e-01
-4.197126845824594721e-02
5.813909412089185436e-01
6.428635803556490558e-01
1.123115959176180512e-01
2.979739917332160926e-01
1.789786685810035027e-01
2.546218454343044946e-01
1.420334247654539972e-01
1.187407979234472860e-01
-9.308049090121575664e-02
2.778699961190871925e-01
1.075222596835665317e-01
6.975625827133383750e-01
4.500591709204437851e-01
1.003785743512213696e-02
2.176223889816437940e-01
-1.431006418991186135e-01
2.995568979553832056e-01
-7.603940956500103432e-02
-1.143139289501669403e-01
1.277759787371032241e-01
-4.985492029949350340e-02
-1.407057081884303777e-02
4.180153089811422529e-02
1.024824822801595203e-01
2.047248924264641057e-01
2.442923832702542930e-01
-2.170606649512423630e-02
-6.081560078337628489e-02
7.246273422759076377e-01
5.956479625599241379e-01
2.233657267360312781e-01
-9.187034829921184031e-02
-9.459666429793706088e-02
4.561607740167950009e-01
4.657532203129965791e-03
7.429767049185249939e-02
3.237851930922352461e-01
2.370784934296915059e-01
-4.224632843465220278e-03
2.340109847717324887e-01
-2.165288219108130532e-02
4.613684378703240552e-01
-6.299861831219788662e-03
-1.008417294844455095e-02
1.767942194764031694e-01
1.713395978468352232e-01
-3.931567693121339885e-02
-7.683529839542277418e-02
6.231764721708993662e-03
-9.840189710045696425e-02
1.600938342045163665e-01
6.707632955920680984e-02
3.310646012452733017e-02
-6.077212522011398582e-02
2.588399703341880964e-01
3.277695732401231243e-01
-1.216235757447526183e-01
-1.100591476404377302e-02
-2.252918933265976933e-02
2.796250714561284920e-02
-5.669684903704876044e-02
5.807309545411480645e-02
-8.155672139365971463e-02
5.553216793462674161e-01
1.302705660182837052e-02
1.500737319790490798e-01
-1.144965285764805857e-01
2.978486117765549723e-01
1.863824596049192678e-02
5.091148546934056718e-01
1.456607011363319215e-01
-9.471129279143136737e-02
-2.537839944512343751e-02
6.756748615708074723e-02
2.605855353119053142e-01
3.752826679567654033e-01
6.435481027799392351e-01
-1.415057868355578882e-02
1.280513202422054186e-01
-3.676528953114521076e-02
2.894003156625925555e-01
-4.405268898467425837e-02
5.937031147968400979e-02
7.312092553882995616e-02
4.910475234775281417e-02
4.868873934437156076e-02
9.382965691813141551e-02
-3.231123815487027540e-03
-2.738199549328771895e-02
-3.745047946481906698e-02
2.789910168182073713e-01
4.868545105013452612e-01
-8.815470176185756512e-02
1.379841088607354216e-01
1.983975893845529165e-02
1.305515616168908058e-02
9.587487014889735093e-01
-1.280719316941742458e-01
4.572162007112784421e-01
3.147773673334238187e-01
8.605018429811958636e-02
4.808098817378865454e-04
1.538897381446829304e-01
-6.456744369196007471e-02
-1.405409530011611230e-01
3.941008832971418241e-02
-1.337718960725877565e-02
3.778468608000841722e-01
1.203055081571806628e-01
-1.427219010243965108e-02
1.161303488596164141e-01
2.339048378454117172e-01
5.185644530454516354e-04
1.341991275056280894e-02
8.191186857438510424e-03
-5.557830659721908068e-02
-3.859193153323717956e-02
1.640134678564082182e-01
3.320872647747444978e-02
-7.073919974945705458e-02
-8.811980984432395136e-02
-7.275321128691154826e-02
1.823765346050541802e-01
2.267562303704630938e-02
-2.962049963381838472e-02
5.613815293580071142e-02
-8.302494360439421905e-02
-6.438532332576074602e-02
-1.671338545138455287e-03
-1.374534238757064708e-01
4.254124921644780732e-01
-3.252899370225550979e-02
1.308782067006085403e-02
-4.373183307688072174e-02
6.797472952788096157e-01
-3.439795612114548290e-02
-5.339196587976191566e-02
2.193196709172065273e-01
2.948641416918889591e-01
8.646015059610658374e-03
-3.466961811731376908e-02
5.140004260578733275e-01
-8.332875531935768354e-02
2.200821662581531335e-02
2.937077920038529966e-01
3.765034307786271905e-02
4.053492829575591067e-02
-6.308850196178773795e-02
-1.288257246425615968e-02
2.583739744570711649e-01
-1.303230062910781112e-02
3.261098462724260072e-02
-3.700127980447961984e-02
-5.473279784162147360e-02
2.342515474264107722e-01
-2.749435364506885512e-02
-6.472491295709055514e-02
4.896869003538181081e-02
-2.403600119114748454e-02
-4.483415848017049954e-02
5.786689149546450084e-01
5.300788648800021374e-02
9.749029509062608068e-02
8.702756163014023494e-02
-8.448740244533223254e-02
-2.255318226600232581e-02
4.539611127378490735e-02
3.945624166186378033e-03
-8.724579746813558578e-02
3.624823378608275914e-02
-4.570651583211307600e-02
-1.020670286149283953e-03
1.261299886098869727e-01
4.997789480422496489e-01
1.500344733601936875e+00
1.710590675072627687e-01
3.832096533447386637e-03
-3.342220353511122372e-02
2.235727585167797682e-01
1.636189017165795220e-02
2.829759802094183874e-01
6.830689130489668581e-02
-7.918987441400160421e-02
1.692874144784629054e-01
4.239056993973558396e-02
-7.870463101840832754e-02
-2.236448937090194933e-02
4.162072233798708859e-02
-1.025756877440259784e-01
-6.226255501319913344e-02
6.611426522662745831e-02
9.427237068259831931e-02
3.476165195603416747e-01
2.047497196070528214e-01
3.497833652791931258e-01
-4.342209077438235164e-03
2.271483049318027414e-01
-8.752770963265754656e-02
-6.994246531256027855e-02
1.316669904743331954e-01
6.892797063484771246e-03
9.025876368465113320e-02
1.685053664237379789e-01
-3.448851361156786421e-02
1.789914984038372681e-01
2.518089928390295981e-02
3.820482312543627135e-02
2.580889519126824405e-01
2.224312116519113480e-01
5.477918381506698131e-02
-8.035264038667945530e-02
-4.563697889661973844e-02
-3.999738077828374205e-02
2.736583400940130750e-01
6.862266257742502540e-02
-1.974978947799174711e-02
-1.163660960369292986e-02
1.673658743687470724e-02
1.410393487930753365e-01
-1.391875730658847787e-01
1.104947457933447424e-01
2.788578377644378992e-01
1.879020017731958536e-01
-3.260149905726262426e-02
-6.548023070725228489e-02
1.343662915489899842e-02
2.918036699847156162e-02
-1.330651779793478283e-02
-1.099199742554036185e-01
-5.503095106924228534e-03
-9.016099003819170316e-03
-5.425896167047410124e-02
-9.682262209748587756e-02
5.262513388376570678e-01
-7.397192983576220127e-02
3.879955565510015154e-03
-3.417920220555782651e-02
1.276003359580525631e-01
1.115632898033935665e-02
-3.775005013812262472e-02
7.409617126337378346e-02
5.010388586180206799e-02
-1.013876632129493277e-01
-6.844300460731991831e-02
6.498356541641622242e-01
-3.971538008197091074e-02
3.577573957686960848e-02
3.738900860668799009e-01
-4.724516604816388597e-03
2.020891465352014638e-01
2.433904895129326562e-01
3.946433048798290294e-02
1.811121219292333509e-02
9.696266276046627830e-02
7.349347230645404683e-02
7.586856195891304722e-02
5.110540156340881435e-02
2.869446817018622697e-01
4.912930973283087255e-01
1.200538057787257362e-01
2.030452365007713311e-01
1.036508659034319352e-02
-2.818243246140277394e-02
5.152592114985954375e-01
1.508673063241929180e+00
7.413224931095722114e-01
4.683249670656332020e-01
5.115648464613937740e-01
8.740740058587623817e-01
3.901304908860486198e-01
7.183831040169320892e-02
6.426749227426234445e-02
-3.062129158820989933e-02
-3.192846489008498156e-02
-4.142603642138626557e-02
9.674729704865929480e-03
-5.086049366506899261e-02
2.311682488751972131e-01
-5.196296222789979075e-02
-4.025251192805123085e-02
3.918894514711279697e-01
-3.031919192180152628e-02
8.300425275685864579e-02
-4.252473439720708820e-02
1.189678739400529817e-01
-4.655251032509434388e-03
4.170563312939073314e-02
1.433658573916966189e-02
6.163076274101590701e-02
-5.264091614669893365e-02
1.954177300587073840e-01
1.482777946297377802e-01
1.379460058865606964e-01
-5.606410821720606528e-03
-6.941173324404366352e-02
7.691303250484319079e-03
-4.572455230523099490e-02
1.406367837609913407e-01
8.032708346224502749e-02
6.302986738072926531e-01
2.356964626484214231e-01
-2.622756838933766252e-02
4.031813229822460154e-01
1.071169286081055799e-01
-1.592628123549443275e-01
4.298418193779870999e-01
-2.688381295778365099e-02
5.612249355758795050e-02
6.156523677357134128e-01
-4.345247554585505295e-02
-4.488270465727237091e-02
-6.127119066814913639e-02
1.717160170898771321e-01
-4.454974479759353512e-02
-1.070642318272830990e-01
1.096519293772066500e-01
2.192707361434172858e-02
-3.432806065963717179e-04
-5.298165923280984124e-02
1.940931811451389044e-01
-5.958823373237503648e-03
1.028170970254285999e-01
-7.182140474267126318e-02
4.035367719959914723e-01
2.744879314928702629e-01
2.896982895439994543e-01
2.487895424770359201e-02
1.259091585185313500e-01
2.111794188845944609e-02
3.137803586265434652e-01
1.300029387998750396e-01
-3.776122873599944973e-02
2.846464875521140248e-02
2.638678960239338456e-01
3.433698189199529960e-02
7.756038947793852945e-02
2.331245270521047422e-02
2.274586766469746946e-01
1.969072166769364821e-02
-1.465795017964549862e-01
3.772366147805090164e-01
5.903413768942619710e-02
-7.987042470195909738e-02
2.494642107115778093e-02
2.968806937239480345e-02
3.452075640413934318e-03
-8.779757932644866036e-02
2.707485990701320386e-02
-4.934778704978907277e-02
2.764226662189694234e-02
-8.482468963423935027e-02
-7.893358006242354175e-02
5.635746650833948004e-03
3.732022057062611003e-02
2.802122240173516854e-01
-2.614317333031466323e-02
-1.039919325107970752e-03
1.406925482411704564e+00
8.429245809936760647e-01
2.700420524657220489e-01
3.157353750952822113e-01
-1.305342168085205645e-01
7.047028721136161522e-01
-8.405322277711563608e-03
1.006078581644490599e-01
-9.972066919238341265e-02
9.862667293215256203e-02
-1.692175300021725101e-02
2.168536324211416955e-01
2.609144121757968060e-01
1.918837180511332452e-01
-1.345706522796331905e-02
-3.851999588001786545e-02
3.178716822164869282e-01
6.837024453518357747e-01
3.529724649343614074e-01
-4.263676862872366885e-02
3.319166156355066177e-01
-4.671915793133520761e-02
-5.178440438182769015e-03
2.185156170183694679e-01
7.297727595199927919e-02
-4.615510303585060314e-02
-1.143895426663699422e-01
1.335277115783761459e-01
2.048612933141669423e-01
-1.041265363925856363e-01
-3.325534615261158122e-02
-9.604177713906387331e-03
-9.884125181245557307e-03
1.837482291318790484e-01
6.691334290672774909e-02
2.238786720214307885e-02
-6.808408985624719856e-02
2.961658814520791716e-01
2.377592463818862037e-02
-3.248506677092323491e-02
1.909087141256692044e-01
-3.970495644263326816e-03
6.410580125224941694e-01
-6.398956588281902447e-02
-5.558040554703761599e-02
6.651886393143258136e-01
2.258191893218821911e-01
2.115932522607289479e-01
3.964659668844481427e-02
4.409159590020641367e-02
8.910881691816678650e-04
1.729715717289547483e-01
-2.529028901323181894e-02
-4.933292751291443873e-02
3.504395823070651228e-01
-3.042951908086772086e-02
1.530488166357235266e-02
-2.004354375274421118e-01
1.426442118542061432e-01
7.094716669768106471e-03
1.750386366776304249e-03
7.860860102087616208e-02
2.271091462696211705e-01
3.207947861715403776e-02
9.099392994874454937e-03
6.072493560130474977e-02
2.279791453998221695e-01
1.800877683063989432e-02
5.573069447875709237e-01
-4.723057742618030908e-02
-5.423947731506861304e-03
2.972397984009809702e-01
1.021170606280904364e-01
-2.004352933855845648e-02
7.575739038520334923e-01
9.398343868418413960e-01
-1.383407797753937081e-02
-9.148059945197667409e-02
-3.520734235874042883e-02
-4.817248894762719141e-02
-5.169098345092526525e-02
7.100711914546148362e-01
3.724442518668278912e-01
-1.223387099620373841e-01
6.375576834414949934e-01
2.205107405845951885e-02
6.786053200566632970e-02
3.665143063911701499e-02
6.477368607514044641e-02
-8.335000041932320858e-02
3.994499537332318884e-01
1.239074386712591402e-01
1.038927696120128669e-01
6.716983088373180699e-01
3.466317187562877739e-02
1.331721824979132870e-02
-8.580308896079818018e-03
1.046166840882912563e+00
-4.908009188709615972e-02
-7.271312950655639540e-02
-5.245796727837928608e-02
2.352838262803952918e-01
4.781775213939237212e-01
2.069442906097352930e-01
4.429701835763115436e-02
1.989650118548731417e-01
2.144853298421047494e-01
3.927858480425532040e-02
6.046429752500678823e-02
4.193386586273791239e-01
4.709123215431074705e-01
2.113175874827443734e-01
1.186274261343000930e-01
1.478022738467937684e-03
1.603828463663626303e-01
-5.820086527752214856e-02
-5.564440066345567593e-02
-3.789703047373899764e-02
2.165126298788654785e-02
2.168833624815439398e-01
-9.202687132567086148e-02
3.447221295623620896e-01
2.776753282069602258e-01
-7.039346210803117121e-02
1.244477690031166039e-01
2.217927967566601932e-02
3.028504090692730744e-01
-1.845249681449153897e-02
2.563560489351688898e-01
1.921956823478417620e-01
-4.046375966166425309e-02
3.990698380414012814e-01
1.713472956869216413e-02
6.653596054179363728e-01
7.396505476218794006e-02
1.209598793423889290e-01
2.593106422158757418e-01
-1.659236725220933351e-02
9.748962660598994301e-01
1.107846008572142549e-01
3.574048323592903253e-01
3.475842571956478094e-03
4.532888252121953232e-01
2.437101178078971905e-02
9.978863036912836645e-03
7.304851865738069827e-02
-4.315031607244754208e-02
2.443769490141593087e-02
-5.406365672843372466e-02
1.492200313335217132e-01
1.096462899596245821e-01
-3.316187081123846137e-02
4.952448075962422903e-03
-4.332834249404544924e-02
-5.237702100682594536e-02
-3.170216421561256742e-02
-3.650936533397288603e-02
-2.952128274416483678e-02
1.701383880563789308e-02
-1.257280868295153342e-02
-1.149215460756206238e-02
7.934288504992399738e-02
-2.176784234742032420e-02
-3.297412914250383992e-02
2.121528946783454717e-02
-1.288368237454531606e-01
1.174732846217111000e-02
1.577823939768861067e-02
-4.082397994011945780e-02
-3.053039916942124413e-02
-7.485115524867809456e-02
-1.244505031838711272e-02
-7.165047061782404969e-02
2.948410450530260588e-02
-5.258220179903535380e-02
4.561585190195797251e-02
3.664381877134974264e-02
1.082683859661809182e-02
-3.689240578986083957e-02
-3.886070747190501634e-02
-4.998595180123661941e-02
-2.667707979953509029e-02
1.516492609691567905e-02
-5.716010686921310646e-02
-6.279342849249637537e-02
6.999810173858833640e-01
-1.800492166089768392e-02
-2.606596440424832628e-02
-5.751824190382699015e-02
8.032340932202668149e-02
3.769582577814586388e-01
9.991361257504338678e-01
1.217524573106911090e+00
1.385616557781417235e-01
1.346852695991147320e+00
-5.595763005145219099e-02
-1.009897599102267951e-01
-1.652058363892162582e-02
7.961149323579611581e-01
5.261423004833644113e-01
-3.655045352298141609e-03
-3.682684111238464231e-02
-3.473519221233978271e-02
-9.650590615099071843e-04
1.585048508680926060e+00
1.222677594362199471e+00
1.407760110988734548e+00
1.059256510798281647e+00
1.013658952597009888e+00
1.012782294885359868e-01
1.516861425885440984e-01
1.619449470827890314e-01
-2.065015915162117174e-02
2.434724916131791317e-01
6.318590027037458423e-01
-3.140494115791517271e-02
9.647893718595067225e-02
1.129351593093492090e+00
1.003551993426953226e+00
2.798822192645058007e-02
-4.987830580849473422e-02
-1.254226845347984447e-02
1.223943745703639542e-02
5.850730950668560360e-02
5.669774766414869410e-02
7.260777991368653345e-03
2.055578107094373219e-02
4.557285568673991039e-03
8.816447227160995048e-02
1.879000962662820406e-02
-2.018569017131422935e-02
1.204451391429475597e-02
-3.077696777323086011e-02
-6.929920278577844824e-03
-1.098078932590872414e-01
2.703501030035511676e-01
2.988794180292768110e-01
-7.018240268117630076e-02
2.249747107929329221e-02
-4.342577619520872345e-02
9.533822998315927277e-02
3.406205950571232210e-01
1.099717564505002521e-01
1.698206989861192895e-01
2.388897590088986597e-02
-1.317951085295321345e-02
-5.077974170594339726e-03
6.945336884938096977e-02
2.942105815796401402e-01
8.041994340776842387e-02
-1.898940332972849990e-02
-2.353198826273070719e-03
2.719021359155226469e-01
2.468289953184981678e-01
1.039739491069347821e+00
2.796813522059695689e-01
-1.541806683992662588e-02
-4.132394479852432266e-03
-9.863442848747232261e-02
-3.427629227237289061e-03
4.955361105596424454e-02
-1.797218224693695326e-02
1.446762829751789547e-01
-5.525871202038364766e-02
2.943891193403290751e-01
-6.460447351494390256e-02
3.660230030089116626e-01
3.082684850232086382e-01
5.532268396820537448e-02
2.214389512092226203e-02
-4.209565291634479595e-02
7.693465053595910375e-02
5.161720638783350718e-02
4.418797691337696815e-02
2.835638269231411379e-01
2.342659085600233004e-01
1.520344993471537884e-02
-7.230272288147547577e-02
1.329919556353191257e-01
-1.023058843194278762e-02
1.624528080773229022e-01
-3.580355599003627598e-02
1.907168853010034748e-01
4.523719258336617033e-01
-3.065220109888827996e-02
-4.142705604076755976e-02
-2.467967122000102112e-02
6.724311845931106868e-01
1.583698362699580642e+00
-3.156164088184376659e-02
2.138221891948640652e-01
5.790572259001191407e-02
-6.884828983425160705e-03
1.688009903620204810e-01
4.228705150504121629e-02
4.046949978824659205e-02
-8.823461611906807667e-02
1.867490341808897836e-01
1.317492130104730083e-02
9.515057811248701924e-02
1.983664109755895345e-03
8.981292890388034578e-02
1.023671301900039576e-01
4.803224138876841520e-01
6.302899145959512950e-01
5.204045646522360569e-01
5.127719996669808378e-01
4.938930220157260187e-02
-8.596676763697676249e-02
1.007516210786692928e-02
-3.735441393015628657e-03
2.191099145136731277e-02
6.122709900908576697e-02
1.186965296660773966e-01
1.477964603480558074e-03
3.228276083535017854e-02
3.763599285527079868e-02
1.251245525611863196e-01
2.251280026183841709e-01
5.682431939647257513e-02
1.523187683582857312e-02
1.626210406795782215e-01
-2.275694672832754423e-02
1.985632392576027472e-01
2.991752238395095631e-01
1.069240059693466194e-01
-3.422505989486290812e-02
-4.466274745061105805e-02
-2.565876506952930597e-02
1.027583270099119012e-01
-5.718178815401960685e-02
-7.012545863331032248e-02
1.777383286592036926e-01
2.462794487538038646e-01
5.663875040890126861e-02
5.523967687689902706e-02
4.169931205169769561e-01
8.045580124537084210e-02
-7.203844151270807905e-02
1.988016651093282849e-02
-5.478008639524246937e-02
4.213880579808642474e-02
1.769005916353553198e-01
8.255973604552904049e-03
-1.576066299074531385e-02
-1.334195303827070966e-02
1.058969360904092301e-03
6.593179571028611186e-01
1.883475689723027036e-01
8.403516665951137055e-02
-7.211072322891916297e-02
1.951600225593494164e-01
3.365331769300999309e-01
1.676567031701698546e-02
-6.807275017464183009e-02
-3.922489131015018013e-05
-3.069832703318364081e-02
4.294269177230824325e-02
-5.492757477353831658e-02
8.688012613812218232e-03
3.037832573649341603e-02
7.696681825200175908e-02
9.674844546402772139e-03
-3.949320059114704712e-02
-6.373264758849669920e-02
-1.251001036274830558e-01
-3.065493428472493981e-02
1.293395004265546211e-01
1.591487511654682829e-01
-1.598574777458314569e-02
4.550651602749271607e-01
1.134873524893289659e-01
1.025075493037888447e-01
1.077123013007282859e+00
4.006612576307005402e-01
1.334464497330113859e-02
4.553213652226578145e-01
-1.382788845514977827e-01
-3.144349943420268745e-02
3.443297721494890246e-02
-2.534917864950342672e-02
4.294306609492617305e-02
-2.125954711368234148e-02
-5.614018739629152155e-02
8.300018854302531057e-01
4.540870064105261006e-02
4.273819513197760767e-01
-6.272706293761133589e-02
-8.148118024596155695e-02
3.638544800063200912e-01
-1.040351240976881836e-01
1.520031039387573744e-02
-2.372976042916188910e-02
-5.574678426105927898e-02
3.502362568566209644e-01
-5.037298904222812373e-02
-3.844425738552911809e-02
9.897909904063721953e-01
-1.454724974374434210e-01
2.652040294865817271e-01
-1.274900853139456502e-01
-7.041013661241218857e-02
9.184990399263573968e-01
-1.809354426895789115e-03
-4.320519353102574012e-02
1.126197083936517213e-01
7.883439963625615832e-03
-3.039350826341782538e-02
1.350014678428873294e-01
-2.634259765796588548e-02
-1.466031930900303475e-02
-1.403892293026351712e-01
-7.200499060687766406e-02
-2.535745025311087267e-02
5.041061635757893011e-01
7.239120628258816081e-02
5.678663139646814018e-02
7.623863135246854161e-02
-1.153562392640696821e-01
8.840216396325545345e-02
1.294865490623503812e-01
1.262269050116327819e-02
8.150609832725792536e-01
8.071511768555047692e-03
-1.643069112822525407e-02
-9.082506474042983946e-02
-7.607136782412002307e-02
9.804834595108785633e-02
3.041938953252178515e-02
-9.301361801628485471e-02
-1.090886851704182467e-02
3.279734528597670340e-01
-2.403370478691764338e-03
-3.604167956847090237e-02
-3.834674665837919244e-02
-7.720413313724712630e-03
-1.125052396971200630e-01
4.231510828809809110e-01
5.514105955171328954e-01
-3.186196159978045561e-02
-1.544189470906039141e-02
-8.733749146882589798e-02
-5.760991183890394607e-02
-7.946386188840842690e-02
-7.467172223939613773e-02
-2.390026586463884703e-02
-7.705046035605274402e-02
4.076111767109085599e-02
5.562415120923619449e-01
5.663012328577837762e-01
2.390248603087273549e-01
1.338591968242150709e-01
2.505191221229479681e-01
1.475533228018649778e-01
5.227145986739178962e-01
5.674088373412542463e-01
2.857707285456241308e-01
-6.369950685734628026e-02
-7.129844409352555090e-02
-5.278927198579339702e-02
-1.589559132726825821e-02
1.748649562220913611e-01
2.230807123315995885e-02
-8.893875563840401843e-02
-1.334197834165193886e-01
-8.090093888836982772e-02
5.892856025303321310e-01
1.100849501241382145e-01
-3.393398549065222702e-02
2.924411219271173812e-02
6.832641533742349338e-02
-1.129962274352103863e-02
-9.428509952783087344e-02
4.636457286805086286e-01
-9.436825608860824333e-02
2.968193966629108227e-02
-5.218232728089817335e-02
3.124619558787617990e-01
5.872436495903153864e-01
4.732288003784199115e-02
2.782115488068115927e-01
1.086949737013029882e+00
-9.860633087229757343e-02
2.916784095340875863e-02
1.133058120658988338e-01
4.844252258474742584e-02
-1.177816326131126828e-01
4.622408456838159041e-02
-1.093393051412968296e-02
1.398812616224156091e+00
6.016448994691326879e-01
-2.237970283396280985e-02
6.042365263849137219e-02
3.343211273600814049e-01
-1.159936428061826737e-02
-6.263683263057184814e-02
-2.264169092318306722e-02
1.284629263228884155e-01
-9.263803259621224140e-02
-2.876997050393129141e-02
-9.398305679666622836e-02
-4.157227849993027496e-02
1.782753935394070996e-02
-5.960182175461591764e-02
-8.995389612574124227e-02
-7.617501920848658570e-02
-1.178170049345621251e-01
-1.095706921691068890e-02
6.359215620678114744e-01
-9.721016655498573855e-02
-4.003060215313341413e-02
9.474504886843258811e-02
7.519296077772304188e-02
4.033539347194999292e-01
2.962103758739016018e-02
9.698547271975496709e-02
7.180323087550041783e-02
2.660206606354733119e-02
3.518706854347771612e-02
-1.414263762864024360e-02
-8.625695078370147761e-02
-4.282339683495248184e-02
1.855329945699481786e-01
1.578581468709086208e-03
-4.127907498140608034e-02
5.463544775573986323e-02
1.001127544304504902e+00
2.629653829646595373e-02
2.018210877673093651e-01
-1.868236664177533313e-02
2.185110482876303495e-01
9.731342752991589684e-02
-4.205032887338919917e-02
-3.029961129617347176e-02
-3.512834520770004298e-02
4.702784490821020902e-01
-6.374378307851412753e-03
-3.932616287753379347e-02
-4.621625366430282683e-03
-7.750143949440546284e-03
3.968677350082448069e-02
-2.942200483512565773e-02
-3.517687923105165121e-02
3.694908571037541691e-03
-4.963752606438403062e-03
3.640315174217430561e-01
1.408009395456629176e-01
-6.458977283482009168e-02
2.399346375212809412e-01
-4.497708231736857742e-02
-4.230459749316992091e-02
1.803725882027321648e-01
2.337742237009081125e-01
2.123143222528754148e-01
-1.188347230183990910e-01
-7.470962237201982103e-02
4.816231950755262003e-02
-8.585231089722422659e-02
-3.616894061486730649e-02
1.712967226456845182e-01
-2.853177651469889636e-02
6.818871127733154847e-01
-9.648811652059879895e-02
2.263581542102479638e-01
3.046588918146162991e-02
2.209123155101555269e-01
3.052742542054285302e-01
-6.681951693323855135e-02
3.497236778069535805e-03
2.941074679029725969e-01
-4.699752788812339155e-02
1.942856253963420876e-02
2.796284020747763152e-02
-2.680099816750878758e-02
-2.667120692498816531e-02
4.700110337438737768e-02
4.741093066872766916e-03
2.567336624071082651e-01
-9.544259454328149136e-03
9.863487682551771996e-02
4.123206449760404846e-01
2.415542381280652295e-01
1.481515167946236000e-01
9.717277488131930152e-01
-1.182189203091071616e-01
-3.436124232741068641e-03
7.958711728020639864e-02
2.772106050718023060e-02
5.725582879007781179e-01
6.571977449537043381e-02
2.492643220745392740e-01
-2.267754512470192621e-02
2.688393738333715866e-01
7.664835379739198817e-02
-9.843972984003757087e-02
-7.752369634003339338e-02
1.745008965754474006e-01
1.022440941913374673e-01
1.646231874418281615e-02
-4.150246693774953949e-02
-1.383831472122903569e-02
5.922064071893323733e-02
1.101815175919336198e+00
6.291858057028284490e-01
-3.359466832469806818e-02
4.257763619147979933e-02
-3.122788136284250504e-02
2.633665924281887449e-02
-5.507476112408331639e-03
6.285435134192526863e-02
1.533587256967817725e-01
-1.699916047713065370e-02
6.856062296655993094e-02
4.024122388512817450e-01
-5.893249177844991048e-03
9.837264827428379710e-02
1.170884323038666297e+00
2.075733441427800030e-01
6.352799021879600438e-01
9.693989495901940423e-02
-6.142255659227455894e-02
-1.588295964302185309e-02
2.845317946023639619e-03
7.718367796732646113e-02
1.800053912131317768e-01
1.670373865239538069e-01
1.165805729295699839e-02
-5.661222602815469893e-03
3.049450619996310965e-02
2.548288905086844303e-02
-4.867704621472815352e-02
3.721813529932331555e-02
-3.840381153692245392e-02
7.437889340857195553e-02
3.516928059896227976e-02
-5.558359644226570223e-02
1.488497062830171878e-02
2.609209041327045439e-03
9.162179936018144399e-02
1.642281297263354645e-01
7.507112248011953426e-01
5.436705858655821455e-01
7.427751942702839894e-02
6.431341175079320974e-03
2.172099992398662527e-01
-5.980075205166616829e-04
-5.955193670523059590e-02
1.379498546733067266e-01
-4.287902152201521211e-02
4.360911995601973179e-01
1.007086300417239927e-01
-7.036544001708558427e-02
5.974237347115286811e-02
-7.750521544171659616e-02
6.877829541462941731e-02
5.070541267360976212e-01
5.800816444147215839e-02
5.240554361411596807e-01
2.723742205199111699e-01
-2.661687204419063701e-02
4.790970661716211221e-01
-2.813113624994842410e-02
-7.732577594454098646e-02
1.624393213903888022e-01
7.244869747449396782e-03
-2.497655915691028572e-02
1.470249138697261593e-01
-7.904108284911813553e-02
8.874601729574629200e-03
6.477332857132953037e-02
8.894163049339616489e-02
-1.024404952434403576e-01
1.302509824821834750e-01
-2.657330722979561743e-02
1.226899211083379404e+00
-2.543730170752001377e-02
2.585417060843609935e-02
-1.318184144131704927e-01
-5.629302397118271517e-02
1.594929837125730332e-01
1.545814568266670741e-01
7.438156796140495131e-02
1.065673557380433234e+00
-3.494428923033991632e-03
-3.990255461156938521e-02
-4.558166545092419983e-04
3.997583038944933082e-02
-6.622377064523421453e-02
4.120165265539172533e-02
-1.038793872191228797e-02
9.318349188358474033e-02
-8.506679606904679614e-02
3.358542729697669982e-01
7.538552574741578249e-01
1.027120142168271577e-01
-9.449241314019303506e-02
8.317257697787353021e-02
-5.529312324179406352e-02
-2.621143112787973489e-02
5.682581705924903692e-02
3.731853953767325094e-01
8.534394766776268182e-03
2.556419290141353495e-01
5.139894134536583392e-01
1.396339114579626395e-01
1.400900966771643219e-01
3.053941400820756047e-01
8.786218688249082531e-02
-2.723071441681705965e-02
7.821879163479718289e-02
-3.180775660586127301e-03
-3.818781649569152892e-02
9.280646337057650852e-01
-1.045654860408660181e-01
-3.182428953557515927e-02
-2.642896606556894082e-02
-9.813292211731623749e-02
-6.422306988706841246e-02
1.124538884680134354e-01
2.382266830253457549e-02
4.022351695548993106e-02
9.327529418554712792e-02
7.347615502919423447e-01
1.403924508764927692e-01
-3.480986024216269070e-02
3.574842154544724537e-01
-7.153402595952346177e-02
9.786032675650526910e-03
1.423771494973489760e-01
-1.006884780055286310e-01
1.476188992976343595e-01
1.310189631672509514e-01
-2.024115058189698141e-02
-1.046695469189534494e-03
3.497043182022083196e-01
3.858679933643677923e-02
-5.731847296078305953e-02
-1.487549830843382277e-02
-4.645100003459004534e-02
-5.487228728176130055e-02
-2.788375542466968102e-02
6.567675533874035854e-02
5.805691199869990049e-01
2.387097518043216141e-02
5.621262643949726662e-02
7.603000682595616178e-02
1.405647100120484098e-02
5.599142632734330910e-02
4.451165247646058365e-01
1.664844989962886990e-01
-7.917534514919957744e-02
9.296404447412535054e-04
-1.539681095802288707e-02
-9.753822816621430733e-03
-1.631483444522431950e-02
1.074477872805781886e-02
-3.390629311560292708e-02
-3.575314236839296361e-02
6.806751302996656705e-02
-3.983191289068016561e-02
-4.738338532587798441e-02
8.899163597747641874e-02
1.062965669583354478e+00
-2.396363541851034146e-02
3.836945279377174632e-03
1.099186368415574711e+00
1.672892613126269745e-01
-4.937300063637501540e-02
8.718124188150243314e-02
7.685693410688078098e-01
7.711990572368250529e-02
2.160996548117935165e-02
-8.534799540482175539e-03
-5.421789859684975760e-02
-7.515093177570106309e-02
1.299487823476634099e-03
6.383559981911227088e-02
-4.096609910755068251e-02
1.054348085322782458e+00
-1.329182928330813716e-02
1.625836370849736978e+00
5.970935103024237883e-02
1.932075956122760729e-01
-3.577082651063549779e-02
1.814585180457044811e-01
5.461710551250943402e-01
2.028381239315603657e-01
1.454342229582897272e-01
2.419918979510838827e-02
4.913207441962214594e-01
1.347038143588466796e-01
-7.808152336824054386e-03
6.724858633195983371e-02
4.981814812588203356e-01
7.650397815358014331e-01
-1.567997870334117971e-01
-5.349866054037585167e-02
-4.423300392544067539e-02
-6.956804587697328068e-02
2.597606866016202373e-02
-1.797707344567186366e-02
2.355414085716571460e-01
1.919475371562026633e-01
8.115719657401171405e-02
-1.439342986348015607e-01
1.951272948492218662e-01
-7.745237301050473915e-03
6.062533422975677905e-02
3.116963338802486438e-01
5.976665787050028378e-01
1.423655773822144754e-01
-3.640328954068681316e-02
-1.172174029214831520e-01
3.252572912905561664e-02
-1.081326747721864517e-01
-4.463186045440785399e-02
5.962638762862448871e-01
-4.565544562251385797e-04
8.458201067755138913e-02
-1.107310999831066511e-01
1.089477330014890555e+00
-4.194699621290866928e-05
1.376003397661017313e+00
-1.569653517304487461e-02
6.724098535074194416e-01
1.248330732035001001e+00
4.785445261909778147e-01
8.893882799070930156e-01
1.223798537756247029e+00
1.287563049107648128e-01
4.024676737780766844e-01
2.708227071433286226e-01
3.350289065427242696e-01
4.396689761031931376e-02
7.434181937051309585e-02
1.185140664562032986e-01
-7.419828720408302991e-02
-9.657230475527304320e-03
3.663195262095229887e-02
2.801513530445671751e-01
-2.083531969689915442e-02
9.924785029106802936e-02
-3.662840561193636546e-02
2.337332809594592498e-01
-4.023499207691866135e-03
2.256110065570683665e-02
-3.843204311167303100e-02
-2.597222890133247720e-05
-8.406298806610491836e-02
7.142692131752730322e-01
-6.720175270918744836e-02
3.304949340498202631e-02
6.465385415983981865e-02
-4.836301995928465186e-02
2.569953868088837301e-01
7.842326913821825451e-01
4.441632538952327569e-01
3.004684806907748640e-01
-1.049119388339256331e-01
3.103932877585296457e-01
3.594430647742371393e-02
9.668561693907610222e-01
-4.370722956828274747e-02
1.524008756502086837e-01
3.273495184967940841e-02
3.765388725114888861e-03
5.305137094677592202e-01
1.486844680029993267e-02
-2.277699765451593819e-02
4.276438413011462297e-02
2.946576936358417664e-01
-3.144115915804763378e-02
5.414752266896922794e-01
-5.568340734644464107e-02
9.672617901441193933e-03
1.227682630907605682e-01
5.381389374754464994e-01
-9.941284377123307814e-02
4.968545880757796462e-01
-4.301497611909989305e-02
-7.315453846933825388e-02
3.886046254509481490e-01
7.861168980093788394e-02
-1.437980773977255537e-02
7.775159096349008869e-02
4.943398806432818815e-01
2.453021330597109362e-01
2.527989308628398029e-03
2.226850668613030992e-01
-1.415820156903971061e-01
-8.502350301869091020e-03
-7.420863786950761265e-02
5.705219274755651132e-02
-1.881955857454132783e-02
2.156726544783588335e-03
-1.271357523391801470e-01
2.697519406746429205e-02
2.111195349740353500e-01
-5.950500544294697047e-02
1.846067823236597627e-01
-3.785336986298187822e-02
-3.028154261559396973e-02
-2.869759262173643410e-02
2.437978922399764992e-01
4.568031497695976273e-02
7.828242494946979768e-02
8.806652567088936456e-03
-3.495640261953058409e-02
9.969721142960028537e-01
1.262913340295056426e-02
1.369908199046830033e+00
1.618685587685786131e-01
1.438385864523233082e-01
9.052236794890167193e-02
1.472433423581275269e+00
1.118316956740806223e+00
7.381757802260624501e-01
-1.297777596774703744e-02
-6.735837778036200818e-02
3.575136421380241125e-01
-1.846588862340908452e-02
5.682695051205691739e-01
-3.062845322804575582e-02
3.244363873447598384e-02
9.614709696811454820e-02
3.692145516115927228e-01
-8.541389109634461158e-03
-1.081446230131850317e-01
4.074196262725551798e-03
6.312776146358908824e-02
3.798886310193477223e-01
1.631824817890824841e-01
4.006024443468805818e-01
-3.640508958288214691e-02
-3.572418244477527233e-02
1.403518823100242778e-02
3.219523372674226724e-01
3.953337736889075971e-01
-1.090058953519758705e-01
8.361343807331479694e-02
6.618428392717499997e-02
9.107125497478821274e-02
-2.903566839877484013e-02
5.349805770343399880e-01
-4.843739752223953708e-04
-5.825845979092848098e-02
6.052439423906238319e-02
2.062044497339585170e-01
-4.476697467051753143e-02
-8.095565447354952093e-02
1.866189642646931823e-01
-5.209095300054765454e-02
1.019921751589259194e-04
-2.457679772082518171e-02
4.615750917540918929e-01
-5.932122143799178210e-02
-2.974519128451899933e-02
1.279926805590755057e-01
2.176782364289671715e-02
5.506260437135260255e-02
1.692270174312988928e-02
2.294427231701939851e-01
-1.280818246429650531e-01
-7.463079554049117936e-02
-1.542163433981874332e-01
-4.309495491286919125e-03
4.372548482975605055e-01
2.070225191320246572e-01
4.870730671249000610e-01
-2.712897581645239489e-02
5.054407595010167176e-02
-8.512418361280377210e-02
-3.497668284953174556e-02
-1.120357971024070892e-01
4.359359258147320337e-02
5.331174509596273842e-02
2.087133671068115703e-01
-9.477237702419448462e-02
-5.419221583309489360e-02
-1.208827978317952995e-01
2.452425323186634420e-01
3.275893499900119771e-02
2.713339737849260885e-02
-5.522831936488194204e-02
1.932560150306898705e-01
-8.796609233938924854e-02
1.369295082660062057e+00
1.747835253088447505e-01
3.462681130265403140e-01
-5.900573536737601515e-02
8.755987469714373583e-01
4.429233037980510046e-01
-5.325240562201063316e-02
-8.104688389850085717e-02
4.683432888197572308e-02
5.966112293972809510e-01
-2.406303438810242917e-02
7.885857797304067496e-02
-2.781920742572005847e-02
4.904781999813842379e-03
4.503333882268793081e-02
2.743253227740820310e-03
-1.803178935858347834e-02
9.702907686807614451e-02
9.844444631115453204e-01
2.772121554375973074e-01
-1.834422059853412640e-02
-8.436386137793348838e-02
-6.980706245089782214e-02
-1.072324219992930178e-01
-1.271995350895235299e-01
2.620308085448671068e-02
2.294859709768692635e-01
-6.642874954486718830e-02
5.054053005246617047e-02
1.024211990814010848e-01
5.488988994758871032e-01
-5.416006769420658035e-02
9.071150442102178524e-02
-6.379375189125598145e-02
1.747738677083932601e-01
3.154067378840850755e-01
1.989049471645752132e-01
-7.769976468148868942e-02
-1.251027362980986456e-03
-4.291495331219500470e-02
2.169374306628685523e-01
3.368409363932027469e-03
-2.447198659994867173e-02
6.951428848895617810e-03
-2.504049124609242574e-02
1.404900457051179441e-01
4.940451635942468833e-01
4.772711874603592641e-02
-7.576858010462765580e-02
4.497077466406333018e-02
3.300196968726648583e-01
3.147632751427029141e-01
4.427304594458942866e-01
7.218115848848735694e-02
2.933635607721735705e-01
-8.520456752121187416e-02
-1.019706343506134316e-01
-2.328036716681866972e-02
-6.110565429137997107e-02
-7.236761455431843515e-02
8.217027476093778926e-01
1.866019109948138521e-01
3.075518964115526166e-01
-6.829298045855948518e-02
1.522790140166192241e-01
2.520681565830649173e-01
9.396600165894138101e-02
-2.163416313376792521e-02
4.114715691026715749e-02
-6.928866745161370300e-02
4.552572210575007161e-01
9.284167525945801192e-01
1.352987902013968839e-02
-1.088781805350694763e-02
4.616886682830959043e-01
1.282181062024489171e-01
3.401953932559790283e-01
-5.547764956291048599e-02
-3.904934540906786211e-02
2.276516634012451246e-01
-3.666128859498441611e-02
7.385979253387207066e-01
8.331136432586744300e-01
1.475082254471917209e-01
3.262680329508461097e-01
1.130761939395305227e+00
2.392183198955020844e-03
1.638823795643989112e-01
4.498720727961719873e-03
8.098694700486301912e-01
3.676447468879285307e-01
7.536426808625313889e-01
2.643383189959274571e+00
-4.304472399709238783e-02
-1.566526314799733879e-02
-4.157938939154308920e-03
2.039601089513944365e-01
-4.976991311244479549e-02
3.789304771701526020e-01
6.661252264200484552e-01
1.588342756323295191e-01
-4.531530886620067228e-02
9.520594881826728306e-01
3.371379673835365187e-01
9.448745340589792541e-01
1.047286916123404965e-01
-3.417348754272899608e-02
7.892965275383556634e-02
-1.251833037788904757e-02
-3.335807447961097044e-02
-2.836633759837923693e-02
3.893020991074865877e-01
6.447450749264523225e-03
1.852259837058474190e-01
-1.567332434325804588e-02
-1.169221016606051267e-01
2.103123106847840790e-02
2.991886284023170806e-02
-4.055606142349681836e-02
-4.604337704808388054e-02
8.494440007042486362e-02
1.795254878641628637e-01
1.579228031489409156e-01
7.252545143670531547e-02
-8.906359436455091316e-02
2.099226099364163642e-02
-6.645969902477207036e-02
-3.093577900684437929e-02
-2.484711152523160632e-02
2.491596068630082816e-01
-4.298316477095757981e-02
-3.536921700462158230e-02
-2.949940042185826908e-02
3.455840288516723313e-01
-3.742617102573382593e-02
3.520830625753608167e-01
-2.242979953966141651e-02
5.966469138253539806e-02
-1.464115612934388522e-01
2.196694377131404308e-01
1.672837507676921409e-01
-3.640634452707133817e-02
1.775929964043698739e-01
7.635469666050520576e-02
3.471048928550223289e-01
1.488357023990694250e+00
1.298084947705988590e+00
4.704959319485892133e-02
1.032689471883637244e+00
-6.066165739428549392e-02
1.005872959316024273e-01
-1.011802668515614234e-01
1.359424519457049507e-01
1.039915441912767496e-01
-5.490991528131686228e-02
2.740964995730672538e-01
-5.823566836937085073e-02
-9.417265761790068190e-02
3.198725046176269932e-02
5.941867693586936339e-01
1.094599236154053107e-01
7.201502179156789307e-02
3.228453981146508361e-02
-1.913494716732050405e-02
-7.062363889785595872e-02
3.186618255178963466e-02
-8.934713719003961607e-02
1.243491725088610896e-02
-7.307163982449080275e-02
-6.671285897278145770e-03
-6.755884954601668047e-02
2.369631218594515920e-02
1.203282953012945328e-01
-1.840813381276558414e-02
2.382110936007442448e-01
7.121027887868390527e-02
-4.115002849681094477e-02
1.890404285782954774e-01
2.107468249571612606e+00
1.088941597365565605e-03
-3.329542784425552210e-02
1.197422838866033130e-02
-1.038939573646145142e-01
2.874633129618406890e-01
2.800004189122687337e-01
-6.089177027926777341e-02
7.556667614948094081e-02
-5.722859406629271506e-02
-9.259849934417264949e-02
2.762883323294595961e-01
7.852759512053490709e-02
9.145462521474901907e-01
3.679031185594741626e-02
3.500238365550352171e-01
1.950312371356949792e-01
1.868852150655753511e-02
3.280147942715714443e-02
-2.279894733236539073e-01
2.000566838528578251e-01
2.448255553452629296e-01
5.649246648685558175e-02
-4.507393008226823899e-03
7.332320611646827614e-03
4.701442430611234569e-01
5.224964529347976283e-01
-1.121575660285367877e-02
6.135595763332822583e-02
3.561752593999418792e-01
2.264965717289529890e-02
9.041966750153731039e-03
1.989229624283488929e-01
1.778062617130049929e-03
-6.068336788076970911e-02
1.543533739879678901e-01
1.159276840151692439e-01
1.283472838721365639e-01
-4.506704011172409097e-02
-5.279918746448670347e-02
8.960106502081578370e-03
9.049399714621228497e-02
1.331988396299207955e-03
4.673282439202766647e-01
-8.398121298851790595e-02
5.376256516465741098e-02
1.439752437072610580e-01
-7.216974820175522942e-02
1.986535125435311411e-01
-9.701795253822687731e-03
-8.342638022172069179e-02
-3.440857126481222661e-02
6.292535152987085989e-02
6.050835376023658979e-02
-9.090783238389832377e-02
-3.253897119315657394e-02
1.112158962483889568e-01
-1.274728927234512754e-01
-2.970135943677903664e-02
1.737378305045536586e-01
9.290126740232206373e-03
-3.750437128796125369e-02
-8.131132550372800749e-02
-5.340172671195098433e-03
2.541289881093569125e-01
-6.941924273613189755e-02
-4.594309250716707704e-02
1.253796412459299951e-02
6.970202805029438453e-01
1.816064984702267515e-01
1.884816674370045839e-02
-8.673817615931389557e-02
-1.009363910529912922e-01
-6.870616935288738347e-02
-3.083217405828732240e-03
4.900080181691028880e-01
-6.735055235785189498e-02
2.703845457659782153e-02
4.398783575405246227e-01
-6.972520541865027954e-02
8.015234020446535546e-01
2.620821740845702963e-01
7.674223708642538000e-01
-1.249246525184569308e-02
3.928446563442357098e-01
-6.741733378316358549e-02
-2.900202393859448516e-02
6.317408454339847046e-02
9.246878567401715932e-03
1.666738663111150265e-03
-3.148690214613925759e-02
-9.939608587795035685e-04
1.211913137464606827e+00
3.143579135404484665e-02
-2.003276952922171047e-02
3.667349880266576045e-01
3.511454594649033867e-01
3.171824139067143389e-02
8.664281734274510705e-02
2.929928762053452072e-03
2.758002605102213844e-02
5.487540209367095662e-02
6.832017385533459830e-01
5.223423296522761161e-01
1.114297911385510043e-01
-1.837419679459193628e-03
5.642847269963575246e-02
-8.452967155277392453e-02
3.030110400719857044e-01
1.445369039702367187e-01
6.594551304446953643e-02
-8.563499394047312252e-02
-3.549613367509538847e-02
2.585762010502533625e-01
4.408010458557967692e-01
4.314696802480331994e-02
5.623275555118728564e-01
9.506074859950751632e-01
3.206158671324295661e-01
1.583352997565435488e-02
2.716961945063122719e-01
3.438249220206325840e-01
1.065418294761307366e-01
5.496576160008530970e-02
2.173054310113423093e-02
5.490522625566705839e-02
-1.619376605801619851e-01
8.389750709063982237e-01
9.599828971874171946e-02
4.113466409999967377e-01
-6.439794615774109554e-02
2.889071991786829052e-01
4.165573158321437819e-01
9.761523663321670929e-02
3.207817435575129744e-02
-8.357746730578338723e-02
-1.534739766049908818e-02
-1.355864057756846729e-02
-3.879567150542119480e-02
-1.051317527686008481e-02
-8.081783403274288291e-02
3.570652935158244445e-01
4.360767176198117323e-02
1.591011182811580271e-01
4.456837187536978953e-03
-7.287295076140866412e-02
9.237845983127573879e-03
-3.085378816713526054e-02
-9.458749643555502962e-02
-3.059520366620735107e-02
2.250612751805161627e-01
-5.396541504342109580e-02
-3.222088126774496492e-02
-2.771164124947149074e-02
1.761823350916715547e-01
-3.638693810300817899e-02
-3.050323727378002545e-02
1.110255091160673446e-01
3.270924158119126873e-02
-8.730719689028894337e-03
7.336734847148500271e-02
-1.063589786080521848e-01
3.153355009257539643e-01
3.966619647035673352e-02
-3.414226436013906990e-02
-1.204030147707887549e-01
-8.994136366048148534e-02
3.406429723363540302e-02
-6.050887199770616648e-02
-1.750688587943784874e-02
-2.472869237885272353e-02
2.374837690866885009e-01
5.235763711881193799e-02
-2.739805685196195981e-02
-1.520540786034408343e-01
-6.237705310582872947e-02
4.380138833001181314e-02
-7.452085441936372179e-02
1.826985231437958795e-02
3.813589466311314569e-01
-4.339153035164534933e-02
2.519721603479968541e-01
5.452333453632923765e-01
2.219641681019393353e-01
-1.628480298049657382e-02
1.032075574953583708e+00
1.362970406653314814e+00
1.534473301232114617e-01
-3.326373764283120649e-02
3.488350823886585128e-01
5.846769419485471353e-01
2.693694723682351078e-01
9.945456053486272097e-02
-1.791719786536677406e-02
3.548254788924941061e-01
1.395546921798030138e-01
4.037454103888318269e-01
1.470577419973434496e-01
1.712136964684285792e-02
9.849482237521833827e-01
6.231154848444221406e-01
-8.201289313104806467e-02
-2.525327774411276552e-02
6.214895379061444181e-02
4.285257636488535443e-02
-1.130899097575781692e-01
2.036693581050125126e-03
-3.529759962514881361e-02
-3.037554058880969146e-02
8.873693385849108772e-02
-4.973912095547281670e-02
5.059285358895923568e-03
1.663339383276003502e-01
6.676572994106861891e-01
-5.506659803804109243e-02
-1.042799479058199516e-02
4.582014432368074486e-01
-1.121594486121307160e-01
-2.735557661948170849e-02
-9.314143796887969229e-03
-8.317370165301798957e-02
7.310736215088811663e-02
-7.642498437485116536e-02
-1.283185456403834745e-02
-3.358827811913252248e-02
-1.288363647646968528e-02
-6.491947060749551912e-02
4.255177730866750441e-01
-2.205886017479386646e-02
1.660143520407702383e-02
4.924600322270759195e-02
3.876991015672756613e-01
-3.206250744400618302e-02
5.663338196534192098e-03
-5.864201874574379025e-02
3.942886391456818518e-01
8.096213105738921112e-02
-4.205283060771342757e-02
3.066789751872714409e-01
7.779103613891505953e-01
-3.073094115547883500e-03
-4.669941371471787728e-02
7.634089452660496045e-02
1.783860484608786739e-02
4.412923331013968720e-01
5.982731912873106433e-02
4.026292820857552829e-02
-1.991513095260838764e-02
-1.271250938936307751e-01
-6.098891929816079027e-02
-4.033728288287657948e-02
-7.408699133737739473e-02
-3.617690845860733334e-02
1.767438294028036982e-01
-9.667787083133538850e-02
-1.119095781886637192e-02
6.115162656916226652e-02
-1.392940673528118324e-02
6.576927515323737206e-01
-6.880982754223869020e-03
1.122266745350394279e-01
-4.894089444201975281e-02
1.301900905969542999e-01
-1.105347503574103385e-01
-6.060593519019099457e-02
-2.302707511771763527e-02
1.100495828994486891e-02
4.124986159115689444e-01
9.403421355926954162e-01
-5.138449921548177840e-02
-2.816022433074100856e-02
1.082731474482431181e-03
-2.449834100210462884e-03
8.239052816227211695e-02
-5.155766919178519231e-02
-3.988955247988499458e-02
1.318878811427728892e-01
-9.283998475817349660e-02
9.335662914841755256e-02
1.484342109667145804e-01
-1.575105566978462213e-01
1.001651521726961737e-02
-3.323020158859282119e-02
2.420657720357193704e-03
-2.765668410825769530e-02
7.115416025622185725e-02
6.626071426729623903e-02
-2.900893293734825226e-02
7.324640936211655740e-02
-8.424623305523865763e-03
1.387603568861124972e-02
6.246765786229934170e-01
-9.611347028027999312e-03
-3.169191321634987762e-02
-3.296511277426421305e-02
6.052611608219263944e-02
-6.150988881002032033e-02
4.136090761069661781e-01
-1.466204650652670749e-02
2.966756310410494785e-02
1.209730513862824486e+00
-4.420134345675180015e-02
1.741873345144255916e-02
-7.818211902750892006e-02
-4.189875692457260825e-02
-9.749499941155568422e-03
3.326850787456504532e-01
-1.575830997417091706e-01
-3.093065073363811951e-02
1.797202997090369125e-01
6.543778505906794329e-02
2.297536408678958406e-02
1.353856968205845342e-02
2.912805300828451016e-01
9.141935287569877278e-02
9.292075501683530470e-02
-3.930808297144232355e-02
-8.261803683217919247e-02
-4.210200916638822538e-02
2.595577478265840843e-01
1.446061485423115744e-01
7.521902362713185353e-01
-7.256033632152616118e-03
8.064058219242271897e-02
1.400838153072611787e-02
2.710498435286345584e-02
-1.377612168898468270e-01
6.197838000277703374e-01
-3.262468891357567236e-02
-6.415338501121671533e-02
-4.974297139184122307e-02
2.063104560699683399e-01
-2.929381100307141411e-02
-3.004898403550750399e-02
-9.432299469765838273e-02
-1.591712877407872734e-02
-4.047522088402152364e-03
5.985370053296827295e-03
-8.498415178902096745e-02
2.620961354409843680e-01
-8.791670826051176113e-02
4.982410798761365833e-01
6.118509676318717450e-02
-1.365632318986895188e-01
1.662945870660709202e-01
-2.979525648203154922e-02
-6.612261432139908413e-02
-1.434846651174975438e-02
1.078291057430947747e-01
1.039381796348916032e+00
-5.463644532598922049e-02
4.097361378567636603e-01
1.291160596092450485e-01
-3.545488222891661489e-02
-2.744771043640878080e-02
5.281078175695922416e-01
-6.759891380345517398e-02
4.240513775132649654e-02
2.604702344581995010e-01
-9.299700268625418764e-02
5.735172779931546616e-01
2.342898533186379972e-01
7.098542338120992223e-01
5.109571104522373508e-01
2.700584092881398723e-02
1.130578966731667079e-01
1.093653154473795130e-01
7.659246937707604730e-02
-4.668716693609805117e-05
7.062513448511877900e-01
-1.117694454335321080e-01
1.382390506900001426e-01
-2.153721833780070441e-02
4.179756964663122569e-03
-9.986411993891816663e-02
-5.851005130127440168e-02
-1.307184615505319059e-01
-1.744876452201099201e-02
9.978612393444602491e-02
4.016366599436804186e-01
-5.245400999509879092e-02
-1.833505074430742329e-02
-1.343353481702089063e-02
1.506052426156186119e-01
1.395210756439835970e-02
-7.076133535996305401e-02
1.086477072957973411e-01
-2.387226802250329207e-03
1.217378605900714256e-01
-5.983347538806104565e-02
5.603462061913369596e-02
1.900921475955774098e-01
8.388439567223942017e-01
5.770997630792215061e-01
5.002652000191033510e-01
1.440001829434355875e-02
-4.606316793884115274e-02
-5.796981341274239086e-02
1.094429011918359451e-01
-9.059822061688448114e-02
-5.394230178380344382e-02
-1.033337507387102963e-02
8.759294376923675018e-02
8.103961528065929329e-03
1.908437365120443235e-03
9.766138249420737265e-04
-7.371537065048675702e-03
1.328345722672683582e-01
7.107203674287983219e-02
1.165559942330107596e-01
2.775363137783923642e-02
1.414518174949465745e+00
2.541797271778640718e-02
5.152030472544428391e-02
-4.319239103451467249e-02
1.678887263170461830e-01
-5.584612327162151446e-02
-1.359190157405994193e-01
3.384865038004516991e-01
1.088622517579814486e-01
-7.885200146193331594e-02
1.653934678364755995e-02
4.479167731151319221e-02
1.320035632186558963e-02
-5.081680202534070295e-02
-8.053570916346584896e-02
-6.248570239885208738e-02
-6.639257411968361999e-02
1.639842989788185823e-01
1.050010776277189306e+00
3.559627303609013693e-01
6.758357094260927234e-01
3.919732498542946586e-01
3.153625311217281985e-02
-9.162618554640837576e-03
1.885250071228193689e-03
-2.210054702539917398e-02
2.069539564688680638e-02
-4.465056264408327064e-02
2.384964274077872211e-03
9.224728208245787375e-02
2.022436740916083719e-01
3.657316598117345274e-02
-5.563561945492823124e-02
-2.791593436650124938e-02
-5.521426587843379641e-02
1.944572479115297958e-01
-9.480222880071909400e-03
5.496140258269953394e-02
-1.013071650593411754e-01
2.674715650968441105e-01
-7.223211474033004904e-03
-2.480485147550477850e-04
9.874594781381572373e-02
2.794663674352469429e-01
-7.190435104238530363e-03
2.360916466712717487e-02
-5.347070487617299611e-02
-1.969615094830736574e-02
-3.018943085968958575e-03
2.253318644710572138e-01
4.024811882849663736e-01
2.024968110063768423e-01
1.064773450181905889e-01
-1.186838180443478968e-01
-1.126537817520790151e-02
-3.621860517856669015e-02
6.970321494776964000e-02
-3.943225957143793592e-02
1.161214245984935056e+00
4.056445280519815899e-01
7.163681881249469585e-01
1.893214636918382487e-01
2.148873715852734345e-01
8.417939691484042086e-01
-9.512879342870250721e-02
3.710133378551024874e-01
-1.168497005466632571e-01
3.722603193905067442e-01
4.751132578343134766e-02
2.103830628132944969e-01
5.062871836012347582e-02
-3.116581449567245622e-03
1.845269913321326838e-01
1.436538130870186114e+00
5.149884108111211223e-01
8.507607372603382956e-01
-5.241032143276984356e-02
6.132513884930864689e-01
-9.856236190189690549e-02
1.029614751754710442e-02
-7.913619439097983876e-02
1.847282758710471207e-01
-9.807263074202673958e-02
-2.363444406944289339e-02
-1.304594071348797180e-01
-3.447278191326722668e-02
-1.345480260209705181e-01
-5.016518202521629000e-02
1.149102592145126167e-01
4.231617997554589297e-04
1.914538443764021713e-01
5.443550233482107037e-02
-5.661704788198069355e-02
5.380267069055465201e-02
5.400162141595409027e-02
3.745523284488427862e-02
3.604243835155021558e-01
2.655728709799822299e-02
-1.659324958809465719e-02
1.356964583959950274e-03
6.965525842536844647e-02
-8.404171146458935815e-02
-7.620939153248490472e-02
-2.362060112316799118e-03
-7.453777322360460866e-02
-5.388460175032207949e-02
-5.595590943255922961e-02
5.376234095889250580e-02
-5.733034242156836297e-02
1.546751671605213485e-01
-9.483208657962834132e-02
2.558746259217725694e-02
-6.702441306486095485e-02
2.980003193943296935e-01
-1.212340172415598549e-01
2.525308787985534043e-01
6.280842901722843985e-01
4.739200294068528496e-01
2.459506343596664923e-01
3.625647289927848987e-02
1.497704056276413231e-01
8.908588104449789435e-01
-1.372412795799872638e-02
8.601176941369709228e-02
7.527876700047638966e-03
-8.162616411738271224e-03
-3.986513542427812945e-02
-4.593985247264933958e-02
1.126009816236020131e-02
4.848872424440084927e-01
1.004870470781226571e-01
1.737386485083769194e-01
1.694206613391493754e-01
5.305489904361986725e-02
3.613305048488486132e-02
6.880943802737228554e-02
9.379795465765712603e-02
-1.000630427810872275e-01
1.519265952386872065e-01
2.204395341832254482e-02
-7.634902299249005098e-02
-6.043109291881832573e-02
7.653465840621927196e-02
1.507973592451713196e-01
-1.231790255135828578e-02
4.843757792711455012e-01
-1.440892199110607556e-02
7.350197904743256405e-01
5.348340353192267971e-01
-1.095488129476243286e-02
-6.417731813274234198e-02
7.566746203423091455e-02
3.327327595558730589e-01
-6.392642087686374597e-02
1.315994821109248980e-01
-1.033921276942178537e-03
7.688363910004282140e-03
1.121166221090148074e+00
7.133456838600144012e-02
1.283002826757748127e-02
3.201151994048469923e-02
1.301239679424780749e-01
-2.136623621083872868e-02
1.768652584594509192e-01
2.370526164758615106e-01
1.147132900224766966e-01
-6.062502512840075436e-02
7.214131222676799238e-02
2.297571539799733997e-01
-6.317772489198018870e-02
2.837917791341679208e-02
6.123780386526187641e-02
-1.402437604132044822e-03
2.733299190322051597e-01
2.245054803599700055e-01
4.058412015306494536e-01
-3.974544793590567560e-02
1.693645547267325080e-01
6.052027792110965809e-02
3.343766148856547066e-03
7.655104123898520685e-01
9.536645767063807455e-02
2.899792071021281212e-02
-3.785507819007209035e-02
2.379228845946184182e-02
-8.434748388647063388e-02
-1.076272074308376805e-03
-1.668761065145113812e-02
1.900773743250553927e-01
-3.229191993972652108e-02
-2.800859194199993574e-02
-5.869152801442225481e-02
4.804394238627291563e-03
3.955080517463312462e-01
5.248372513748972290e-01
2.928554476704798779e-02
2.877305378556619941e-01
2.481789865505836246e-01
-5.145440457824704272e-02
4.182900185007888405e-01
4.214636134961036174e-01
4.048381003788904808e-02
-2.254085106949129877e-02
-5.833318155584558268e-02
7.254874182632291280e-02
7.229686091635831868e-01
-2.509550299186967537e-02
-1.134349937044450279e-01
5.264531399195652994e-02
-7.433929129687256998e-02
-2.442433556349852403e-02
2.802981239586056425e-02
-4.934271748250277506e-02
5.479601435702319279e-01
-5.141873672072320989e-02
3.984227229759202543e-02
7.473431396911850433e-02
-4.106424648438019437e-02
1.631653216976467202e-01
2.251875404523863075e-02
4.183697501709762179e-01
-6.676382460286932330e-02
8.234842893779189543e-01
3.388239973113730263e-01
3.430438721311349689e-03
5.124762731593673210e-02
5.194526161780461671e-01
7.501845367461368319e-01
2.649665154861904903e-02
6.220188302100497779e-01
-4.383284652593569253e-02
-4.909119490150519460e-02
3.579406542082867130e-03
7.604649685588086294e-01
7.046025405463839097e-02
5.013493232833254876e-01
1.435944916086430954e-02
-1.193595287699861091e-01
7.801660898225395990e-02
-2.191974822527200523e-02
3.421164229425165820e-02
2.483743940766407754e-01
-5.023128817344669345e-02
1.041389445052450825e-02
1.180080413579211340e+00
4.674082249834287106e-01
-4.251539421430532151e-02
5.943262179257453592e-01
3.586239338649326730e-02
4.990939345424879048e-01
-6.678261019484560412e-02
-5.121801115134261978e-02
1.381827734739247970e-02
2.875377938591269431e-02
-1.287498818575021908e-01
1.431400377770115917e-01
1.484624202839284202e-01
4.657896520848726074e-01
1.935556435676842324e-01
3.825707371791193245e-01
-4.288161897813602512e-03
-4.003031269092103411e-02
5.424570874599886350e-02
5.111511049270526241e-01
9.731177719682879146e-02
1.560081215698585488e-01
7.824523722507775725e-02
6.856380672271937537e-02
2.434004786143883214e-01
6.735331501320367120e-02
1.764989525264671344e-01
2.606474338749571740e-02
-9.118249077938332670e-02
3.068916570787428300e-01
-1.842798456359515460e-02
1.429305871846545950e-01
1.269304384774232741e-01
1.372489653818608213e-01
5.523524785959352257e-02
1.739048206865370302e-02
2.432832297826595380e-02
1.057904954922559843e-01
1.640010140945374548e-02
3.196115144654056994e-01
-3.567368800767917875e-02
1.984207307807073564e-02
1.405111499762375094e-02
5.880350660799702478e-01
1.468340887416687279e-01
-7.850261944749951926e-02
1.163519048542130285e+00
-8.912473479149492228e-02
-4.929219580474204776e-02
5.742964247560279345e-01
3.347208848136024595e-01
1.921349108654515081e-01
7.802774917252243425e-02
1.132936088354947746e-01
4.755750283552158675e-01
1.014884673584951283e-02
2.462767435367839985e-01
1.716667271474589251e-01
4.957318562633617268e-03
2.394437393815618820e-01
-1.273238664970785701e-02
-4.081004892475706414e-02
1.176717341542231482e-01
-5.845816081579587910e-03
6.541035204520488644e-02
-3.851402218126061261e-02
1.217807153753840271e-01
-6.075137053884836769e-02
-3.037326281395486341e-02
9.885954454029804994e-02
-4.066951235318503471e-02
4.266718524618978714e-01
1.666478810137239919e-01
2.523814949012693765e-01
1.901894540793208077e-01
-5.928269747443434129e-02
-6.933464488206539378e-02
-8.243848851710401660e-02
3.519596125997944691e-01
-7.897546758909471804e-03
6.542919414621443421e-03
-3.888942632740461508e-02
2.004271674495194666e-01
2.392969822482025194e-02
5.517809347728543784e-02
-2.393420050630120505e-02
-6.766173992760826650e-02
-2.458793198064265773e-02
-7.140401036799468026e-02
-5.601327698644390646e-02
-6.175011232277964612e-02
6.681522825734572367e-03
-8.740789870929896455e-02
-7.389023026718233300e-02
1.291269179653136701e-01
4.251107728100756433e-01
-1.234018909302541517e-01
-8.808529299608200414e-02
8.551487991512053688e-02
3.677393496573602705e-02
7.052300026017201129e-02
-3.808237770630260727e-02
3.597843614856723327e-01
-1.810762920335283509e-03
4.771328865128495189e-01
-8.139929158603240178e-02
5.022254174917424319e-01
1.596266360531091999e-01
9.805696410903506910e-02
-4.120308988922736365e-02
5.426868605524185485e-01
-7.434301198660861476e-02
-7.796224313948277307e-02
6.805293239536924776e-02
2.547216044063572715e-01
7.096374098197403245e-03
5.365893043368871046e-03
7.256838536049700639e-02
1.611837639466271732e-01
1.115884469105755603e-02
1.113478971259925343e+00
-5.956062571028145070e-02
4.435711878578970091e-01
4.806879233517528660e-01
-6.348769082462118497e-03
2.713911182387186982e-01
4.716441409701717900e-03
-5.649620952128812240e-02
-3.482133138256669064e-02
-1.221323522957797475e-01
-3.621425211921069920e-02
3.760113692095484045e-02
-4.962393356375743858e-02
-2.407207282938224682e-02
-1.039283402059938133e-01
9.267437373834543080e-02
7.540117284810152198e-02
-3.328432961977393495e-02
3.617441949799109213e-02
-8.601086773991147016e-02
1.676504092507285382e+00
6.753173671446772997e-02
2.088401072271201531e-01
8.900363418057378739e-01
1.696235425162426758e+00
1.548421348545799339e-02
4.226340881172543223e-02
-3.741268970574400388e-02
5.515921602415940934e-03
-8.256099071101471315e-03
-7.211635818645789620e-02
-2.490109343645425383e-02
-1.240693150126811750e-01
-1.659905698390326881e-02
5.779886385035499785e-01
-5.582016515341688134e-03
8.253638073133706676e-02
1.708890363863798223e+00
-1.431035526913879141e-02
8.246590003519896003e-03
4.809035352714103317e-01
2.296519929783653619e-03
-1.439644795048426740e-01
2.580456882139117725e-01
-1.019428959757232439e-01
-2.563752851848939696e-02
2.091396055040549984e-01
4.854029395844713934e-01
3.087733930962731355e-02
2.125811133368269434e-01
3.773477110295475057e-01
-1.717722766565076345e-02
-4.729569228523029106e-02
-4.017193655669656915e-02
1.201491019994384235e+00
6.627020555606908392e-01
-1.156281546497713864e-01
-5.219742273733357640e-02
-5.053683606516577026e-02
-1.882128924465213335e-02
-8.147776915391154173e-02
-9.658635781588560676e-02
3.169059533462078582e-01
4.082161023802734490e-01
1.419456057897071181e-02
-3.199433961438913343e-02
2.507834667560896458e-01
9.887372195786320317e-01
-2.980454813430448435e-03
7.414494933459941928e-02
-6.334683439851380993e-02
-5.399331571665997448e-02
-2.769655264616845483e-02
-4.548940407237186262e-02
-7.490674590617080186e-02
3.819986441866074500e-02
-3.714102078880406749e-02
-5.400521530375174822e-02
1.194565741902944067e+00
3.694129736242628137e-02
3.181535283789378443e-01
4.052329833289985972e-01
4.003942667905225350e-01
9.373928471996059719e-02
3.676136165710600784e-02
-4.298066055442132521e-02
-2.206955495776119838e-02
2.364374765623810937e-01
1.220766664432518106e-01
9.467273800998273359e-05
6.999788879733197522e-01
1.419256146761094795e-01
-4.960950285259603521e-02
-1.514402161901907441e-02
-2.363075908623798321e-02
-9.026392411223986556e-02
1.122855952701720325e-02
2.884860896437666227e-03
-4.980810110701921339e-02
-1.473398937428812838e-01
3.216940328782813205e-03
-1.306964876840238099e-01
-1.262771920981799745e-01
-5.571080510458670948e-02
2.771034131218024776e-01
3.378887152615324130e-01
-3.634168977111966459e-02
1.687879491637268581e-01
3.633347628355860226e-01
6.114550684745593268e-01
1.912979348003490121e-01
-8.692558390692912973e-02
6.253838894970448203e-02
-5.747419016171419898e-02
1.893671501559788251e-01
-6.412673674293579984e-02
-2.187081132271740530e-02
-9.603132740324242522e-02
1.484722561554650822e-01
-3.596372597858676912e-02
-3.348945613517255535e-03
-2.386891322759722434e-02
1.188938272893773872e-02
-6.203535442107502296e-02
-4.284260799673086928e-02
2.667779990650081048e-02
-8.141528222815425098e-02
1.650653152184081152e-02
6.334400426384689808e-02
2.359024071486945720e-02
-3.432379433126159923e-02
-9.835780123071526104e-02
1.817982342178006694e-02
8.681198297898230776e-02
7.270217788530330266e-03
-4.027995028009602463e-02
-3.839477028770185707e-02
-2.566342228411278362e-02
2.164644695370195604e-01
-6.856437207477515672e-02
3.341438490206865512e-03
2.387367957875579372e-01
-1.187245779721546150e-02
-2.514324238318743632e-02
-7.237390730237623637e-02
8.241305885966750122e-02
2.126915158645413528e-01
-5.665166474128689039e-02
7.811675521499075736e-02
-9.168833598396151918e-02
-3.744572976534975284e-02
-4.418954192532238701e-02
7.149452041953824333e-01
4.432663146077026745e-02
3.473918885528989309e-01
-7.322624120543058668e-02
-6.940300444628932919e-02
5.230316173753551089e-03
3.001824628787533866e-01
-5.335668992446344905e-02
-3.404381141962153912e-02
3.031032123600646555e-02
7.274051757247147060e-03
5.699384503288554976e-02
2.345865936586105094e-01
1.045876032758352447e-01
8.611429276603196348e-01
1.327639686041915401e-01
1.128379369278653330e-02
3.799851412651479299e-01
-3.929518804500229529e-02
-9.196973362860014212e-02
-9.063938213885702755e-02
2.071506350922814321e-01
5.462501435399691463e-02
7.749817768508512339e-01
5.589444321756469325e-01
1.039626077177127350e-01
-5.336511679892082249e-02
8.018850450856932488e-01
7.509301225003271740e-02
2.122804446464557071e-01
1.066225607465834946e+00
1.239015761696792506e+00
1.047797000609864276e-01
-1.158559335934816747e-01
2.381044624553549371e-01
-4.596531655890129936e-02
4.539708682538321632e-02
-6.188404444255881515e-02
1.710780064846741111e-01
-4.194487561378457824e-02
2.923902555831822334e-04
-4.953175769272031431e-02
1.826679444796131813e-01
-4.645428247073758038e-02
-2.612764275950885118e-02
3.327629866252688529e-04
5.994074896947636233e-02
2.036453458758432367e-01
8.630613341502344285e-03
-1.187365483737706784e-02
-4.149968331457675602e-02
2.410386086183338716e-01
2.028535563308299025e-02
-4.678853243597077410e-02
1.238751631759915650e-02
-1.163746190145503083e-03
1.385935249379534051e-01
3.408267559008480996e-01
-3.169233201534294581e-02
5.641157582625946354e-01
2.108622568647143536e-01
5.312191226066972222e-02
-4.086925030892420152e-02
6.281532147517175924e-01
-1.238818379173208389e-01
4.098062683447216414e-02
1.890774289535194497e-01
-3.476713081948982348e-02
-6.715323173618098496e-02
6.147467410643953772e-02
2.270233323767917311e-02
1.579394088770754156e-01
1.520789004408804324e-01
7.173549028542853812e-01
3.305468826286876993e-01
-3.549764957682521177e-02
-1.019535459276922074e-01
6.053483485807784614e-01
3.433469867116486496e-01
6.607683707878889146e-02
-1.122977187640264961e-02
-2.155458546849585780e-02
7.201649680192204195e-02
-4.846314228156448772e-02
5.948818838717975233e-01
-8.261861602460518483e-02
-7.575083707623876672e-02
-7.175716863507822230e-02
6.052613693952191287e-01
7.866763650967389943e-02
-8.544836109533311685e-02
1.899142739582398293e-02
2.544288394079313731e-01
-1.759245415547341929e-02
9.934904311946020083e-01
1.433038422184492511e+00
-6.764733290600417892e-02
5.704466316543854720e-01
4.698625648440035163e-01
4.183982204028854901e-01
3.312750397755991338e-01
-1.054341065106251668e-01
