0.000000000000000000e+00
2.193083962440457485e-04
2.864843172912138547e-04
0.000000000000000000e+00
1.871282662585068075e-04
0.000000000000000000e+00
8.107062035691604569e-05
0.000000000000000000e+00
5.448470841800840016e-05
2.724235420900420008e-05
0.000000000000000000e+00
6.711094590500292457e-05
2.724235420900420008e-05
0.000000000000000000e+00
6.810588552251050189e-05
2.724235420900420008e-05
0.000000000000000000e+00
1.919653709681887535e-04
0.000000000000000000e+00
0.000000000000000000e+00
0.000000000000000000e+00
0.000000000000000000e+00
1.561258268844372917e-04
5.085239452347451811e-05
9.229180561260206085e-04
2.522787778237850216e-04
1.029155603451269743e-04
2.724235420900420008e-05
2.724235420900420008e-05
0.000000000000000000e+00
4.358776673440671335e-05
3.280561687653226984e-04
2.613044603709177831e-04
1.207860790249651794e-04
4.540392368167367470e-05
1.673556422325258133e-04
0.000000000000000000e+00
1.905554636739873776e-03
3.200293188055490664e-04
0.000000000000000000e+00
3.549289576944547327e-04
6.632984256338402300e-04
0.000000000000000000e+00
1.040853636857376572e-04
0.000000000000000000e+00
0.000000000000000000e+00
3.552132340191143430e-03
5.150102200464130067e-05
7.264627789067788495e-05
2.673551086754936273e-03
8.021359850429019456e-05
5.181762478915483600e-05
1.051169627054505425e-04
1.286901211213350917e-04
0.000000000000000000e+00
0.000000000000000000e+00
1.014265822878066339e-03
9.200851594851098354e-05
4.639344489147273791e-04
5.679397984587438363e-04
7.150941065484515882e-04
0.000000000000000000e+00
0.000000000000000000e+00
0.000000000000000000e+00
1.248713135540571804e-04
0.000000000000000000e+00
0.000000000000000000e+00
2.724235420900420008e-05
2.724235420900420008e-05
7.351419460294487083e-04
5.448470841800840016e-05
0.000000000000000000e+00
5.308766461241839861e-05
0.000000000000000000e+00
1.601407900688442724e-04
2.724235420900420008e-05
8.613772949894662068e-05
0.000000000000000000e+00
0.000000000000000000e+00
9.846165164111519118e-05
0.000000000000000000e+00
0.000000000000000000e+00
1.851831458731119080e-04
2.618198044277076004e-04
1.285256011769151546e-04
0.000000000000000000e+00
2.798434890539356918e-04
2.681304296723607296e-04
6.376493064789072549e-04
1.678265172610794167e-04
7.058246317787446864e-05
0.000000000000000000e+00
2.938012228234966887e-04
7.661912121282431632e-05
0.000000000000000000e+00
1.899757822617329525e-04
2.724235420900420008e-05
0.000000000000000000e+00
2.724235420900420008e-05
2.724235420900420008e-05
9.807247515241511351e-05
2.724235420900420008e-05
2.724235420900420008e-05
1.755618382358048457e-04
4.086353131350630520e-05
0.000000000000000000e+00
0.000000000000000000e+00
2.724235420900420008e-05
0.000000000000000000e+00
2.725183139346820920e-04
0.000000000000000000e+00
1.049624470679951481e-04
0.000000000000000000e+00
2.724235420900420008e-05
5.179539909224771494e-05
0.000000000000000000e+00
1.698465197723669654e-04
0.000000000000000000e+00
0.000000000000000000e+00
0.000000000000000000e+00
0.000000000000000000e+00
4.903623757620757708e-05
1.660104806209765750e-04
0.000000000000000000e+00
1.037424881614834420e-04
5.063225428744213554e-05
4.754310298449359934e-04
2.467404921481709161e-04
1.212634023252085971e-04
1.037803969866826618e-04
1.417897497228262952e-04
0.000000000000000000e+00
2.833690555697622286e-04
1.605785434208524586e-04
9.534823973151470536e-05
8.172706262701261040e-05
0.000000000000000000e+00
6.084215830603758538e-04
0.000000000000000000e+00
5.321906837556111434e-04
0.000000000000000000e+00
2.724235420900420008e-05
4.145610727568640953e-04
0.000000000000000000e+00
2.950106521337825314e-04
2.724235420900420008e-05
4.086353131350630520e-05
0.000000000000000000e+00
2.724235420900420008e-05
1.102666717983503383e-04
0.000000000000000000e+00
4.843085192711857415e-05
0.000000000000000000e+00
2.724235420900420008e-05
1.721750098010717896e-04
0.000000000000000000e+00
0.000000000000000000e+00
0.000000000000000000e+00
0.000000000000000000e+00
1.812342448349488981e-04
1.580237780804895256e-04
4.086353131350630520e-05
5.291705376403749460e-05
6.856662639214001738e-04
8.423464311545960769e-04
1.921675429099388801e-04
2.118868882603894797e-03
4.339446697558465259e-03
6.981378338581385040e-04
2.216652821653701620e-03
8.839404703527420706e-03
2.931704195206075842e-04
2.724235420900420008e-05
0.000000000000000000e+00
1.065656796999281706e-04
2.724235420900420008e-05
1.598218113594913252e-04
0.000000000000000000e+00
2.004028293700894480e-04
3.946467952352111937e-04
0.000000000000000000e+00
1.021588282837658003e-04
7.182954518507179975e-03
0.000000000000000000e+00
3.415235998718321557e-04
5.361800335932303358e-05
9.246695672954047230e-05
2.151054094890739914e-04
0.000000000000000000e+00
2.126318815533964342e-04
6.050104605451525879e-04
2.724235420900420008e-05
5.074710585559785410e-04
4.086353131350630520e-05
2.416762784399536785e-04
0.000000000000000000e+00
0.000000000000000000e+00
9.745333073857421330e-05
2.826775261131164556e-04
0.000000000000000000e+00
2.592283581797280296e-04
3.824809618547758781e-04
0.000000000000000000e+00
2.661598266378794285e-04
0.000000000000000000e+00
2.168541843840825678e-04
4.788297326226749885e-04
5.334961032596662555e-05
1.163738786015440090e-04
5.448470841800840016e-05
5.448470841800840016e-05
7.764070949566196430e-05
4.903264405334230216e-04
1.182737285812458013e-04
0.000000000000000000e+00
0.000000000000000000e+00
0.000000000000000000e+00
0.000000000000000000e+00
5.293805707159045248e-04
2.724235420900420008e-05
1.050776519490162134e-04
0.000000000000000000e+00
1.552814189913239286e-04
7.574490567762770304e-04
8.335979474211210969e-04
0.000000000000000000e+00
0.000000000000000000e+00
0.000000000000000000e+00
6.356549315434311884e-05
2.724235420900420008e-05
5.448470841800840016e-05
4.025396196079609676e-03
4.270673243400783907e-04
4.699095540638949871e-04
2.104513738427330263e-03
0.000000000000000000e+00
1.001288303822515268e-04
2.724235420900420008e-05
2.744991500297757551e-04
2.724235420900420008e-05
1.699207446874756921e-04
5.240529621152274157e-05
0.000000000000000000e+00
1.463381426452329322e-03
0.000000000000000000e+00
0.000000000000000000e+00
5.189019849334135123e-05
0.000000000000000000e+00
4.767411986575735268e-05
1.305648456541901525e-04
2.724235420900420008e-05
2.661855232510738174e-04
0.000000000000000000e+00
2.724235420900420008e-05
6.119540598737274522e-04
1.656968039086048128e-04
9.080784736334732230e-05
4.358776673440671335e-05
0.000000000000000000e+00
0.000000000000000000e+00
7.021663432983185366e-04
0.000000000000000000e+00
5.318892918119244400e-05
0.000000000000000000e+00
0.000000000000000000e+00
0.000000000000000000e+00
0.000000000000000000e+00
3.336939370710175477e-04
0.000000000000000000e+00
2.724235420900420008e-05
7.900282720611220225e-05
4.358776673440671335e-05
9.963524225953777902e-05
0.000000000000000000e+00
0.000000000000000000e+00
3.632313894533893570e-05
4.540392368167367470e-05
0.000000000000000000e+00
4.865579172735785287e-04
1.117166415853637607e-04
7.083012094341091004e-05
0.000000000000000000e+00
1.322410428124870725e-04
0.000000000000000000e+00
7.978118018351230338e-05
0.000000000000000000e+00
2.724235420900420008e-05
2.795305237969468448e-04
0.000000000000000000e+00
2.724235420900420008e-05
0.000000000000000000e+00
0.000000000000000000e+00
0.000000000000000000e+00
2.724235420900420008e-05
1.501286255130305884e-03
0.000000000000000000e+00
0.000000000000000000e+00
2.724235420900420008e-05
0.000000000000000000e+00
6.674580373488375696e-04
0.000000000000000000e+00
1.592479331379661773e-04
0.000000000000000000e+00
7.231576362153757263e-04
0.000000000000000000e+00
0.000000000000000000e+00
0.000000000000000000e+00
0.000000000000000000e+00
0.000000000000000000e+00
0.000000000000000000e+00
5.316401614831558933e-05
5.433784936566834572e-05
8.149291592134123819e-05
2.839144899932384948e-04
1.880336929613974045e-04
0.000000000000000000e+00
1.490503649928980924e-04
1.370716549562280354e-03
6.666628656312022921e-04
0.000000000000000000e+00
4.953246571782777934e-03
3.632313894533893570e-05
9.889661359907406723e-05
1.044290244678494308e-04
1.581888961427853281e-04
4.083081200916493744e-04
5.189019849334135123e-05
9.787207560354991057e-05
9.311088893903057503e-05
2.363262933122737479e-04
1.285655976787961844e-04
5.085239452347452488e-05
0.000000000000000000e+00
0.000000000000000000e+00
8.749942703618231524e-03
0.000000000000000000e+00
0.000000000000000000e+00
1.358734196280270200e-04
2.087164062286725658e-04
7.587906246371075452e-05
8.089453856327321691e-05
0.000000000000000000e+00
2.724235420900420008e-05
2.724235420900420008e-05
6.193522309256943538e-04
0.000000000000000000e+00
0.000000000000000000e+00
4.206191472930045677e-04
0.000000000000000000e+00
2.724235420900420008e-05
5.448470841800840016e-05
0.000000000000000000e+00
5.358699183567190689e-05
0.000000000000000000e+00
0.000000000000000000e+00
1.794451179331146362e-04
1.308349906090332802e-04
1.046452336282383493e-04
2.273499315996491837e-04
0.000000000000000000e+00
2.724235420900420008e-05
0.000000000000000000e+00
0.000000000000000000e+00
0.000000000000000000e+00
3.966718867522741731e-04
0.000000000000000000e+00
0.000000000000000000e+00
0.000000000000000000e+00
0.000000000000000000e+00
3.744594725352708956e-04
1.572013342182433193e-04
4.478826581035283243e-03
9.533423374156504678e-04
8.008437767317313181e-05
8.086829501452061050e-05
0.000000000000000000e+00
2.128232494126645175e-04
0.000000000000000000e+00
1.586469683068824287e-04
5.448470841800840016e-05
1.461181472051478834e-03
0.000000000000000000e+00
0.000000000000000000e+00
3.125107110987246101e-04
0.000000000000000000e+00
9.807247515241511351e-05
0.000000000000000000e+00
0.000000000000000000e+00
0.000000000000000000e+00
3.404384265154638254e-04
4.540392368167367470e-05
0.000000000000000000e+00
0.000000000000000000e+00
7.936955120507955055e-05
2.438029694884308546e-04
2.330459573697541136e-04
0.000000000000000000e+00
5.085239452347452488e-05
0.000000000000000000e+00
5.448470841800840016e-05
5.403442157157857447e-05
0.000000000000000000e+00
2.724235420900420008e-05
3.940282245975662827e-04
2.474354647210087830e-03
1.032939263758076088e-04
0.000000000000000000e+00
1.693299271422417959e-04
4.903623757620757031e-05
1.020166871988947334e-04
8.116301431111580490e-05
8.172706262701261040e-05
9.355325132587476861e-03
7.264627789067788495e-05
5.074335569870474724e-04
1.006773572166957129e-03
4.358776673440671335e-05
6.840857834705499319e-05
5.241657490468077871e-03
1.041759316426603844e-03
0.000000000000000000e+00
1.712661697026416111e-04
1.294865339954232920e-04
2.478870955321785968e-04
1.443584080692447930e-04
4.540392368167366793e-05
2.724235420900420008e-05
0.000000000000000000e+00
0.000000000000000000e+00
5.026831801545959648e-04
4.068892328548701109e-04
0.000000000000000000e+00
2.161551080988251316e-04
0.000000000000000000e+00
5.100865478030105083e-04
0.000000000000000000e+00
5.107941414188287981e-05
0.000000000000000000e+00
0.000000000000000000e+00
5.448470841800840016e-05
8.091385802375868097e-05
3.632313894533893570e-05
2.581738658156202044e-04
1.938334778264904777e-04
0.000000000000000000e+00
0.000000000000000000e+00
9.675955462712864741e-04
4.450075374033011437e-04
2.330662111334084530e-04
2.724235420900420008e-05
0.000000000000000000e+00
0.000000000000000000e+00
0.000000000000000000e+00
4.958643523830675442e-04
2.736022978010085849e-04
0.000000000000000000e+00
4.733863214000091565e-04
4.241225473977463015e-04
2.058771632726763654e-04
7.961377516403305267e-04
0.000000000000000000e+00
5.176047299710797168e-05
0.000000000000000000e+00
1.035209459942159840e-04
0.000000000000000000e+00
0.000000000000000000e+00
0.000000000000000000e+00
0.000000000000000000e+00
7.394353285301140941e-05
2.724235420900420008e-05
0.000000000000000000e+00
0.000000000000000000e+00
0.000000000000000000e+00
3.045157221302876357e-04
2.724235420900420008e-05
0.000000000000000000e+00
0.000000000000000000e+00
1.525480870416955374e-04
0.000000000000000000e+00
5.016052521022995592e-05
0.000000000000000000e+00
9.210510232568088743e-05
7.929470957263720968e-05
7.436695682386085899e-04
0.000000000000000000e+00
0.000000000000000000e+00
2.724235420900420008e-05
8.053733617543741390e-04
1.185042408091682627e-04
0.000000000000000000e+00
0.000000000000000000e+00
2.724235420900420008e-05
2.064256958813234745e-04
7.665332848629949694e-04
5.253882597450809313e-05
0.000000000000000000e+00
8.042218233264705144e-05
5.448470841800840016e-05
2.852119864668148136e-04
0.000000000000000000e+00
0.000000000000000000e+00
0.000000000000000000e+00
1.804805966346528226e-04
4.358776673440671335e-05
7.083012094341091004e-05
1.100155573973343260e-04
0.000000000000000000e+00
9.067812186711400374e-05
6.173818642579717922e-04
4.358776673440671335e-05
0.000000000000000000e+00
0.000000000000000000e+00
5.189019849334135123e-05
2.943722222945024600e-04
8.829759282414507537e-04
4.767411986575735268e-05
2.201039989607148518e-03
3.120976710293807735e-04
1.320206396282511618e-04
5.448470841800840016e-05
2.345112658158445332e-04
1.157800053882678546e-04
0.000000000000000000e+00
5.381205769679846241e-05
0.000000000000000000e+00
2.656477362973825337e-04
4.540392368167366793e-05
0.000000000000000000e+00
0.000000000000000000e+00
2.662513668212130626e-04
0.000000000000000000e+00
0.000000000000000000e+00
2.724235420900420008e-05
0.000000000000000000e+00
5.305090030174498144e-05
3.632313894533893570e-05
5.176047299710799201e-05
4.086353131350630520e-05
0.000000000000000000e+00
5.448470841800840016e-05
4.540392368167366793e-05
5.355254020401252241e-05
0.000000000000000000e+00
2.724235420900420008e-05
0.000000000000000000e+00
0.000000000000000000e+00
1.190036051136490064e-04
0.000000000000000000e+00
1.748478729519755510e-03
1.466660418733108573e-04
0.000000000000000000e+00
1.216825154668854620e-04
2.271345441352308622e-04
0.000000000000000000e+00
0.000000000000000000e+00
1.291176308876877850e-04
0.000000000000000000e+00
0.000000000000000000e+00
0.000000000000000000e+00
5.448470841800840016e-05
0.000000000000000000e+00
8.354321957427955820e-05
1.386209588322119221e-04
0.000000000000000000e+00
1.124660408436859268e-04
4.086353131350630520e-05
8.131740316522302928e-05
3.632313894533893570e-05
0.000000000000000000e+00
0.000000000000000000e+00
0.000000000000000000e+00
1.186039079587134117e-04
3.867637756033901440e-04
2.724235420900420008e-05
0.000000000000000000e+00
5.518705341285398865e-04
4.540392368167366793e-05
0.000000000000000000e+00
2.265605897293888568e-04
5.448470841800840016e-05
9.214325688339658211e-05
2.880635222018465666e-04
6.810588552251050189e-05
1.460159900037609536e-04
1.072796956251853573e-04
1.816748677600648091e-04
4.086353131350630520e-05
7.491647407476155615e-05
8.172706262701261040e-05
0.000000000000000000e+00
5.679655331404061995e-04
7.355435636431137240e-05
1.543733405176904818e-04
0.000000000000000000e+00
5.448470841800840016e-05
5.123420024534309131e-05
0.000000000000000000e+00
2.724235420900420008e-05
3.364018312211949089e-04
7.624993285529964738e-04
0.000000000000000000e+00
5.029357700123850394e-05
1.996251315719633807e-04
0.000000000000000000e+00
0.000000000000000000e+00
7.567320613612277085e-05
0.000000000000000000e+00
0.000000000000000000e+00
0.000000000000000000e+00
0.000000000000000000e+00
1.679945176221925632e-04
3.256418211822868238e-04
9.975654795806271173e-05
0.000000000000000000e+00
2.170868527102848570e-04
0.000000000000000000e+00
1.000632625753808386e-04
0.000000000000000000e+00
8.075816790041816619e-05
5.016052521022995592e-05
5.029357700123850394e-05
5.354992175397358219e-05
2.212837422584141992e-04
0.000000000000000000e+00
1.299289872078367928e-04
1.037305025650544707e-04
1.088297124554578544e-04
1.704149211076796846e-04
1.023101746960379782e-04
0.000000000000000000e+00
5.176047299710797168e-05
1.590068272617518061e-04
2.724235420900420008e-05
9.534823973151469181e-05
0.000000000000000000e+00
0.000000000000000000e+00
1.191088700859099358e-04
2.724235420900420008e-05
1.826476020830963528e-04
8.854733027032813970e-04
7.394353285301140941e-05
5.448470841800840016e-05
5.161709218548167114e-05
7.394353285301140941e-05
7.083012094341091004e-05
0.000000000000000000e+00
0.000000000000000000e+00
0.000000000000000000e+00
1.401035359320216178e-04
2.724235420900420008e-05
2.724235420900420008e-05
2.150696570293517389e-04
9.555462120279500091e-05
0.000000000000000000e+00
2.724235420900420008e-05
3.356015072712775424e-04
1.226953722259381725e-04
1.327445623275113934e-04
1.265884978698921654e-04
1.650721023023582837e-04
0.000000000000000000e+00
2.724235420900420008e-05
5.859682154898163478e-03
5.221451223392475606e-05
4.843085192711857415e-05
1.821470703170350886e-04
0.000000000000000000e+00
2.785206404130096606e-04
0.000000000000000000e+00
2.563955300342636860e-04
1.168327827810910135e-04
1.025502414189525635e-04
2.459683425114855913e-04
0.000000000000000000e+00
0.000000000000000000e+00
1.924261527461408128e-04
3.134892962105952433e-04
1.498329481495231123e-04
0.000000000000000000e+00
2.718684364375828304e-04
0.000000000000000000e+00
4.783700261467463779e-04
1.456175227956950716e-02
2.003439663913235348e-04
2.525501480904802942e-04
3.981140387500879674e-03
3.271103747502624283e-04
2.162567153449157465e-04
1.374225423431989690e-04
5.107941414188287981e-05
2.078945354389657334e-04
0.000000000000000000e+00
1.011858870620155858e-04
1.334370868200298200e-04
0.000000000000000000e+00
3.193522373850100470e-04
0.000000000000000000e+00
0.000000000000000000e+00
3.669516263802000047e-04
8.137326581910345874e-05
0.000000000000000000e+00
0.000000000000000000e+00
0.000000000000000000e+00
0.000000000000000000e+00
1.856371851099286043e-04
1.240057811721555290e-04
0.000000000000000000e+00
1.535720948056609205e-04
9.988863209968208842e-05
0.000000000000000000e+00
2.724235420900420008e-05
0.000000000000000000e+00
5.371731815859983553e-05
1.963439291647168204e-04
0.000000000000000000e+00
1.058668909820446733e-04
0.000000000000000000e+00
1.891344318701490264e-04
0.000000000000000000e+00
7.900282720611220225e-05
0.000000000000000000e+00
1.290984896682254447e-04
5.434108577307535592e-05
4.877326745817553086e-04
1.063749069113497514e-04
7.010817035567749509e-05
3.388146203462840517e-04
9.231387431593355804e-05
0.000000000000000000e+00
2.724235420900420008e-05
2.487769125330443858e-04
4.086353131350630520e-05
2.724235420900420008e-05
2.724235420900420008e-05
4.540392368167367470e-05
0.000000000000000000e+00
5.448470841800840016e-05
2.724235420900420008e-05
2.724235420900420008e-05
2.724235420900420008e-05
1.914500147471740680e-04
0.000000000000000000e+00
2.724235420900420008e-05
5.448470841800840016e-05
0.000000000000000000e+00
5.448470841800840016e-05
2.724235420900420008e-05
6.538165010161008019e-05
2.119442457062294127e-04
2.724235420900420008e-05
1.595071036177153222e-04
3.099614351338819251e-04
1.849109663288204186e-04
4.609104021369893746e-04
5.347168691322411334e-05
1.147628979379759729e-03
0.000000000000000000e+00
7.627859178521178055e-05
2.249279971597495842e-04
5.260592536911151928e-05
0.000000000000000000e+00
0.000000000000000000e+00
7.462036152901150795e-05
0.000000000000000000e+00
4.670117864400721272e-05
2.724235420900420008e-05
0.000000000000000000e+00
4.670117864400720594e-05
1.228396133982369829e-04
1.978313725672046098e-04
2.199796746617257396e-04
1.282759548189197718e-04
8.172706262701261040e-05
0.000000000000000000e+00
5.365918253288697401e-05
3.654109287134022291e-03
7.982846544615781548e-04
8.089027659500416345e-05
2.172469643587890452e-04
0.000000000000000000e+00
2.041092426844172414e-03
0.000000000000000000e+00
7.782497475622684449e-05
0.000000000000000000e+00
2.724235420900420008e-05
0.000000000000000000e+00
2.859282988774116069e-04
4.863950192045036905e-04
2.059051209478123543e-04
5.278206127994563998e-05
4.358776673440671335e-05
1.212488802396095378e-03
5.301905346471495143e-04
2.724235420900420008e-05
0.000000000000000000e+00
3.361469619354518694e-04
0.000000000000000000e+00
0.000000000000000000e+00
3.056954460811359305e-04
1.539076592491604722e-04
1.051292839873178766e-04
8.845752660806064890e-05
6.027194487585022962e-04
1.315780905954703139e-04
2.724235420900420008e-05
5.359151647672950983e-05
0.000000000000000000e+00
0.000000000000000000e+00
1.007967105733155352e-04
2.970963335851932170e-04
3.544705665692950733e-04
7.913255270234554792e-05
9.635036271385999428e-04
4.358776673440671335e-05
2.724235420900420008e-05
7.022842776590275653e-04
0.000000000000000000e+00
6.693103356069946691e-04
3.482094424667631387e-04
0.000000000000000000e+00
2.848231374383465857e-04
2.279276968820018135e-04
1.741374014144190824e-04
0.000000000000000000e+00
0.000000000000000000e+00
2.724235420900420008e-05
8.561882751401322445e-05
2.724235420900420008e-05
0.000000000000000000e+00
1.712060437018229225e-04
2.724235420900420008e-05
5.448470841800840016e-05
1.333099622501031866e-04
6.959298518549451146e-05
1.116936522569172085e-04
2.724235420900420008e-05
3.263505799840127927e-04
9.623544283793815639e-05
0.000000000000000000e+00
1.971734539250045222e-04
0.000000000000000000e+00
2.724235420900420008e-05
0.000000000000000000e+00
3.769144019259145916e-04
0.000000000000000000e+00
0.000000000000000000e+00
3.090680518200605745e-04
0.000000000000000000e+00
7.518889761685158748e-05
1.323259746441999380e-03
2.985798649265766595e-03
0.000000000000000000e+00
2.724235420900420008e-05
0.000000000000000000e+00
0.000000000000000000e+00
0.000000000000000000e+00
1.016106903446506102e-03
4.235502136145351542e-04
0.000000000000000000e+00
4.086353131350630520e-05
0.000000000000000000e+00
0.000000000000000000e+00
0.000000000000000000e+00
0.000000000000000000e+00
0.000000000000000000e+00
2.338216723884990690e-04
0.000000000000000000e+00
0.000000000000000000e+00
1.176290339544898493e-04
0.000000000000000000e+00
2.318407566825241505e-04
0.000000000000000000e+00
1.302281968384886787e-03
1.225905939405188953e-04
0.000000000000000000e+00
4.670117864400721272e-05
0.000000000000000000e+00
4.259347196757137083e-04
1.344030642635904145e-04
1.488935566250747667e-04
9.353208278424774401e-05
3.385983238708384726e-04
2.724235420900420008e-05
0.000000000000000000e+00
2.948837209767827400e-04
4.318062530279566033e-03
0.000000000000000000e+00
1.054948109197753565e-04
0.000000000000000000e+00
4.358776673440671335e-05
0.000000000000000000e+00
0.000000000000000000e+00
2.724235420900420008e-05
5.448470841800840016e-05
1.204370481532457670e-04
0.000000000000000000e+00
1.362117710450210038e-04
0.000000000000000000e+00
0.000000000000000000e+00
2.724235420900420008e-05
0.000000000000000000e+00
1.271309863086862648e-04
4.358776673440671335e-05
2.680677185173286768e-04
2.724235420900420008e-05
4.670117864400721272e-05
0.000000000000000000e+00
1.883035699716979479e-04
4.540392368167367470e-05
5.448470841800840016e-05
0.000000000000000000e+00
2.227054120492394449e-04
7.677390731628456848e-05
9.902204052176137930e-04
0.000000000000000000e+00
2.323973298885873039e-04
0.000000000000000000e+00
1.513347702405322555e-04
0.000000000000000000e+00
0.000000000000000000e+00
0.000000000000000000e+00
0.000000000000000000e+00
0.000000000000000000e+00
7.192937383254615865e-05
1.236923067945595184e-04
4.012028052920462882e-04
0.000000000000000000e+00
2.724235420900420008e-05
5.448470841800840016e-05
0.000000000000000000e+00
0.000000000000000000e+00
0.000000000000000000e+00
0.000000000000000000e+00
0.000000000000000000e+00
0.000000000000000000e+00
1.351073553913442889e-04
0.000000000000000000e+00
0.000000000000000000e+00
0.000000000000000000e+00
0.000000000000000000e+00
0.000000000000000000e+00
7.792580390017484577e-05
2.724235420900420008e-05
0.000000000000000000e+00
0.000000000000000000e+00
0.000000000000000000e+00
7.429732966092054752e-05
2.724235420900420008e-05
1.503580900188680237e-04
8.013653009417785592e-05
0.000000000000000000e+00
0.000000000000000000e+00
2.724235420900420008e-05
0.000000000000000000e+00
0.000000000000000000e+00
0.000000000000000000e+00
0.000000000000000000e+00
2.724235420900420008e-05
8.052252108430354028e-05
0.000000000000000000e+00
1.074912447017315224e-03
0.000000000000000000e+00
0.000000000000000000e+00
0.000000000000000000e+00
1.604503364504948214e-04
7.963162951221670850e-04
1.230719486141886639e-03
0.000000000000000000e+00
2.724235420900420008e-05
2.334460199140821570e-04
7.179873798195329033e-05
0.000000000000000000e+00
0.000000000000000000e+00
1.789089173660942528e-02
3.001615221843980264e-03
0.000000000000000000e+00
0.000000000000000000e+00
2.724235420900420008e-05
0.000000000000000000e+00
9.496243820452840781e-03
8.438389129397923065e-04
2.762788610022563242e-03
3.269896869002168510e-04
5.984257313869601955e-04
0.000000000000000000e+00
7.575975339120789810e-04
0.000000000000000000e+00
1.253148293614193712e-04
9.968225062840171155e-05
3.171561828809196337e-04
5.448470841800840016e-05
0.000000000000000000e+00
1.133140305619376089e-03
8.415054644525020531e-04
0.000000000000000000e+00
4.358776673440671335e-05
1.186090190945875399e-04
0.000000000000000000e+00
2.929211218898368431e-04
0.000000000000000000e+00
0.000000000000000000e+00
0.000000000000000000e+00
2.724235420900420008e-05
0.000000000000000000e+00
4.903623757620757708e-05
0.000000000000000000e+00
0.000000000000000000e+00
2.724235420900420008e-05
2.724235420900420008e-05
4.086353131350630520e-05
2.089464137225721316e-03
5.302223475628862879e-05
0.000000000000000000e+00
0.000000000000000000e+00
0.000000000000000000e+00
0.000000000000000000e+00
0.000000000000000000e+00
0.000000000000000000e+00
1.552814189913239557e-04
0.000000000000000000e+00
0.000000000000000000e+00
0.000000000000000000e+00
0.000000000000000000e+00
5.829618003313335453e-04
9.080784736334732230e-05
0.000000000000000000e+00
5.292800246320816403e-05
1.536402401027203658e-04
3.515169369475248419e-04
2.243697285934964137e-04
1.521668691387740462e-04
0.000000000000000000e+00
1.162959590664686002e-04
0.000000000000000000e+00
0.000000000000000000e+00
1.817351787363832318e-04
0.000000000000000000e+00
0.000000000000000000e+00
0.000000000000000000e+00
1.876970687470886582e-04
2.087794144660878350e-04
2.896953977110697221e-04
6.538165010161006664e-05
1.346810101894674002e-04
2.724235420900420008e-05
0.000000000000000000e+00
2.568559882975038453e-04
0.000000000000000000e+00
2.724235420900420008e-05
6.155339923812013338e-04
2.074610051301089143e-04
8.017767804060651853e-05
1.124764785272909924e-04
5.448470841800840016e-05
0.000000000000000000e+00
2.724235420900420008e-05
6.869599022342252447e-05
5.200813076264441308e-05
9.982123858653885271e-04
0.000000000000000000e+00
9.597690944403021961e-05
8.069904926063502118e-05
1.896528312424257661e-03
4.495500637627654339e-02
2.706803661904006448e-05
3.038275686230384152e-03
1.981995211994164207e-04
7.668218221793780961e-05
4.903623757620757708e-05
4.767411986575734997e-04
1.423521112000664568e-04
1.775743450979630142e-04
1.365515066977440121e-04
2.724235420900420008e-05
1.724085410279453244e-04
1.049874684489611026e-04
8.172706262701261040e-05
0.000000000000000000e+00
3.244421703018343021e-04
2.060833650368237326e-03
7.539611670963441807e-04
8.492628353501616980e-04
0.000000000000000000e+00
0.000000000000000000e+00
0.000000000000000000e+00
0.000000000000000000e+00
2.724235420900420008e-05
0.000000000000000000e+00
0.000000000000000000e+00
9.059077681188091842e-05
1.803069472290422508e-04
0.000000000000000000e+00
0.000000000000000000e+00
2.651862249317601125e-04
2.027609506127312899e-04
1.627111519574160050e-04
4.540392368167366793e-05
0.000000000000000000e+00
1.057644339878986771e-04
2.724235420900420008e-05
3.828212664996766420e-04
0.000000000000000000e+00
2.231146520750082799e-04
0.000000000000000000e+00
2.724235420900420008e-05
2.724235420900420008e-05
0.000000000000000000e+00
1.602974877776110814e-04
1.134244323089318935e-03
1.561711409872741619e-04
2.724235420900420008e-05
2.021898666743612090e-04
2.724235420900420008e-05
5.221451223392475606e-05
1.547890112026986654e-04
0.000000000000000000e+00
0.000000000000000000e+00
1.376414428603863350e-04
0.000000000000000000e+00
0.000000000000000000e+00
0.000000000000000000e+00
2.020854385718675846e-04
1.035209459942159976e-04
0.000000000000000000e+00
5.016727127224168171e-03
1.401813139347318803e-04
2.675828630406096136e-04
4.608941615565969804e-04
5.306441262954226168e-05
0.000000000000000000e+00
0.000000000000000000e+00
4.670117864400721272e-05
1.280705515532499703e-04
5.412625638894263865e-05
0.000000000000000000e+00
5.448470841800840016e-05
1.026811806320714223e-04
0.000000000000000000e+00
0.000000000000000000e+00
0.000000000000000000e+00
5.192183885827626483e-05
5.448470841800840016e-05
0.000000000000000000e+00
1.521031443336068106e-04
2.724235420900420008e-05
4.282257354465410833e-04
7.316517987561132184e-05
1.446439283001890144e-04
1.303498304230197831e-03
1.562466492570042465e-04
2.724235420900420008e-05
9.878128363732586494e-04
0.000000000000000000e+00
0.000000000000000000e+00
2.724235420900420008e-05
0.000000000000000000e+00
5.145778017256350071e-05
0.000000000000000000e+00
0.000000000000000000e+00
1.551876505027405739e-03
0.000000000000000000e+00
3.297010617503051255e-04
2.724235420900420008e-05
1.497585154877499776e-04
4.133205112885463928e-04
4.086353131350630520e-05
0.000000000000000000e+00
3.632313894533893570e-05
0.000000000000000000e+00
0.000000000000000000e+00
0.000000000000000000e+00
2.724235420900420008e-05
3.040719079498234488e-04
0.000000000000000000e+00
0.000000000000000000e+00
0.000000000000000000e+00
1.156170726477833793e-04
5.448470841800840016e-05
1.844075077821138943e-04
4.358776673440671335e-05
1.458979414304447254e-04
0.000000000000000000e+00
5.337850720565037347e-05
1.343956140977540289e-04
0.000000000000000000e+00
2.724235420900420008e-05
0.000000000000000000e+00
0.000000000000000000e+00
4.843085192711857415e-05
5.418506120120127620e-04
0.000000000000000000e+00
2.724235420900420008e-05
0.000000000000000000e+00
5.359151647672950983e-05
2.463919591792158100e-04
0.000000000000000000e+00
0.000000000000000000e+00
2.622621529932188302e-03
0.000000000000000000e+00
0.000000000000000000e+00
2.724235420900420008e-05
0.000000000000000000e+00
0.000000000000000000e+00
0.000000000000000000e+00
2.724235420900420008e-05
1.668666326201366664e-04
5.883626297684874020e-04
0.000000000000000000e+00
1.425683203604553482e-04
0.000000000000000000e+00
4.953155310728036501e-05
0.000000000000000000e+00
3.089206900251214227e-04
2.330734748992582199e-04
0.000000000000000000e+00
0.000000000000000000e+00
0.000000000000000000e+00
0.000000000000000000e+00
2.724235420900420008e-05
0.000000000000000000e+00
5.339253938385620315e-05
0.000000000000000000e+00
1.511563493359036568e-04
2.510718052317776304e-03
7.326136023762104500e-04
2.273601478359808619e-04
1.874510859616089432e-04
1.445358237199945281e-04
0.000000000000000000e+00
1.577871693659366116e-04
2.147475864646931833e-04
9.988863209968206131e-05
2.708781374800958542e-05
0.000000000000000000e+00
0.000000000000000000e+00
5.297124429528596399e-05
2.442706146863229369e-04
0.000000000000000000e+00
9.220489116893729675e-05
0.000000000000000000e+00
0.000000000000000000e+00
0.000000000000000000e+00
0.000000000000000000e+00
0.000000000000000000e+00
0.000000000000000000e+00
0.000000000000000000e+00
0.000000000000000000e+00
0.000000000000000000e+00
2.803732115346579479e-04
5.127972556989027013e-05
1.694614136180620377e-04
0.000000000000000000e+00
2.929686716514330429e-04
1.316654502153160851e-03
0.000000000000000000e+00
1.280041386871797989e-04
1.822210803757837356e-04
0.000000000000000000e+00
2.302134562590016625e-04
8.172706262701261040e-05
0.000000000000000000e+00
0.000000000000000000e+00
0.000000000000000000e+00
2.724235420900420008e-05
6.034283954008491657e-03
5.221451223392472896e-05
0.000000000000000000e+00
1.762248796609977152e-04
2.899916128688640252e-04
0.000000000000000000e+00
0.000000000000000000e+00
0.000000000000000000e+00
5.051805466150820125e-04
0.000000000000000000e+00
1.019345802700215574e-04
0.000000000000000000e+00
0.000000000000000000e+00
0.000000000000000000e+00
0.000000000000000000e+00
0.000000000000000000e+00
0.000000000000000000e+00
0.000000000000000000e+00
4.670117864400721272e-05
3.687419778482212986e-04
0.000000000000000000e+00
0.000000000000000000e+00
5.448470841800840016e-05
2.300006657625549016e-04
7.268240590784274180e-04
1.290900815342103719e-04
0.000000000000000000e+00
4.713164642311073300e-04
0.000000000000000000e+00
5.352286987804776063e-05
1.271309863086862377e-04
1.746375840147733653e-04
0.000000000000000000e+00
1.976988813827057012e-04
0.000000000000000000e+00
0.000000000000000000e+00
2.724235420900420008e-05
7.268958326543458782e-03
7.833107142164356202e-04
1.723187008299710142e-04
1.044290244678494444e-04
2.215043463914956182e-04
8.098408933040340818e-05
0.000000000000000000e+00
0.000000000000000000e+00
5.059294353100781322e-05
3.417253123783758504e-04
1.259592721491591973e-04
0.000000000000000000e+00
0.000000000000000000e+00
2.724235420900420008e-05
6.356549315434311884e-05
0.000000000000000000e+00
0.000000000000000000e+00
0.000000000000000000e+00
0.000000000000000000e+00
6.296951104275970955e-03
9.534823973151469181e-05
0.000000000000000000e+00
2.218124551329875554e-04
0.000000000000000000e+00
2.724235420900420008e-05
0.000000000000000000e+00
5.840303207047943491e-04
5.213438766272172675e-05
2.724235420900420008e-05
0.000000000000000000e+00
0.000000000000000000e+00
0.000000000000000000e+00
2.724235420900420008e-05
0.000000000000000000e+00
0.000000000000000000e+00
2.906141865458328915e-04
2.724235420900420008e-05
3.682789791805966178e-04
7.809474873247872835e-05
3.571176596565455905e-04
9.534823973151470536e-05
7.491647407476155615e-05
2.724235420900420008e-05
0.000000000000000000e+00
0.000000000000000000e+00
9.962425482254849945e-05
2.727506456262433743e-04
0.000000000000000000e+00
0.000000000000000000e+00
2.724235420900420008e-05
2.724235420900420008e-05
2.652936461670788782e-04
2.724235420900420008e-05
0.000000000000000000e+00
1.693644635953464920e-04
2.800702349789800606e-04
5.448470841800840016e-05
2.197959095783432164e-03
0.000000000000000000e+00
2.724235420900420008e-05
3.895254557872660514e-04
3.632313894533893570e-05
5.489563567275729033e-04
1.707843072120338848e-04
1.193474565346850773e-04
0.000000000000000000e+00
3.750482028375546457e-04
1.954258096590470218e-04
7.676686157615536673e-05
5.059294353100781322e-05
2.724235420900420008e-05
1.838506550498280971e-04
1.521146942293992693e-04
0.000000000000000000e+00
0.000000000000000000e+00
4.051662111446280301e-04
3.612098931487066952e-03
2.254902230843540336e-04
0.000000000000000000e+00
8.066508775425588931e-05
0.000000000000000000e+00
2.724235420900420008e-05
2.244944833244092721e-04
2.724235420900420008e-05
2.319553101324603190e-04
0.000000000000000000e+00
2.724235420900420008e-05
6.810588552251050189e-05
0.000000000000000000e+00
1.859341123568628126e-04
3.577744676006069241e-02
0.000000000000000000e+00
7.487305949035874065e-04
4.540392368167366793e-05
0.000000000000000000e+00
0.000000000000000000e+00
1.050776519490162134e-04
1.053274697412529378e-04
8.717553346881342670e-05
2.503560560679596661e-03
0.000000000000000000e+00
2.750917615366044872e-04
0.000000000000000000e+00
0.000000000000000000e+00
0.000000000000000000e+00
5.301017182875941702e-04
2.724235420900420008e-05
0.000000000000000000e+00
4.358776673440671335e-05
0.000000000000000000e+00
1.062080016544861559e-04
5.425089716607227244e-05
4.790563020699803594e-04
3.632313894533893570e-05
8.312808754323121416e-04
4.033963988641008579e-04
1.371847122667712183e-04
2.202382526638115728e-04
5.448470841800840016e-05
0.000000000000000000e+00
0.000000000000000000e+00
2.895373287085189302e-04
0.000000000000000000e+00
2.724235420900420008e-05
1.753411417154833972e-04
0.000000000000000000e+00
1.696160863251095332e-04
8.083387068573372007e-05
2.724235420900420008e-05
1.175312995874181160e-04
0.000000000000000000e+00
5.260660199005783651e-05
0.000000000000000000e+00
0.000000000000000000e+00
0.000000000000000000e+00
1.201252225188895238e-04
5.107941414188287981e-05
2.643058708863488195e-04
8.037607637950241785e-05
1.050776519490162134e-04
2.388246385656034732e-04
0.000000000000000000e+00
0.000000000000000000e+00
7.264627789067788495e-05
2.724235420900420008e-05
7.264627789067787140e-05
5.448470841800840016e-05
1.249289717675060437e-04
1.479776972131575464e-03
0.000000000000000000e+00
9.262400431061429721e-05
1.052947225004822649e-04
1.106204686062594764e-04
1.410044074336420483e-04
1.237256920325607715e-04
6.836526149059268830e-05
1.670864391485590622e-04
0.000000000000000000e+00
0.000000000000000000e+00
0.000000000000000000e+00
2.095551446192023238e-04
0.000000000000000000e+00
1.216049309961039228e-04
0.000000000000000000e+00
6.738915215582122302e-04
0.000000000000000000e+00
4.929415006619212048e-04
3.438925757698663589e-03
1.027087515830157058e-04
0.000000000000000000e+00
0.000000000000000000e+00
0.000000000000000000e+00
0.000000000000000000e+00
0.000000000000000000e+00
0.000000000000000000e+00
0.000000000000000000e+00
0.000000000000000000e+00
3.273986540384133379e-04
2.420029132233206726e-04
3.645587651324422827e-04
5.176047299710799201e-05
1.086281794842772441e-04
8.740255308722180195e-05
5.448470841800840016e-05
2.724235420900420008e-05
0.000000000000000000e+00
2.142965886390320177e-04
1.055722894078257190e-04
0.000000000000000000e+00
1.705040851414369298e-04
4.358776673440671335e-05
0.000000000000000000e+00
7.437402151799668397e-05
0.000000000000000000e+00
0.000000000000000000e+00
9.988863209968208842e-05
6.026452846959563315e-04
1.600488309778997005e-04
0.000000000000000000e+00
0.000000000000000000e+00
1.204855029334594686e-04
2.724235420900420008e-05
1.089694168360168003e-04
0.000000000000000000e+00
4.086353131350630520e-05
5.448470841800840016e-05
5.430554798196648731e-05
5.448470841800840016e-05
2.117716283787612723e-04
0.000000000000000000e+00
0.000000000000000000e+00
0.000000000000000000e+00
0.000000000000000000e+00
0.000000000000000000e+00
0.000000000000000000e+00
2.724235420900420008e-05
8.218917222729089575e-04
0.000000000000000000e+00
0.000000000000000000e+00
3.799015907443782539e-04
0.000000000000000000e+00
0.000000000000000000e+00
7.970911046338264130e-05
0.000000000000000000e+00
3.632313894533893570e-05
1.513979344551467801e-04
0.000000000000000000e+00
4.358776673440671335e-05
2.164264320021877432e-04
1.094739048769242045e-04
7.640535710233630590e-05
2.064833527106115939e-04
0.000000000000000000e+00
0.000000000000000000e+00
1.219058403717931287e-04
2.724235420900420008e-05
0.000000000000000000e+00
0.000000000000000000e+00
1.386713616221154862e-04
3.278256740322619840e-03
2.724235420900420008e-05
0.000000000000000000e+00
4.639394798961084384e-04
8.244852877852291506e-04
5.422765967414515782e-05
0.000000000000000000e+00
2.724235420900420008e-05
0.000000000000000000e+00
0.000000000000000000e+00
1.380279279922878974e-04
5.230532008128805467e-05
4.670117864400721272e-05
2.783907089752723357e-02
0.000000000000000000e+00
1.719854088726578429e-03
5.261139967869447962e-05
1.319740715013981527e-04
0.000000000000000000e+00
2.724235420900420008e-05
8.989976888971387551e-05
2.575328773535038532e-04
1.211530402440145522e-04
0.000000000000000000e+00
2.325329519982858423e-04
4.325984950781685862e-04
5.429353400250637473e-05
2.777739894684221663e-04
9.220489116893729675e-05
3.197002582326670937e-04
0.000000000000000000e+00
2.500946885881443708e-04
2.724235420900420008e-05
0.000000000000000000e+00
0.000000000000000000e+00
0.000000000000000000e+00
5.292800246320814370e-05
1.305816845084935090e-04
0.000000000000000000e+00
0.000000000000000000e+00
1.707187530430929578e-04
0.000000000000000000e+00
2.724235420900420008e-05
5.577468620943511158e-04
3.338502714709588957e-04
5.448470841800840016e-05
0.000000000000000000e+00
0.000000000000000000e+00
2.724235420900420008e-05
0.000000000000000000e+00
0.000000000000000000e+00
3.842287686680610813e-04
1.198406177124915949e-04
0.000000000000000000e+00
0.000000000000000000e+00
2.364979611264094535e-04
0.000000000000000000e+00
1.791801291396852378e-03
1.522474042917926922e-04
4.086353131350630520e-05
1.922781326286438441e-04
0.000000000000000000e+00
2.200840810738926645e-04
2.241190317169738239e-02
0.000000000000000000e+00
1.884412516054341535e-04
1.404133802903328467e-04
0.000000000000000000e+00
6.772634807997018338e-05
0.000000000000000000e+00
2.724235420900420008e-05
5.341872362568843226e-05
2.009979298414360125e-04
2.952037865579162511e-04
7.772513934972444076e-04
5.448470841800840016e-05
5.391385893955192074e-05
0.000000000000000000e+00
2.724235420900420008e-05
2.724235420900420008e-05
2.854275403185248835e-04
0.000000000000000000e+00
2.495161282904489845e-04
5.085239452347452488e-05
1.356009998982471649e-03
0.000000000000000000e+00
1.458177602195475406e-04
0.000000000000000000e+00
0.000000000000000000e+00
1.359828436987268086e-04
5.793326949116519870e-04
2.037870351555859405e-04
2.724235420900420008e-05
8.104411200815214830e-05
5.256776199169710569e-04
0.000000000000000000e+00
6.258526644917595605e-04
0.000000000000000000e+00
2.340483816588300478e-04
2.724235420900420008e-05
0.000000000000000000e+00
2.782753423496799375e-04
5.085239452347447745e-05
0.000000000000000000e+00
0.000000000000000000e+00
0.000000000000000000e+00
9.839200124829422230e-05
0.000000000000000000e+00
2.724235420900420008e-05
0.000000000000000000e+00
0.000000000000000000e+00
1.026409745944889453e-03
2.724235420900420008e-05
3.400613784731656313e-04
3.632313894533893570e-05
2.724235420900420008e-05
2.981524321763237952e-04
6.810588552251050189e-05
0.000000000000000000e+00
1.273832303291400753e-04
2.999913317558026201e-03
1.634541252540252208e-04
1.029155603451270014e-04
1.675242499083574941e-04
2.724235420900420008e-05
7.787460849644635256e-05
0.000000000000000000e+00
1.777012327694632078e-04
5.127972556989027013e-05
9.618698216405799980e-05
0.000000000000000000e+00
0.000000000000000000e+00
8.348736669807544546e-04
0.000000000000000000e+00
1.985037866743232784e-04
0.000000000000000000e+00
2.359768579611610921e-04
0.000000000000000000e+00
1.392159404314774441e-04
0.000000000000000000e+00
0.000000000000000000e+00
0.000000000000000000e+00
0.000000000000000000e+00
2.800366645263552973e-03
1.766451599236483125e-04
1.015025488063195369e-02
5.448470841800840016e-05
2.724235420900420008e-05
5.448470841800840016e-05
1.013391127415421951e-03
1.284687747721928279e-03
2.735380020349558990e-04
0.000000000000000000e+00
0.000000000000000000e+00
0.000000000000000000e+00
0.000000000000000000e+00
3.091634480267361476e-04
3.632313894533893570e-05
2.610462671963315962e-04
6.810588552251050189e-05
2.724235420900420008e-05
0.000000000000000000e+00
0.000000000000000000e+00
4.540392368167366793e-05
0.000000000000000000e+00
1.498329481495231123e-04
3.985706398777176529e-04
2.724235420900420008e-05
2.724235420900420008e-05
9.333389750019896545e-05
0.000000000000000000e+00
0.000000000000000000e+00
2.724235420900420008e-05
0.000000000000000000e+00
1.509343439195030129e-04
1.037305025650544029e-04
0.000000000000000000e+00
0.000000000000000000e+00
3.635843042205506815e-04
2.114569756982171290e-04
0.000000000000000000e+00
1.702933778995096355e-04
2.887689546154445920e-04
0.000000000000000000e+00
0.000000000000000000e+00
0.000000000000000000e+00
0.000000000000000000e+00
0.000000000000000000e+00
0.000000000000000000e+00
8.608421184399633582e-04
0.000000000000000000e+00
5.085239452347447745e-05
0.000000000000000000e+00
5.448470841800840016e-05
3.215849889830192068e-04
0.000000000000000000e+00
5.586155904281814343e-04
5.337277559315111477e-05
0.000000000000000000e+00
0.000000000000000000e+00
1.056452009950372464e-04
9.396708865994750229e-04
2.470900676025270318e-04
1.568743059176834920e-03
0.000000000000000000e+00
2.724235420900420008e-05
0.000000000000000000e+00
0.000000000000000000e+00
2.724235420900420008e-05
2.724235420900420008e-05
1.113909594323726223e-04
0.000000000000000000e+00
1.417317874635324530e-04
0.000000000000000000e+00
0.000000000000000000e+00
0.000000000000000000e+00
0.000000000000000000e+00
0.000000000000000000e+00
0.000000000000000000e+00
9.024097593003695540e-05
0.000000000000000000e+00
9.380439598621250624e-03
0.000000000000000000e+00
3.832724061911850564e-04
5.433745244931079675e-05
1.051731317285865093e-03
3.002593335471663268e-04
0.000000000000000000e+00
0.000000000000000000e+00
1.336987457434237663e-04
5.422659312213395276e-05
0.000000000000000000e+00
8.152614837873614216e-05
0.000000000000000000e+00
2.724235420900420008e-05
2.502012375462012682e-04
0.000000000000000000e+00
5.448470841800840016e-05
0.000000000000000000e+00
3.102096963540127393e-04
3.233887875940210624e-04
5.345947419032773495e-05
0.000000000000000000e+00
0.000000000000000000e+00
0.000000000000000000e+00
0.000000000000000000e+00
0.000000000000000000e+00
3.185514875713903052e-04
5.383439294243257291e-05
4.670117864400721272e-05
0.000000000000000000e+00
0.000000000000000000e+00
2.724235420900420008e-05
3.179968553481800028e-04
4.767411986575735268e-05
0.000000000000000000e+00
1.266681818356375582e-04
0.000000000000000000e+00
2.724235420900420008e-05
0.000000000000000000e+00
0.000000000000000000e+00
9.916962568360864155e-05
5.448470841800840016e-05
0.000000000000000000e+00
0.000000000000000000e+00
0.000000000000000000e+00
2.508729716152955096e-04
4.371103404921435347e-04
2.724235420900420008e-05
0.000000000000000000e+00
5.292800246320816403e-05
3.172035884354317339e-04
2.724235420900420008e-05
9.299791897622803195e-05
9.080784736334732230e-05
9.807247515241511351e-05
0.000000000000000000e+00
0.000000000000000000e+00
1.558351253776858552e-04
2.724235420900420008e-05
5.161709218548167114e-05
6.709264318870380994e-03
2.609166080409840247e-04
1.714411460025101449e-04
5.297124429528596399e-05
2.724235420900420008e-05
1.601195801934345020e-03
0.000000000000000000e+00
4.086353131350630520e-05
2.724235420900420008e-05
0.000000000000000000e+00
4.041052350071699549e-04
3.454935899350821695e-04
0.000000000000000000e+00
0.000000000000000000e+00
1.488982682640168590e-03
0.000000000000000000e+00
0.000000000000000000e+00
7.399374917413400576e-05
0.000000000000000000e+00
2.881677040245345057e-04
0.000000000000000000e+00
7.913088880732625048e-04
5.133507634136304709e-04
1.420169870014635410e-04
1.739965076945516474e-04
4.446504870714899915e-03
2.724235420900420008e-05
3.857210274992985220e-04
0.000000000000000000e+00
1.188069336337127676e-04
3.695561020922164593e-04
4.789465378318935769e-03
1.674757533804871121e-02
0.000000000000000000e+00
5.448470841800840016e-05
5.448470841800840016e-05
1.329686336391872265e-04
0.000000000000000000e+00
1.969831765881842551e-04
6.294368223322597232e-04
7.610092425776173537e-05
0.000000000000000000e+00
1.491893783102214146e-03
1.378009083738795492e-04
5.339386793817249999e-04
0.000000000000000000e+00
0.000000000000000000e+00
2.724235420900420008e-05
0.000000000000000000e+00
2.328160421736193890e-04
0.000000000000000000e+00
1.473357323470310387e-04
1.244067508877859244e-04
1.015750635507156905e-04
0.000000000000000000e+00
1.144178876778176302e-04
0.000000000000000000e+00
0.000000000000000000e+00
0.000000000000000000e+00
0.000000000000000000e+00
1.067233716751679661e-04
3.441541105955431929e-04
1.692593412104677309e-04
5.448470841800840016e-05
0.000000000000000000e+00
3.632313894533893570e-05
2.724235420900420008e-05
0.000000000000000000e+00
0.000000000000000000e+00
4.989469053012370817e-04
0.000000000000000000e+00
0.000000000000000000e+00
5.448470841800840016e-05
4.230433352972091682e-04
0.000000000000000000e+00
1.361582295203845813e-03
0.000000000000000000e+00
7.718667025884524090e-05
8.045997638473339618e-05
5.448470841800840016e-05
0.000000000000000000e+00
0.000000000000000000e+00
5.448470841800840016e-05
2.724235420900420008e-05
8.019898297492763627e-04
6.926494244827183754e-03
1.525867161121621232e-03
0.000000000000000000e+00
1.396690047012909101e-03
0.000000000000000000e+00
2.023742310463081545e-04
0.000000000000000000e+00
2.724235420900420008e-05
1.818252512975332533e-04
0.000000000000000000e+00
5.253882597450810669e-05
0.000000000000000000e+00
0.000000000000000000e+00
4.086353131350630520e-05
1.022538597519367562e-04
2.905944105899230939e-04
3.791857146399018707e-04
0.000000000000000000e+00
1.300315729111740568e-04
0.000000000000000000e+00
0.000000000000000000e+00
0.000000000000000000e+00
2.724235420900420008e-05
0.000000000000000000e+00
0.000000000000000000e+00
1.094754667594040136e-04
0.000000000000000000e+00
1.724627978762772172e-04
1.053371029414828641e-04
3.021641784097471562e-04
0.000000000000000000e+00
0.000000000000000000e+00
0.000000000000000000e+00
2.377748530257432769e-02
5.345886385620120089e-05
5.289620237365037921e-05
0.000000000000000000e+00
0.000000000000000000e+00
6.246205303012926716e-04
1.523466827379916762e-03
5.369507496267495638e-05
6.330666836206704342e-04
0.000000000000000000e+00
0.000000000000000000e+00
9.756360025897804896e-05
5.448470841800840016e-05
2.267815082309008416e-03
2.543510888570721905e-04
1.608596153293581177e-04
4.540392368167367470e-05
0.000000000000000000e+00
2.724235420900420008e-05
1.016275057725976258e-04
0.000000000000000000e+00
6.356549315434311884e-05
1.271309863086862648e-04
0.000000000000000000e+00
0.000000000000000000e+00
2.251185986432997083e-04
9.462199270170904659e-04
1.810281145378729356e-04
0.000000000000000000e+00
3.307676462958735212e-04
5.448470841800840016e-05
0.000000000000000000e+00
1.351503806212935759e-04
1.059894905819608693e-04
0.000000000000000000e+00
0.000000000000000000e+00
0.000000000000000000e+00
9.746708950332615801e-05
2.724235420900420008e-05
0.000000000000000000e+00
0.000000000000000000e+00
0.000000000000000000e+00
0.000000000000000000e+00
1.624491903910178412e-04
1.694743492088544574e-04
1.286710626763345696e-04
2.724235420900420008e-05
1.456298631138166491e-04
2.366612751431237417e-04
5.189019849334135123e-05
0.000000000000000000e+00
4.540392368167366793e-05
7.809474873247872835e-05
1.480167912022561374e-04
2.724235420900420008e-05
0.000000000000000000e+00
5.221451223392475606e-05
2.724235420900420008e-05
0.000000000000000000e+00
2.127517793605212518e-04
0.000000000000000000e+00
0.000000000000000000e+00
1.081049606975297955e-04
6.810588552251050189e-05
1.013729911431214108e-04
6.356549315434311884e-05
2.724235420900420008e-05
5.448470841800840016e-05
8.660436972139172853e-04
1.064874635955709477e-03
2.724235420900420008e-05
0.000000000000000000e+00
0.000000000000000000e+00
0.000000000000000000e+00
0.000000000000000000e+00
1.484969437867668818e-03
7.995588789515803462e-05
2.724235420900420008e-05
2.010568293213021638e-04
0.000000000000000000e+00
7.570553948686298404e-04
0.000000000000000000e+00
2.271264020752951363e-02
0.000000000000000000e+00
4.413497246397286530e-04
0.000000000000000000e+00
5.419642953748984670e-05
6.849467394348680155e-04
9.102030102963503603e-05
5.448470841800840016e-05
0.000000000000000000e+00
2.724235420900420008e-05
2.293481779356463200e-04
2.658614628144410626e-04
0.000000000000000000e+00
0.000000000000000000e+00
1.876302404611501415e-04
0.000000000000000000e+00
0.000000000000000000e+00
0.000000000000000000e+00
0.000000000000000000e+00
2.685511486969708174e-04
7.636335771910713038e-04
0.000000000000000000e+00
0.000000000000000000e+00
5.199608215556302503e-04
0.000000000000000000e+00
0.000000000000000000e+00
7.783529774001199635e-05
2.382022056557915710e-04
1.874449906303994780e-04
0.000000000000000000e+00
5.373834254926845714e-05
8.172706262701261040e-05
2.724235420900420008e-05
2.724235420900420008e-05
1.246337705061942183e-04
4.397236432362717357e-03
1.213798226423409843e-04
7.410495598180872310e-05
1.610542035737082039e-04
1.098774953096503013e-04
8.308687665497935986e-04
0.000000000000000000e+00
0.000000000000000000e+00
7.247231649726153821e-05
0.000000000000000000e+00
1.239472216059849191e-03
0.000000000000000000e+00
4.670117864400721272e-05
2.724235420900420008e-05
2.262861250060054061e-04
2.549730144626592004e-03
0.000000000000000000e+00
5.448470841800840016e-05
0.000000000000000000e+00
0.000000000000000000e+00
0.000000000000000000e+00
5.278206127994563998e-05
4.358776673440671335e-05
0.000000000000000000e+00
3.778537812852309440e-04
0.000000000000000000e+00
2.724235420900420008e-05
0.000000000000000000e+00
0.000000000000000000e+00
0.000000000000000000e+00
2.724235420900420008e-05
0.000000000000000000e+00
0.000000000000000000e+00
8.105533842194753171e-05
2.724235420900420008e-05
0.000000000000000000e+00
0.000000000000000000e+00
6.087492824633397278e-04
0.000000000000000000e+00
0.000000000000000000e+00
1.044241510592250534e-04
0.000000000000000000e+00
0.000000000000000000e+00
0.000000000000000000e+00
2.724235420900420008e-05
3.063172983232110387e-04
5.448470841800840016e-05
2.009457008367665856e-04
0.000000000000000000e+00
0.000000000000000000e+00
0.000000000000000000e+00
2.724235420900420008e-05
2.724235420900420008e-05
0.000000000000000000e+00
5.969028364203905887e-04
0.000000000000000000e+00
0.000000000000000000e+00
0.000000000000000000e+00
0.000000000000000000e+00
0.000000000000000000e+00
2.724235420900420008e-05
0.000000000000000000e+00
6.131765121346154221e-04
0.000000000000000000e+00
1.545949946976163793e-04
7.216630290500052319e-04
2.020474603834478209e-04
4.843085192711857415e-05
1.224743293602754968e-02
1.598932541360022306e-03
6.356549315434311884e-05
0.000000000000000000e+00
1.062451814151164057e-04
6.766319877786181438e-04
7.264627789067788495e-05
1.897884009893959910e-04
0.000000000000000000e+00
2.992011191244911550e-03
8.270000384876277069e-05
8.115227707286693654e-03
1.435703379865336810e-04
7.718667025884522735e-05
1.705191139231169994e-03
1.793036123908707535e-02
0.000000000000000000e+00
0.000000000000000000e+00
0.000000000000000000e+00
1.362117710450210038e-04
0.000000000000000000e+00
0.000000000000000000e+00
2.724235420900420008e-05
5.063225428744213554e-05
9.807247515241511351e-05
0.000000000000000000e+00
1.265539464759425485e-04
7.415974201340030079e-05
2.661992942246072143e-03
0.000000000000000000e+00
8.172706262701261040e-05
4.540392368167366793e-05
0.000000000000000000e+00
5.448470841800840016e-05
0.000000000000000000e+00
0.000000000000000000e+00
0.000000000000000000e+00
0.000000000000000000e+00
7.005176796601078181e-05
0.000000000000000000e+00
1.180502015723515258e-04
0.000000000000000000e+00
9.631274070261833567e-05
0.000000000000000000e+00
5.429353400250637473e-05
1.271309863086862648e-04
1.826331118876647127e-04
1.303486991607181371e-04
0.000000000000000000e+00
0.000000000000000000e+00
1.066119054140837540e-04
1.046977089033467544e-04
0.000000000000000000e+00
2.981524321763237410e-04
2.162668161650258144e-04
0.000000000000000000e+00
1.008684009791287499e-04
5.375592105873167438e-05
1.290903408054575572e-04
0.000000000000000000e+00
1.066190960807301269e-04
0.000000000000000000e+00
5.448470841800840016e-05
0.000000000000000000e+00
2.724235420900420008e-05
5.318165079373713544e-05
0.000000000000000000e+00
0.000000000000000000e+00
7.880823896176214309e-05
0.000000000000000000e+00
5.364648213465445344e-05
2.724235420900420008e-05
2.724235420900420008e-05
8.172706262701261040e-05
4.670117864400721272e-05
2.619428030401891217e-04
2.724235420900420008e-05
0.000000000000000000e+00
0.000000000000000000e+00
0.000000000000000000e+00
2.724235420900420008e-05
4.994431604984104421e-05
1.351475219309821590e-03
9.208517644267382547e-04
5.278803548043012084e-05
0.000000000000000000e+00
2.724235420900420008e-05
1.066456383817497583e-04
0.000000000000000000e+00
2.724235420900420008e-05
1.273699543280635475e-04
8.717553346881342670e-05
0.000000000000000000e+00
0.000000000000000000e+00
0.000000000000000000e+00
0.000000000000000000e+00
0.000000000000000000e+00
1.361381430606724155e-04
0.000000000000000000e+00
1.052949555772281838e-04
0.000000000000000000e+00
2.724235420900420008e-05
1.080561690352090310e-04
2.816247240270997889e-04
1.197170146612132081e-04
0.000000000000000000e+00
1.593966635226388030e-03
0.000000000000000000e+00
2.724235420900420008e-05
4.086353131350630520e-05
0.000000000000000000e+00
0.000000000000000000e+00
7.300919297201117564e-04
0.000000000000000000e+00
0.000000000000000000e+00
2.750590379526123442e-03
0.000000000000000000e+00
9.720436350245056532e-05
5.322191179061155024e-05
0.000000000000000000e+00
1.244982626719505557e-04
1.424945614285058528e-04
0.000000000000000000e+00
0.000000000000000000e+00
1.300976106807241132e-04
1.021588282837657596e-04
2.724235420900420008e-05
2.724235420900420008e-05
2.724235420900420008e-05
8.909147925933617396e-05
5.448470841800840016e-05
0.000000000000000000e+00
5.333634427095030857e-05
0.000000000000000000e+00
2.417871812648138491e-04
1.357809977939417132e-04
1.543733405176904818e-04
5.448470841800840016e-05
4.540392368167366793e-05
0.000000000000000000e+00
6.803737441013890522e-05
5.425956499479339922e-05
1.089694168360168003e-04
0.000000000000000000e+00
2.724235420900420008e-05
0.000000000000000000e+00
1.035209459942159840e-04
0.000000000000000000e+00
0.000000000000000000e+00
0.000000000000000000e+00
1.387857979965985086e-04
2.724235420900420008e-05
0.000000000000000000e+00
0.000000000000000000e+00
1.108068331455427046e-04
0.000000000000000000e+00
7.264627789067788495e-05
0.000000000000000000e+00
0.000000000000000000e+00
9.272878259603352022e-05
0.000000000000000000e+00
0.000000000000000000e+00
0.000000000000000000e+00
1.446678676004084160e-04
8.074999985578698971e-04
7.653283349952495187e-05
5.283365664776569015e-05
5.448470841800840016e-05
0.000000000000000000e+00
0.000000000000000000e+00
0.000000000000000000e+00
0.000000000000000000e+00
0.000000000000000000e+00
1.577756924826695948e-04
2.724235420900420008e-05
2.727206553233507648e-04
1.321200262286494358e-04
3.079812881965974993e-03
1.661023240967096073e-03
1.044290244678494308e-04
1.233249530539790115e-04
0.000000000000000000e+00
0.000000000000000000e+00
0.000000000000000000e+00
5.407878802297144731e-05
0.000000000000000000e+00
1.991718785502751400e-04
0.000000000000000000e+00
7.394353285301140941e-05
0.000000000000000000e+00
0.000000000000000000e+00
0.000000000000000000e+00
7.491647407476155615e-05
8.030053729795528692e-05
1.311906312496358379e-04
0.000000000000000000e+00
0.000000000000000000e+00
0.000000000000000000e+00
3.460909433599707215e-04
0.000000000000000000e+00
0.000000000000000000e+00
2.724235420900420008e-05
2.724235420900420008e-05
2.724235420900420008e-05
0.000000000000000000e+00
0.000000000000000000e+00
6.153317834186170822e-04
6.664895254614050003e-04
2.130312453306401892e-04
1.814623827766007720e-04
0.000000000000000000e+00
2.724235420900420008e-05
2.724235420900420008e-05
5.448470841800840016e-05
5.448470841800840016e-05
1.112396130201004715e-04
1.312359479213985472e-04
3.158036631558920420e-04
7.895881319846171948e-05
0.000000000000000000e+00
5.448470841800840016e-05
0.000000000000000000e+00
2.724235420900420008e-05
0.000000000000000000e+00
0.000000000000000000e+00
0.000000000000000000e+00
4.325342021844779707e-03
5.338362371827154332e-05
0.000000000000000000e+00
0.000000000000000000e+00
8.535937652154650601e-05
0.000000000000000000e+00
0.000000000000000000e+00
1.406440588329938869e-04
1.009856220463443212e-04
0.000000000000000000e+00
0.000000000000000000e+00
8.066763774110701282e-05
0.000000000000000000e+00
1.136262295213166519e-04
5.448470841800840016e-05
0.000000000000000000e+00
0.000000000000000000e+00
3.032616621435577390e-04
6.355207067176881549e-04
2.412068704055250474e-04
1.517538833822092289e-04
3.044689036961738412e-04
3.632313894533893570e-05
0.000000000000000000e+00
5.371127394283454337e-05
0.000000000000000000e+00
0.000000000000000000e+00
0.000000000000000000e+00
1.748155817006719645e-04
2.724235420900420008e-05
1.270902881137895310e-04
2.724235420900420008e-05
0.000000000000000000e+00
0.000000000000000000e+00
0.000000000000000000e+00
0.000000000000000000e+00
1.029155603451269743e-04
0.000000000000000000e+00
0.000000000000000000e+00
1.688117882484628605e-04
1.396770411498846314e-04
5.354340756119364136e-05
1.118539013993231587e-04
8.092823148812101170e-05
4.670117864400721272e-05
0.000000000000000000e+00
0.000000000000000000e+00
9.845834816238936552e-05
2.724235420900420008e-05
4.953155310728036501e-05
1.369634479092443451e-04
1.820628545811355176e-04
2.000167169408902448e-04
2.724235420900420008e-05
8.399725881109625450e-05
1.015974514879264279e-04
0.000000000000000000e+00
0.000000000000000000e+00
9.896595845300197244e-03
2.112477402313539608e-04
8.522426329613649789e-04
1.702408170043386091e-04
1.049479264527828813e-04
0.000000000000000000e+00
0.000000000000000000e+00
2.724235420900420008e-05
0.000000000000000000e+00
2.555592275797060405e-04
1.226010879136349636e-04
2.749636217365693767e-04
4.670117864400721272e-05
3.632313894533893570e-05
0.000000000000000000e+00
2.682846329900426003e-03
3.206856681125697952e-04
4.101813094376234418e-03
2.724235420900420008e-05
2.370084816183365254e-04
0.000000000000000000e+00
2.724235420900420008e-05
5.448470841800840016e-05
2.691919339676031309e-04
0.000000000000000000e+00
0.000000000000000000e+00
0.000000000000000000e+00
5.442490083467429064e-05
8.164083752893797801e-05
0.000000000000000000e+00
5.453979454465277986e-04
0.000000000000000000e+00
4.465569443940137001e-04
1.601641432032785742e-04
0.000000000000000000e+00
0.000000000000000000e+00
0.000000000000000000e+00
7.314572105117633219e-05
1.468384112542545203e-04
0.000000000000000000e+00
0.000000000000000000e+00
5.837647330500901421e-05
2.724235420900420008e-05
5.448470841800840016e-05
0.000000000000000000e+00
0.000000000000000000e+00
9.768605878065621815e-05
0.000000000000000000e+00
0.000000000000000000e+00
9.534823973151470536e-05
0.000000000000000000e+00
2.648287039469257001e-04
0.000000000000000000e+00
0.000000000000000000e+00
0.000000000000000000e+00
3.412605027092453693e-03
0.000000000000000000e+00
1.300405470749930494e-04
8.299240563692258064e-04
2.193055069601107878e-04
0.000000000000000000e+00
3.086818182872642230e-04
0.000000000000000000e+00
3.605147435117076003e-03
1.359239490248644680e-05
0.000000000000000000e+00
5.420529965689055570e-05
0.000000000000000000e+00
0.000000000000000000e+00
4.953155310728036501e-05
5.029357700123853782e-05
2.298629988772277601e-04
4.086353131350630520e-05
2.724235420900420008e-05
2.724235420900420008e-05
0.000000000000000000e+00
0.000000000000000000e+00
2.724235420900420008e-05
9.583886558012889379e-05
0.000000000000000000e+00
2.724235420900420008e-05
0.000000000000000000e+00
0.000000000000000000e+00
0.000000000000000000e+00
2.724235420900420008e-05
1.983249768207279498e-04
3.632313894533893570e-05
6.407373933425953129e-04
0.000000000000000000e+00
8.376069187513771313e-04
6.559820831445210484e-04
0.000000000000000000e+00
0.000000000000000000e+00
5.013218711692785275e-04
6.772096975662525778e-05
5.409202968706264616e-05
5.448470841800840016e-05
0.000000000000000000e+00
0.000000000000000000e+00
1.043715869796303522e-03
0.000000000000000000e+00
0.000000000000000000e+00
1.468572448436164578e-04
4.540392368167366793e-05
0.000000000000000000e+00
2.724235420900420008e-05
2.724235420900420008e-05
2.724235420900420008e-05
5.354842874954177291e-05
0.000000000000000000e+00
3.632313894533893570e-05
0.000000000000000000e+00
0.000000000000000000e+00
2.607316568589366492e-04
0.000000000000000000e+00
1.811678179731933923e-04
3.144449823523209485e-04
1.296633326800939335e-03
0.000000000000000000e+00
4.079487658934587797e-04
4.358776673440671335e-05
1.327680918092612162e-04
1.888865995559027892e-04
1.475627519654393869e-04
0.000000000000000000e+00
0.000000000000000000e+00
0.000000000000000000e+00
0.000000000000000000e+00
1.318333561405033230e-03
0.000000000000000000e+00
1.447736537964223330e-04
2.724235420900420008e-05
0.000000000000000000e+00
1.027553738538831415e-04
0.000000000000000000e+00
2.724235420900420008e-05
9.509389135064128971e-04
5.262919203225586740e-05
9.988863209968207486e-05
0.000000000000000000e+00
2.724235420900420008e-05
7.083012094341091004e-05
1.743510669376268805e-04
9.988863209968208842e-05
0.000000000000000000e+00
0.000000000000000000e+00
7.491647407476155615e-05
3.224710488755232131e-04
2.724235420900420008e-05
2.724235420900420008e-05
2.724235420900420008e-05
0.000000000000000000e+00
5.335240530797206689e-05
1.034685568515063725e-04
0.000000000000000000e+00
8.860341279747314600e-04
2.724235420900420008e-05
1.848542962760168519e-04
2.724235420900420008e-05
5.448470841800840016e-05
4.276096785792318864e-04
0.000000000000000000e+00
7.718667025884522735e-05
2.724235420900420008e-05
3.775806431467991909e-04
5.448470841800840016e-05
0.000000000000000000e+00
2.724235420900420008e-05
5.106591973912072251e-04
2.594044740757490064e-04
0.000000000000000000e+00
1.567479677794281082e-03
1.272855975704172333e-04
0.000000000000000000e+00
2.724235420900420008e-05
2.230469969030970598e-03
1.554598575425452105e-04
1.144178876778176302e-04
1.870426110477384251e-04
2.724235420900420008e-05
1.848611080184273776e-04
0.000000000000000000e+00
1.399108351025384522e-04
4.086353131350630520e-05
0.000000000000000000e+00
5.324780321400736361e-05
7.337769689737325260e-04
1.398440849395548994e-04
5.415599448550457220e-05
2.479027708415139451e-03
1.035209459942159840e-04
3.122539134133951798e-04
2.724235420900420008e-05
0.000000000000000000e+00
0.000000000000000000e+00
0.000000000000000000e+00
2.724235420900420008e-05
1.036538355269428041e-04
7.747343188209786908e-05
9.109693450614534489e-04
1.491384132438903273e-04
0.000000000000000000e+00
0.000000000000000000e+00
8.717553346881344025e-05
0.000000000000000000e+00
5.988621860909068171e-04
1.310011302796479924e-04
0.000000000000000000e+00
3.543317390744346205e-04
2.605040582596597899e-04
1.981185008481058303e-04
0.000000000000000000e+00
2.923147848458228877e-04
7.718667025884522735e-05
2.724235420900420008e-05
1.024684004906863588e-04
0.000000000000000000e+00
1.051425146971328727e-04
0.000000000000000000e+00
5.351519322933805296e-05
7.970911046338264130e-05
8.951059240101379784e-05
0.000000000000000000e+00
0.000000000000000000e+00
0.000000000000000000e+00
2.318893139592820632e-04
0.000000000000000000e+00
0.000000000000000000e+00
0.000000000000000000e+00
4.416654202529398635e-04
2.306872580101145302e-04
1.492537390874027045e-04
0.000000000000000000e+00
6.356549315434311884e-05
2.724235420900420008e-05
3.087273646932120474e-03
2.743447560207159077e-04
0.000000000000000000e+00
0.000000000000000000e+00
1.063023332071632362e-04
0.000000000000000000e+00
0.000000000000000000e+00
0.000000000000000000e+00
9.444016125788124501e-05
7.083012094341091004e-05
3.401979068999564271e-04
0.000000000000000000e+00
0.000000000000000000e+00
0.000000000000000000e+00
2.724235420900420008e-05
0.000000000000000000e+00
5.448470841800840016e-05
2.724235420900420008e-05
4.670117864400721272e-05
0.000000000000000000e+00
4.994431604984104421e-05
0.000000000000000000e+00
6.356549315434311884e-05
4.396179694934421265e-04
0.000000000000000000e+00
2.002096825201419054e-04
5.431960324098375579e-05
7.083012094341091004e-05
0.000000000000000000e+00
1.843344389675753703e-04
0.000000000000000000e+00
5.428730005417470040e-05
8.172706262701261040e-05
1.823577999703746542e-04
0.000000000000000000e+00
5.448470841800840016e-05
0.000000000000000000e+00
0.000000000000000000e+00
0.000000000000000000e+00
0.000000000000000000e+00
4.540392368167366793e-05
0.000000000000000000e+00
0.000000000000000000e+00
0.000000000000000000e+00
0.000000000000000000e+00
9.534823973151470536e-05
1.095254517475220332e-02
1.960149875199170466e-04
0.000000000000000000e+00
2.757879446336592658e-04
1.081532994191399601e-04
1.551383750689032403e-04
0.000000000000000000e+00
1.279093392860864201e-04
5.085239452347451811e-05
3.548871659955723200e-03
0.000000000000000000e+00
2.724235420900420008e-05
8.491123389819489403e-05
0.000000000000000000e+00
0.000000000000000000e+00
3.315796783415312851e-03
2.724235420900420008e-05
0.000000000000000000e+00
2.724235420900420008e-05
9.950119250160573137e-04
2.724235420900420008e-05
2.724235420900420008e-05
7.083012094341091004e-05
1.503931264287125460e-04
8.172706262701261040e-05
2.885444559270676675e-03
2.724235420900420008e-05
1.304330898491716441e-04
3.397753905669673906e-04
0.000000000000000000e+00
1.536382293723680993e-04
4.086353131350630520e-05
0.000000000000000000e+00
5.263723841992644516e-05
0.000000000000000000e+00
0.000000000000000000e+00
9.383477560879226241e-05
2.724235420900420008e-05
1.455347100409913141e-04
5.448470841800840016e-05
1.079912379991627801e-04
3.318044226221913626e-04
0.000000000000000000e+00
0.000000000000000000e+00
0.000000000000000000e+00
1.194096719110354123e-03
0.000000000000000000e+00
7.083012094341091004e-05
7.364289322734531148e-04
8.889335130041029973e-03
1.237699166335493918e-04
2.724235420900420008e-05
0.000000000000000000e+00
0.000000000000000000e+00
0.000000000000000000e+00
0.000000000000000000e+00
0.000000000000000000e+00
0.000000000000000000e+00
0.000000000000000000e+00
1.809346358714694917e-04
0.000000000000000000e+00
1.316713786768536343e-04
2.585937461645238314e-02
0.000000000000000000e+00
2.096364019130989899e-04
7.455414394634109730e-03
1.540269920636320685e-04
0.000000000000000000e+00
1.071773107190602842e-04
0.000000000000000000e+00
5.448470841800840016e-05
3.273173847654017063e-04
6.527228214488027536e-04
2.724235420900420008e-05
2.765511715156486775e-04
3.004055592161660577e-04
0.000000000000000000e+00
0.000000000000000000e+00
0.000000000000000000e+00
1.026346998609162703e-04
2.487903167932661885e-04
0.000000000000000000e+00
2.706728767128157480e-05
0.000000000000000000e+00
0.000000000000000000e+00
5.330025823500817350e-05
0.000000000000000000e+00
0.000000000000000000e+00
1.203453449672492925e-04
2.724235420900420008e-05
0.000000000000000000e+00
7.783529774001200991e-05
6.810588552251050189e-05
0.000000000000000000e+00
0.000000000000000000e+00
4.843085192711857415e-05
0.000000000000000000e+00
0.000000000000000000e+00
0.000000000000000000e+00
0.000000000000000000e+00
0.000000000000000000e+00
0.000000000000000000e+00
2.724235420900420008e-05
1.798042072585528863e-03
0.000000000000000000e+00
1.967216088626787425e-04
2.998411395132562175e-04
1.563192229611908024e-04
1.001657266644351681e-04
0.000000000000000000e+00
0.000000000000000000e+00
1.186988290535183219e-04
7.531580056191971391e-04
2.724235420900420008e-05
0.000000000000000000e+00
8.681772038569287664e-04
0.000000000000000000e+00
0.000000000000000000e+00
0.000000000000000000e+00
0.000000000000000000e+00
0.000000000000000000e+00
0.000000000000000000e+00
7.697756217718988280e-05
0.000000000000000000e+00
0.000000000000000000e+00
0.000000000000000000e+00
0.000000000000000000e+00
4.358776673440671335e-05
0.000000000000000000e+00
8.677656428219867723e-04
1.865178902753570570e-03
1.598354666748842733e-04
4.540392368167367470e-05
2.724235420900420008e-05
5.085239452347451811e-05
5.448470841800840016e-05
0.000000000000000000e+00
3.213999223403354454e-04
0.000000000000000000e+00
2.724235420900420008e-05
0.000000000000000000e+00
0.000000000000000000e+00
0.000000000000000000e+00
2.576356427092739128e-04
0.000000000000000000e+00
0.000000000000000000e+00
0.000000000000000000e+00
4.358776673440671335e-05
0.000000000000000000e+00
0.000000000000000000e+00
0.000000000000000000e+00
0.000000000000000000e+00
0.000000000000000000e+00
2.724235420900420008e-05
0.000000000000000000e+00
2.724235420900420008e-05
0.000000000000000000e+00
0.000000000000000000e+00
0.000000000000000000e+00
0.000000000000000000e+00
0.000000000000000000e+00
0.000000000000000000e+00
5.448470841800840016e-05
0.000000000000000000e+00
1.538589267810279958e-04
0.000000000000000000e+00
2.058311206902540028e-04
0.000000000000000000e+00
0.000000000000000000e+00
0.000000000000000000e+00
2.724235420900420008e-05
7.627859178521178055e-05
0.000000000000000000e+00
0.000000000000000000e+00
0.000000000000000000e+00
0.000000000000000000e+00
0.000000000000000000e+00
3.184836656585956203e-04
0.000000000000000000e+00
0.000000000000000000e+00
0.000000000000000000e+00
0.000000000000000000e+00
0.000000000000000000e+00
2.076472776375208422e-04
0.000000000000000000e+00
0.000000000000000000e+00
2.724235420900420008e-05
0.000000000000000000e+00
0.000000000000000000e+00
0.000000000000000000e+00
0.000000000000000000e+00
6.032884202332097767e-04
3.556540782414271246e-04
2.724235420900420008e-05
4.086353131350630520e-05
2.724235420900420008e-05
4.358776673440671335e-05
8.172706262701261040e-05
2.724235420900420008e-05
5.362250418758466317e-05
0.000000000000000000e+00
0.000000000000000000e+00
9.080784736334732230e-05
0.000000000000000000e+00
1.835715560545205926e-04
2.724235420900420008e-05
5.375396619789943710e-05
7.513790061029951067e-04
4.170259052293905262e-03
1.449432948299582424e-04
0.000000000000000000e+00
6.810588552251050189e-05
7.929977009911867117e-05
7.905997899815903269e-05
1.739706556851588267e-04
2.724235420900420008e-05
0.000000000000000000e+00
5.085239452347452488e-05
0.000000000000000000e+00
3.277644385368151799e-04
0.000000000000000000e+00
0.000000000000000000e+00
5.448470841800840016e-05
4.086353131350630520e-05
1.009226759102378209e-04
5.272713717871777185e-05
1.879722440421289890e-04
1.040506584371688506e-04
4.121379015333636155e-04
0.000000000000000000e+00
6.595717606136383075e-05
0.000000000000000000e+00
0.000000000000000000e+00
2.004018003020000525e-04
2.300232625903867617e-04
0.000000000000000000e+00
3.417518409424436659e-04
0.000000000000000000e+00
4.681966509996026283e-04
3.632313894533893570e-05
4.309550510954945988e-04
0.000000000000000000e+00
0.000000000000000000e+00
0.000000000000000000e+00
0.000000000000000000e+00
0.000000000000000000e+00
2.724235420900420008e-05
9.353208278424775756e-05
0.000000000000000000e+00
1.061917650343144765e-04
3.314726841093760005e-04
0.000000000000000000e+00
5.189019849334135123e-05
0.000000000000000000e+00
6.745106675770699226e-04
6.915366837670296240e-05
0.000000000000000000e+00
0.000000000000000000e+00
1.626285993689038760e-04
0.000000000000000000e+00
0.000000000000000000e+00
3.486056713267725879e-04
0.000000000000000000e+00
0.000000000000000000e+00
0.000000000000000000e+00
3.467896655747225226e-04
1.409683725735772918e-04
4.086353131350630520e-05
0.000000000000000000e+00
2.929039230869530776e-04
0.000000000000000000e+00
5.163644371664487167e-04
2.951221921459692282e-02
0.000000000000000000e+00
1.511010717723513023e-04
1.086465974822772634e-03
2.983927903039130820e-03
1.013643763986963806e-03
0.000000000000000000e+00
