4.421440686643407503e-03
7.668343539453825741e-02
6.193752685223508081e-02
4.690485196096716436e-02
3.066975609922906187e-02
3.883894076524008199e-03
0.000000000000000000e+00
4.021316931720786414e-02
3.418757304381969675e-02
1.892694112946546880e-02
1.008974467335210790e-02
4.048166571195110919e-03
3.979663038576752854e-02
1.224845346534397805e-02
4.017595994993783393e-02
4.541362710511176459e-02
1.623632114493034351e-02
1.372944755861063015e-01
6.088268004829444635e-02
4.066739991869638970e-02
6.242157457248964647e-02
3.944362295805881047e-02
4.595690651425332618e-02
1.168908687806347046e-02
8.550286918125316049e-02
1.071790115028150581e-01
1.086320355236258806e-01
2.480191513076057674e-02
1.889298924363913557e-02
1.899726521104749821e-02
2.092359196526993870e-01
1.170293817084333554e-01
8.729019526620263036e-02
1.049367728454280169e-01
1.008850982900648674e-01
1.014492871154137887e-01
3.193933566365547705e-02
3.574559657788913825e-01
6.609988678514078231e-02
7.717089076373895296e-02
1.712698377390777793e-01
1.220466238974831086e-01
1.909293287706148590e-02
3.745851303414937661e-02
6.497472813877358533e-03
1.524371179533012821e-02
1.610788215314356009e-01
7.122165853280293391e-03
3.838073414994269683e-02
4.447042787222121873e-01
3.960752775749920573e-02
7.523453812785341199e-02
1.144373643059726220e-01
4.574708260225879286e-02
2.373183594209571368e-03
4.489940899224720283e-03
3.405954975002680740e-01
3.826990827503173875e-02
4.005959708509010397e-02
1.732371676947632722e-01
1.018533106129071442e-01
1.911951365523556490e-02
7.538047975467421224e-03
8.938459634032724921e-03
1.836920875486303117e-02
5.429595120171004652e-02
1.070120245675632020e-02
4.453522562873502011e-02
1.052196660813073947e-01
1.393235799601555414e-01
1.078350177192355375e-02
0.000000000000000000e+00
4.178489561224907334e-03
2.199968059592727343e-02
9.697836490382449881e-02
2.164850121253003579e-02
5.654079368748909928e-02
1.535740778981331545e-02
1.792169527542508689e-02
1.029742032674016983e-01
3.737275287582964012e-02
4.078499250385725361e-02
1.129886931398917937e-01
2.776870602367589314e-01
2.648193293764391498e-01
0.000000000000000000e+00
5.880444650740113133e-02
1.420509604962321148e-01
1.266545438635837684e-01
1.327845227681390128e-02
2.528173404189182349e-02
3.511296336066482837e-02
8.706706691626475703e-02
1.474067340476370447e-02
4.774415044867996727e-02
3.696606760147957971e-02
4.140466181490332076e-03
3.238799107102963148e-02
3.618128194328917857e-02
5.272718357131189748e-02
4.866992524782975948e-02
6.195132933388158847e-02
6.594147816762152559e-03
4.177321604434247604e-02
1.367436428355652822e-01
1.100120551397321123e-02
3.020963005235799415e-04
7.457654759626741736e-02
1.670127227510054269e-02
2.375100379171346532e-01
3.827290142393469097e-02
2.732618306305401035e-02
0.000000000000000000e+00
3.125018552577607522e-02
4.291724410022546010e-02
1.907773142573354619e-02
1.165477977680042798e-01
4.198688645013604059e-03
1.361227370208872856e-02
2.994220093722077536e-02
5.113384398030795808e-02
5.444295637315477165e-02
5.271100753868207534e-02
2.235617728386429803e-02
1.661621615607522529e-02
4.483267709424332281e-02
2.149306701981119616e-01
7.086743345718904408e-02
4.006925511454006994e-02
9.297647040339107605e-02
1.096762458376954186e-02
2.778970457812768302e-02
2.211132757928773174e-01
1.150233784131637904e-01
1.509098624099980412e-02
8.641253841229445953e-02
8.067337200222901572e-03
2.389949949045808708e-01
7.224184455463245058e-03
1.135975851266008974e-01
7.151935839572409748e-03
3.830920027393691640e-02
1.299678161448634128e-01
3.755983759115277820e-02
4.491551064656462700e-02
2.965578326404294529e-02
2.326624205838712101e-02
2.017931869186817551e-02
2.866893760740474306e-02
3.213909354707666921e-02
4.256216154339576008e-03
3.822614103032506705e-02
2.096094710548701556e-02
6.722751195749943065e-03
4.793071596016407199e-02
5.925688093834757808e-03
8.180117940008280186e-03
1.259450866712974459e-03
9.659093510867577947e-03
4.151240205834483277e-02
6.091265396158540568e-02
2.496176929634508213e-02
6.061481070382512826e-03
2.320366978064640762e-01
1.840084988853591952e-01
3.129790423426470625e-02
2.205815617940185547e-01
3.613779608358704820e-01
2.335326756291697947e-01
2.043412715790209333e-01
4.026935775216360369e-01
2.810801493610144419e-01
2.570891456579005308e-02
2.365164163080013537e-02
4.818735181946376400e-02
4.380476919422449100e-03
5.634652820714070032e-02
4.665404537091966120e-03
1.535887024673687762e-01
2.450793534318087552e-01
2.025808522433081293e-02
3.640938408319271957e-02
2.633801696188333707e-01
5.258715276887926393e-04
9.119331024469889968e-02
1.061154061686666594e-01
5.626350218970177508e-02
1.545712754501016306e-01
4.697018307000799808e-02
4.008906609970885881e-02
2.032265219493849528e-01
4.530372792138326332e-02
1.041187357716681916e-01
8.256665475634328288e-02
2.175511179850007082e-01
4.969351089880724714e-03
8.308343765074166498e-02
3.693007426166161622e-02
6.029521694350847838e-02
2.340220126836989323e-03
1.056883433051831744e-01
1.387730123558990059e-01
1.422440506059885479e-03
1.646989702565626601e-01
2.113463611791033259e-02
1.162848101902289599e-01
1.344905700506942026e-01
9.178691569213182078e-02
9.783747139791021397e-02
8.753105087166535014e-02
1.613578140246323400e-01
6.074540861158084226e-02
1.218453099764218450e-01
1.694375082955357215e-02
1.333531724548375763e-02
2.488521657325826197e-03
4.691453126129996321e-02
0.000000000000000000e+00
1.218380036284090195e-01
4.487487558235780938e-02
4.154814935383921437e-02
7.498123607442508387e-03
1.073906034184952674e-01
2.556713906555643234e-01
1.019702968366207330e-01
1.550871711416936805e-01
6.975023417807957316e-02
4.589941582403334053e-02
1.306001711522757347e-01
6.118721594383202955e-02
7.957625863308592784e-02
1.951167185546740512e-01
1.377087622883435003e-01
2.430078695460951010e-01
4.542370761543743640e-01
2.738581340505596984e-02
1.084798428493005673e-02
1.829731230081321769e-02
1.176333887122718025e-01
7.887192513029628316e-02
6.277570087839201562e-02
2.844116202571367324e-02
2.607884990277753445e-04
1.396882489164426033e-01
1.000498053892888706e-01
2.180998539376233225e-02
3.274521649688288960e-02
3.367609227915746573e-02
3.387743488785055490e-02
3.545811922724961818e-02
3.569186160879045389e-02
1.451375809717667664e-01
3.410887548393226609e-02
2.912611652463592549e-02
9.673943756581149245e-02
1.018203098904510995e-01
3.391044361155159947e-02
2.153758279128492603e-02
4.537624069750467726e-02
1.024153655272730390e-02
2.479802446106527114e-01
3.267536738157339471e-02
1.589928438803234201e-02
6.201937605224028260e-02
3.877294684258725255e-02
2.939294530248570680e-02
1.326350698997202926e-02
2.358416195541153115e-01
3.220976019236765353e-03
2.031452969863956071e-02
3.217468735294914950e-02
8.049495846626975037e-02
5.842634000432944674e-03
3.939186661977700510e-02
1.559954219709247525e-02
2.523004232670356117e-02
4.869902456626640230e-02
7.263519812457097657e-03
6.301341000410598525e-02
3.234943694988512419e-02
4.447160195097055180e-02
3.064519444775992696e-02
4.904846386376249257e-02
0.000000000000000000e+00
1.371644081427092488e-02
6.882291319495692505e-03
6.016287533877839877e-02
1.408582335546944009e-01
5.797543346298894562e-03
2.275383643479678142e-03
8.251694237735307524e-03
1.229074789418937996e-02
9.754169176210858438e-03
2.159985234002181897e-02
2.351154248303810590e-01
0.000000000000000000e+00
9.548990814762348123e-03
5.321069120187882362e-02
1.934637837133390548e-02
1.105209540822729153e-01
4.266690564298158961e-02
7.796605131621525686e-02
6.729492191639430132e-03
2.588493315138133966e-01
4.579962946433369098e-03
3.881478870664079039e-02
8.403476028974843359e-03
6.224671430292794128e-02
2.215531201183029708e-02
1.620335515382809177e-02
9.502233314181651735e-03
7.912592296387188640e-03
1.003730247301426459e-02
9.523300981487636818e-02
8.598270629428306222e-02
4.026903957244698518e-03
4.220200496950266000e-02
2.042073696190778165e-01
1.525989936020319959e-01
4.974201591304350245e-03
1.792015951719667655e-01
5.080356807919006457e-02
9.008856237228712871e-02
3.516565059524001668e-02
1.219470449875421636e-01
8.260512499354888405e-02
4.138997398216748280e-02
2.153305703553076711e-02
3.278170529237378616e-02
3.682911680446743219e-02
2.737881807185615912e-02
7.515467610408155252e-02
5.529347102346715559e-02
2.697352646153561295e-03
2.946016350831648367e-01
3.609066650828829381e-02
4.519453363960312942e-02
1.938036178824820155e-02
6.041351211024004186e-02
3.000449428352158776e-02
2.448128857547082760e-03
1.546304123959174603e-03
2.056462996891550432e-02
2.227051501941534895e-02
2.258176313394217871e-01
4.008845812449202128e-03
1.145514334124895228e-01
1.815563480849791134e-01
1.372375221995891792e-02
1.923209494963717958e-02
1.037748350188127944e-01
7.488084608628042815e-02
2.360388447556260871e-03
4.252997652366996562e-02
1.473036835295538083e-03
1.126147887564874495e-01
4.972368426434758959e-02
8.709617800661284548e-02
1.724705393709111689e-01
1.004956097979876617e-01
9.000311182485365435e-02
2.841271229954678290e-02
1.984926698622047070e-02
6.110231500861651455e-03
8.598780528730909367e-02
2.049457857439840325e-02
6.746335215279231079e-03
3.404600700182847106e-02
6.693756266538208877e-02
1.323057155251108341e-01
2.192839357376641374e-02
2.319923612693317594e-01
1.620648519013077049e-01
9.666685697235344321e-02
1.988363434440376665e-02
0.000000000000000000e+00
5.747099656682230773e-02
9.178375588964726717e-03
5.503317424159526183e-02
1.391065711297034824e-02
2.493441037404950933e-01
0.000000000000000000e+00
9.377271045585722220e-03
5.194122294868641632e-02
2.624165938270639487e-02
2.031588264647243847e-02
2.717538910227190740e-03
6.715519377467060735e-04
9.749148460254630777e-02
3.988977432626583663e-02
9.561789688196320469e-02
2.561398666471426111e-02
4.614521397387605361e-03
7.131135789922282697e-02
9.477532415654987830e-02
7.928064140783419589e-02
2.237686562565688320e-02
1.612514842706573859e-01
4.852777317103651455e-03
6.549662140502032770e-02
2.476788242570382437e-02
1.518617130295396578e-02
3.834571169158440540e-02
1.044586759712258228e-01
1.106667761853241672e-01
3.930169640367076056e-02
1.044670277677983705e-02
4.838983972545918277e-02
3.226846682350092976e-02
1.216607896682209145e-02
7.114980542082705028e-02
4.471351855834360123e-02
4.526590278240902876e-01
7.577943385531948906e-02
1.259608274608448042e-01
1.637658010435441014e-01
5.224781089657959399e-03
2.778220478986526132e-02
2.303056333954636159e-01
2.392511455165067247e-01
7.812098769103226203e-02
1.484334518775662914e-01
3.399129039518467010e-02
7.704585613713366143e-02
9.157502152036034460e-02
3.035489220571641056e-02
1.042201097849115854e-02
2.417594111885179586e-02
4.766753990145122799e-02
2.180421653458939346e-01
1.994646572754215086e-01
3.755095444916367597e-02
1.125529376498652923e-01
3.323372004424562931e-03
1.335201486918871083e-01
1.308717906916445628e-02
6.144689718658113975e-03
7.722631627802734045e-02
1.823496456917794717e-02
2.660026865558862141e-02
1.393641844259718710e-02
7.076900396220064948e-02
1.202385114378037301e-01
1.105241976300757045e-01
8.243310751343990717e-03
6.319548232372795837e-03
1.694405432777204012e-01
2.410478367030481905e-01
1.023297522163373330e-01
1.440216143604367005e-02
7.918333659381104894e-03
4.303803357919822048e-02
8.109241221403884481e-03
8.308791645806667958e-02
1.107871523054164697e-01
9.538850545882215926e-02
7.803369549957572815e-02
1.024771356035412140e-01
3.504221794812334423e-02
2.047504201754621889e-01
2.760603019067886521e-02
4.319162870120241138e-02
1.307175932784598871e-02
1.014711428602472765e-01
1.370673035299407871e-02
1.748437629638210922e-02
2.759389016817603846e-02
4.034454819652921742e-03
7.676156340325324123e-02
6.163052436311211579e-03
5.237639121438686374e-02
5.823355413793684932e-02
5.473587987321604231e-02
7.414355905933422974e-02
1.396210873711556388e-02
6.123353481582327618e-03
3.581434902006375154e-02
2.272159699607367855e-02
1.314312435403941492e-02
2.558238129404788452e-02
3.063063357089301775e-02
7.390243170908661341e-02
2.146799555048328756e-02
1.314777674267126883e-01
8.432584885836647004e-03
1.267136789239815542e-01
4.738351050342970439e-02
1.541016031234274664e-01
7.347286992917290149e-02
3.151686458454960871e-02
1.496500562671432277e-02
5.924881012625515808e-02
9.104423071931488920e-02
1.450436753898669551e-01
4.875901706921403900e-02
5.216311391390782148e-03
5.427117946593451592e-02
2.862553711092630238e-02
1.349990127870990264e-01
0.000000000000000000e+00
9.712908739176739914e-03
5.780318548680440927e-04
5.027610073078747632e-02
3.249658981428282800e-02
2.047454495066514113e-02
1.502461875258287449e-02
3.790613422380850750e-02
3.833737678463489118e-02
1.653790095803850946e-01
9.355945624706585306e-02
1.547765760741537377e-02
3.998125745561154076e-02
3.371517558870795739e-02
2.954249173190337530e-02
2.201038267078549993e-01
2.939700599331285247e-02
1.460574168341617352e-01
9.164590893361612700e-02
6.333500692813043287e-02
2.587817511953538485e-02
7.996041836464939934e-02
1.538692084593940024e-02
2.147465389172609207e-02
6.436693715811525607e-02
8.679616300958592490e-03
1.536518370173975967e-01
7.252597607048638650e-02
2.083875731788609187e-02
5.305245963281457477e-02
1.137846824470196694e-01
0.000000000000000000e+00
7.330035133681356285e-03
2.135568161844059176e-02
1.385334097090407113e-03
5.350233875810861406e-02
4.604637527844257505e-02
5.909954029772812589e-02
2.430194357230330837e-02
4.694383834486615115e-03
1.157177556294097798e-02
4.728965057396639082e-02
3.305012553242114848e-02
4.265027783125585614e-02
4.830210821999081361e-02
1.320717124448123059e-02
2.027407213221721349e-02
4.242292184194074167e-02
3.010638575015800456e-02
1.691725314335794650e-01
7.603862138416239702e-03
4.606066567983546634e-02
3.353972119780479488e-02
1.254741533666994258e-01
8.724357675120586464e-04
8.717806756274093516e-03
3.661462547045157834e-02
8.630976264375167517e-02
2.650577652227870118e-02
2.937416211969079427e-03
1.147615827460946036e-01
3.316988567992318337e-02
9.474320920268031188e-02
5.119580573779991539e-02
6.439961024037810233e-02
2.678081537216492336e-02
2.785666055543689623e-02
4.063621180918719489e-02
1.002827561921524335e-01
1.175516178738522655e-02
7.281534093429087307e-02
4.343333912917568540e-02
3.734793193039998016e-02
9.105715881423570579e-02
8.858592874064541434e-03
2.617858377207404885e-02
8.805417216071820263e-02
1.758008515329922972e-02
1.832346500546133683e-02
1.584630499122798852e-01
5.116179475071458427e-02
3.511266257897194265e-02
4.184234526564889478e-02
3.159913669690883609e-02
2.397791805517623942e-02
1.471459853530010520e-02
3.751706671168086871e-02
5.248052495162269793e-02
3.734442714286778653e-02
1.206354299364331695e-02
4.266010404634812403e-03
2.538180129148859265e-02
6.933218827851650445e-02
2.535125513005187514e-01
5.276393725738159901e-02
5.602363170731816666e-02
4.150743823883562555e-02
7.950097966397429161e-02
3.849497334608287247e-02
1.702583012931855322e-01
1.131175480079367190e-01
1.665188809843609619e-02
5.158674287489883881e-02
4.618419228683112721e-02
1.195752704313601811e-02
1.091580956352000698e-02
3.528042554487864635e-02
0.000000000000000000e+00
2.151683849048069419e-02
1.419324204209271301e-02
9.105594356584845173e-02
1.252865364376551938e-01
1.372844215787250022e-01
8.141715764512191811e-02
8.134992022300835401e-03
1.257001508711361737e-01
9.773684638656021662e-03
6.408882884861633045e-03
5.390821547771640354e-02
1.123788589036323060e-02
1.017218831231527787e-01
7.803847444575939818e-02
2.632632068103823997e-03
4.110575857832365898e-02
1.874711663968042785e-02
5.750800439315462143e-02
1.129683398577805420e-01
1.439636642706387804e-01
4.072068145414231566e-02
3.091221378445041523e-02
0.000000000000000000e+00
0.000000000000000000e+00
1.469345528017580449e-01
3.232098249229586884e-02
5.261495975483931886e-02
2.939636221286789919e-03
8.404780560394620181e-03
7.571438301711896912e-02
1.177503558583925525e-02
1.061628143939667979e-01
1.918768063819147329e-01
8.248807427084781096e-02
1.382117804328064636e-02
1.754056757835797953e-03
6.940212174825610703e-02
3.962383394683044457e-02
7.220261820920725881e-03
7.074640325656744722e-03
1.230079033193920424e-02
1.802283022100326093e-02
1.255415676957394311e-02
8.643630599416418647e-03
1.550432930215315253e-01
1.670585816861169803e-02
5.696886144459512025e-03
0.000000000000000000e+00
8.923654963066329771e-02
3.275030103471632259e-02
3.127158588002210138e-02
6.930101991311143905e-02
6.978108889405287840e-02
4.278523596090266778e-03
2.188944721931296300e-02
8.758428144423024975e-02
3.243170809263595800e-02
3.916395599222521895e-02
4.679202794545567201e-02
4.416663501370265976e-03
1.066836638007462312e-01
8.766743298905499415e-02
9.746320444638634228e-02
2.972023123783351650e-02
4.601862691869573752e-02
1.041980242867994733e-01
4.816092473094091275e-02
3.920251587436318630e-02
1.281449093687099250e-01
1.808071182742851946e-01
5.699251080946687864e-02
2.973955995560295662e-02
7.725698296675087562e-02
6.102721091533425124e-03
1.390782521909885716e-01
5.163129454324817402e-01
1.664053528504858548e-01
1.233576642671181389e-01
1.918393226105399307e-01
8.717971192596696284e-02
1.501874873759474482e-01
3.329328504580253423e-02
7.533440145865899495e-02
4.001164673959056728e-02
3.147423544328731282e-03
4.130209033030141086e-02
7.127544398101282042e-02
3.649929342747881833e-03
7.380768051480757208e-02
1.719233480851656282e-02
5.861843078686312936e-03
1.184191832391796595e-01
2.716357435556560063e-02
4.878525213296214247e-02
4.242693827993804234e-02
6.612918543299084462e-02
5.721292607429617760e-02
6.570766046994602760e-02
2.347291739104839792e-02
2.485813201277053963e-02
6.300509684959543222e-02
8.363300477260704469e-02
2.905199791513002339e-02
4.117459660132727350e-02
3.601115910535135356e-03
7.318717602424307245e-03
8.189715856481072365e-02
3.548755043749629579e-03
9.859901325176601006e-02
5.974951059062938441e-02
9.597764397888575161e-02
7.565879471628011999e-02
4.342492890062743527e-02
5.832366077117079328e-02
5.918363065762299868e-02
1.460176680281843886e-02
2.050916917383514004e-01
1.580659835019204706e-02
5.507814931886212406e-02
2.056411205049180069e-01
5.052232990598781726e-02
0.000000000000000000e+00
1.647169869209541559e-02
6.958776217794682140e-02
9.253835191553427819e-03
4.175831668996110579e-02
8.289811550994485856e-02
3.415411037618554246e-02
6.193556839959590832e-02
1.655791171246701055e-02
9.201783629579018964e-02
4.869168838371962238e-02
3.645079922367600034e-02
3.851659163582699108e-02
6.411998036187060990e-02
5.801524447962247422e-02
1.286059504038616907e-01
3.711347236673745442e-02
5.591067730383603163e-02
3.362954060991985017e-02
9.996400327012544551e-02
6.696849600593068885e-02
2.801299586672456599e-02
4.665328262501322598e-02
1.599099369168444085e-01
5.153062254511109330e-02
8.772701753790368429e-02
1.446844370326338947e-02
9.907010410593120042e-02
2.371914528256802157e-02
1.064792830629546216e-02
8.038860312109363804e-02
6.111558458641930258e-02
8.796899660239887453e-03
0.000000000000000000e+00
7.392207637700032308e-02
1.127677305303631528e-02
3.518184635112664438e-02
5.442356290980310263e-02
4.662950932810439042e-03
2.745150050956368659e-02
3.062873462978021877e-02
3.972116888967747173e-02
3.424946110196902538e-02
5.569452389007167881e-02
9.213286964107592070e-02
5.019992565253872385e-03
5.334446118719249341e-03
3.303776637453363918e-01
2.729826217108213271e-01
1.340582685235380822e-01
1.206286127503295447e-01
1.748066530743663805e-03
3.668352280762325890e-01
3.793550597384509615e-03
3.564230886445685087e-02
8.071291294843518926e-03
8.298483615754115306e-02
2.608278528981156086e-02
1.255097355858492136e-01
1.204660084396431685e-01
8.468112372237968088e-02
4.002905363669828631e-02
2.275132358129638988e-02
7.738553075918463975e-02
1.873597417501731144e-01
1.591969307979157477e-01
1.977875802158113316e-02
1.805815418861769217e-01
1.712635229447201368e-03
8.018912463115590583e-03
1.612672081839141569e-01
7.177308797696824172e-02
2.295833771408517521e-03
1.881424364208772460e-02
1.176541563787756317e-01
5.486237518345848940e-02
3.817815072217811689e-02
4.488192219087405732e-02
1.550884275120711919e-02
2.030126557215794492e-03
9.621649215966066038e-02
8.168480739182459871e-02
3.961087641450244945e-02
4.618860685757386619e-02
5.528794002241710359e-02
2.251789494090328247e-02
3.238661806579834490e-03
1.103328871128494981e-01
2.119308047879098211e-02
2.228382355524365366e-01
6.026998550548778866e-02
2.305995941240368552e-02
1.246854830547530213e-01
1.501528226400514754e-01
1.135972374300475707e-01
7.190272150375598414e-03
0.000000000000000000e+00
6.563653462936258620e-02
1.123940699552354872e-01
9.957079271235791396e-03
3.288085711858990123e-02
8.711079804868937515e-02
3.352091435800375052e-02
2.788783539551786816e-02
1.311485174874427173e-02
6.229380056470024130e-02
2.408575728580508724e-02
2.998729545185785383e-02
4.555072215178235240e-02
7.413319495860726249e-02
3.390764493532660850e-02
4.278269371053067260e-02
2.037439957387476852e-02
3.658874862976091435e-02
0.000000000000000000e+00
8.449805753002870290e-02
5.320566031934426121e-03
3.152955945453062014e-02
9.594368594496494040e-02
1.792599864008348476e-02
4.200787109264059183e-02
3.200495345788541002e-01
9.859689996913001409e-02
7.362237433693685773e-03
1.557388640544310476e-02
2.241784036952410020e-02
6.828405538440662781e-03
4.798068395961863075e-03
1.876622763186954757e-01
1.648914143974158364e-01
1.292427597075196388e-02
1.294047536479201455e-01
3.130827883303410886e-02
4.102482155217668236e-02
2.989689134226303224e-02
1.242848340894386894e-02
0.000000000000000000e+00
1.294898551219407778e-01
1.848011521396131229e-02
4.431135387459583796e-02
9.259310307994628175e-02
5.111476279895921238e-02
7.162540413354268054e-02
2.313243979045953580e-02
3.765235341706905103e-01
3.632994022924407318e-02
2.190256662149980826e-02
1.515665408354038846e-02
4.260898138144497693e-02
1.295907685367394535e-01
1.010338171738371926e-01
3.030554795237971888e-02
1.142767327083502593e-01
8.481287659644998200e-02
6.085668140796141046e-02
6.101902831059380361e-02
1.493371693800389366e-01
1.580845646882860223e-01
2.585045430068255712e-02
4.960677695188664416e-02
6.167224935404291841e-02
6.927495111878290146e-02
1.262878659410038296e-02
1.699797799536906240e-02
7.882677840472140929e-03
2.739200879862302429e-02
5.559849532054172982e-02
1.540750069482310636e-02
1.016187533078820593e-01
7.609231944630856503e-02
2.343312563375299362e-02
5.007085910613451318e-02
5.506819032767396038e-03
8.061771050536314931e-02
2.072049675548193193e-02
1.168572325239631837e-01
9.699319981376230970e-02
3.229180697140687784e-02
8.307407423064816498e-02
2.444482979420126156e-02
5.433564226300635625e-02
8.475757375112369374e-02
2.221346251996081378e-02
8.048487490894906671e-02
3.730003303941842319e-02
2.240558569680635159e-01
6.320802536258973703e-02
2.097637736059763114e-01
6.058511925980258894e-02
1.126463474037846524e-01
2.750637117996213021e-02
9.458994160877587376e-03
6.462044751979867385e-03
8.777504110021538963e-03
9.351331774806403985e-03
1.024593977592225258e-02
6.857860160906081859e-02
1.064149014916111469e-01
3.060606196560389236e-02
6.929088847984399280e-02
3.476028318951396301e-02
0.000000000000000000e+00
6.014944967563273792e-03
1.692933198826906960e-03
1.248856799991315825e-02
1.417371279859125366e-02
1.277978357525810793e-02
3.251374941815754482e-02
1.572645704685449175e-02
1.516430124469891894e-02
1.752712577505466385e-02
3.738604003179002433e-02
1.749780732933103877e-02
1.707928447592266252e-02
2.786800166641700827e-02
2.294845528948830093e-02
3.986314908431154436e-03
9.972137064562680564e-03
1.303726485356637710e-02
2.342253542473837769e-02
1.083631393252559860e-02
0.000000000000000000e+00
9.290653350628730323e-03
3.278467816336227969e-02
8.591246265603480481e-03
1.095439040676726705e-02
0.000000000000000000e+00
3.206325514762298212e-02
1.233264708502535001e-02
1.595734387679481614e-02
1.879958190244401806e-02
3.040444520836249609e-02
3.095797608409522894e-01
3.600157609537468772e-03
4.750985607838487113e-03
0.000000000000000000e+00
1.751674106903600148e-02
1.007684411134155411e-01
2.380866101731893281e-01
1.426819086453186003e-01
3.425167619725399959e-02
2.153980049314885292e-01
2.816350947851997688e-02
1.016488576516216824e-02
0.000000000000000000e+00
3.595840761828954513e-01
2.487272430592790684e-01
1.453764164525406244e-02
5.583946223459257396e-03
3.727844917963629712e-03
3.717534779676423540e-02
5.318471663497481572e-01
3.529608187518888940e-01
4.854819758473700730e-01
2.590968590333773136e-01
2.724953282981843472e-01
1.587705977322428907e-02
8.569695684527367519e-03
2.971107685103380192e-02
2.460004428388007369e-02
9.022104526809293645e-02
1.828173314411785100e-01
1.638467375386198910e-03
3.422716487215637926e-02
3.235939539298335887e-01
2.982508194811162028e-01
5.137328183272149573e-02
1.319648245884685878e-02
4.498490228097118404e-02
1.987022975225816168e-02
8.886740546778781891e-02
3.984806346617020267e-02
3.220534367261862485e-02
4.075004011828298189e-02
2.001396284784906499e-02
1.162362674286496755e-01
5.463403019221946266e-02
2.715766835121069533e-02
4.469273136250695444e-02
2.842567286217789757e-02
8.301610553822058591e-03
2.719877422108396559e-02
2.038409454190936998e-01
4.281954623237815838e-02
4.467917984068758841e-02
6.520290517728177804e-03
6.428137531671040961e-04
8.131920234759348887e-02
5.714602720701567051e-02
3.642604255125636570e-02
1.407845451496276823e-01
5.737650753277634408e-02
1.052386570489893813e-03
1.374510929453531816e-02
3.785191202099191798e-02
1.253850834608289944e-01
5.486866818675828483e-02
2.090428433036528588e-03
8.252133506911007998e-03
1.089876134064970969e-01
1.250096397157873795e-01
1.644699154691489085e-01
8.613754951895202794e-02
7.055942988332120080e-04
3.808874519138161219e-02
8.113795171040827370e-03
0.000000000000000000e+00
3.759977806215619722e-02
1.548410026920876703e-02
4.162119680303622005e-02
1.008985304524756543e-02
1.339355936949795378e-01
4.170006387882452259e-02
2.074073298525505038e-01
5.990217282147280997e-02
2.895788731524717718e-02
2.250116047008976494e-02
3.094046693366969691e-02
8.577684530901841242e-02
3.182219454681511905e-02
9.703631665972167752e-02
1.309541098106716817e-01
7.763360107457373260e-02
5.372348646512481452e-02
1.922346605900937533e-02
4.439949249194086178e-02
1.551920514472548973e-02
9.417156904108203719e-02
4.372848903469694903e-02
4.013215994739116610e-02
2.313654304127794603e-01
6.358552363364466942e-03
1.905449428124761369e-02
1.697041469613846942e-02
2.631018613299538345e-01
4.633877019004470910e-01
9.892959439896209517e-03
1.510675328546877694e-01
1.045572616079892825e-01
8.107138485024911745e-02
7.213905445018653495e-02
9.157157847019270491e-02
2.935140109908562778e-02
2.957233405994230679e-02
9.113804458476071346e-02
1.781033065674719751e-02
5.522590912068015001e-02
7.263925022199657633e-02
5.125858002356142862e-02
1.205425778324809016e-02
1.472264801120823918e-01
2.537774468770139791e-01
2.197315884904229577e-01
2.104917528236320834e-01
1.288361546353478104e-02
8.743959848315441263e-03
3.942854807378992632e-03
1.217479797128717678e-03
3.809582822248636091e-02
9.170055320475700711e-02
5.684265065878602030e-02
2.685395559283509925e-02
7.516874634793513366e-02
7.173232110739657941e-02
1.426730098220829746e-02
1.054337527788700157e-01
2.549078239399804602e-02
4.030920908684354487e-02
5.991257572500874318e-02
4.419948284949626327e-02
1.233286527258021792e-01
1.279664349444287197e-01
1.302572877031193954e-01
3.717172189312911712e-02
5.340729273902944385e-02
1.675644078968296924e-02
6.421325217262641161e-02
3.381627995970681866e-02
1.857095354548921051e-02
5.814606396597987725e-02
9.837747167239374591e-02
4.339129135420982664e-02
8.535890673268742290e-02
9.236462652854449118e-02
3.072718453016598517e-02
1.395748282431164000e-02
9.538301262435933126e-02
1.553428498868747454e-03
3.257585474647139989e-02
7.114567107157743209e-02
2.416631640250166413e-02
3.806440505929487017e-03
8.176680122529589312e-03
2.533381181331506582e-02
1.659330558902265551e-01
7.560804979676216675e-02
7.729955807444532923e-02
2.687375864377461454e-02
8.675407229895615302e-02
1.369567743514252811e-01
4.526446154855534587e-02
4.322454944392539744e-03
1.921701108977025285e-02
1.059288033287408837e-02
3.614988758327353224e-02
1.729326955835741586e-02
2.744316631491905412e-02
0.000000000000000000e+00
6.227959517858483451e-02
7.064876635639461000e-02
1.043201797487292026e-03
4.837841131094755553e-03
1.095108213431483790e-02
2.064528644179741690e-02
5.368125324565387047e-02
5.699899481052650430e-02
2.433879537241256941e-02
1.486030291221220878e-01
3.933764604955403144e-02
8.554648078682181023e-02
3.748098661150800481e-01
9.913779677718626004e-02
4.985807641064710083e-02
1.358856100434540082e-01
9.150867328082235019e-03
3.443304142422576319e-02
4.106676011246790381e-02
5.193951875172686528e-03
4.406726666912863521e-02
0.000000000000000000e+00
2.266455500071007378e-02
2.825190388927563134e-01
2.754773240297936354e-02
1.501550767233910122e-01
2.325132270734542317e-02
1.165925342388263175e-02
1.694796499787143418e-01
2.218291921998805094e-02
1.911956900198585885e-02
1.174053924768259094e-02
2.682781712476689506e-02
5.203496939689777889e-02
8.747675380575081761e-03
3.828225566889109643e-02
2.467627495812845240e-01
8.146373564877684714e-03
6.682027654694344676e-02
9.889434719452694367e-03
3.906790430981299522e-02
1.024883793113477992e-01
4.420216370614493684e-02
0.000000000000000000e+00
2.832048577575907444e-02
0.000000000000000000e+00
2.115573409294757568e-02
8.310936662511547723e-02
3.460009654441265070e-03
4.373913818422003885e-02
0.000000000000000000e+00
1.372960284328339498e-02
5.300111810629282161e-03
2.072014225766345419e-01
3.362409093152773920e-02
4.579650862948358991e-02
4.653846779750203666e-02
1.448614074905840710e-02
9.132917625076686363e-02
1.619777080204443109e-03
5.712738754713253542e-02
2.715669143762600157e-01
5.773942582953051073e-02
1.750077583921871849e-03
1.731985965058946420e-02
1.024135303269169128e-03
7.922226578373603445e-03
2.197854131488785612e-02
2.356718374390442960e-02
1.569943260906203619e-02
1.234774862757230807e-01
9.138538732046619373e-03
2.196298818071884540e-02
1.019951649009520622e-02
5.751556384084111073e-02
1.988350282766582211e-02
1.205622088453859320e-01
1.756810639894279547e-01
6.094069856839468002e-03
9.817320086247249833e-03
1.138659865335078791e-02
1.151987324293113346e-02
2.161938754203340807e-03
2.226071030500964554e-02
4.848339549187841158e-03
1.185465674128760583e-02
4.286432158799691194e-02
1.733635785922711392e-01
1.789223289383743420e-01
7.721426907164907760e-02
4.782569083919785413e-02
1.027378501605253902e-01
5.724567725327833756e-02
1.989695355171567925e-01
1.928161241609336329e-01
3.769348857269338993e-02
7.270478133926339126e-03
1.055844526132876382e-02
4.841914758951126885e-03
5.651467774906215880e-03
1.198663158131960671e-01
3.278848357024788385e-02
3.311398885257066382e-02
7.121148199918714283e-03
1.005466180120695441e-02
9.220637446767110390e-02
4.706904226871877484e-02
5.277909159693727759e-03
2.439612339254182416e-02
4.331036583211478330e-02
8.129681376826347616e-03
1.340444576776711472e-02
1.112544730432123430e-01
9.946267205534375933e-03
8.209337647277425987e-02
1.055475411813855402e-02
1.503419890301795903e-01
2.303005955029719942e-01
3.930898937939186766e-02
8.380921770462634868e-02
1.774604645054536078e-01
1.606487251623889279e-02
7.774912306146752883e-02
3.232184211127897555e-02
4.407594224175603870e-02
3.409397281471537866e-02
1.097469319565025359e-02
8.325969966831436864e-04
4.384490860578642568e-01
7.384555726680019916e-02
0.000000000000000000e+00
1.260580818508394430e-02
1.187247889235178988e-01
9.887804506241160141e-03
2.071109396703096905e-02
1.078624862691413000e-02
9.398983039464603451e-02
0.000000000000000000e+00
3.925872071221903070e-02
1.022576254868479140e-02
2.936981190297593969e-02
1.278713565788258677e-02
3.064897543273659153e-02
5.347044520847887838e-03
2.018969492575273250e-02
1.289152296141082843e-02
1.509043053874137286e-02
2.147702731413607680e-01
1.548734539234786212e-02
2.611313134533244096e-02
4.470234884942669851e-02
6.142033646721056783e-02
1.787122477618483529e-01
3.230764118591000766e-02
5.244496564035383557e-02
6.752942179488918839e-02
1.179411514773232028e-02
6.576903097128194986e-02
4.902955011549270381e-02
1.734700415547241192e-02
1.338160541757726918e-02
1.251581740992646630e-01
0.000000000000000000e+00
2.151784170736803503e-03
7.188735441125970738e-03
3.789090078412176155e-01
6.516450429770692665e-02
1.659653369915465859e-01
3.829564653090677950e-02
8.625293188274785194e-02
8.962316838459560842e-02
1.021953152272647714e-02
2.864814042036201158e-03
2.191081751251378051e-02
1.780379649058918545e-01
3.740917177093727730e-02
2.820799475658741784e-02
2.725527740106592489e-03
2.171990021350200806e-02
3.314477438751506355e-02
1.074885324416019472e-02
1.826976853711403948e-02
3.704598359374422500e-03
1.691057335674894802e-02
2.080974780910525013e-01
7.753147158523532312e-02
2.019062867724752408e-02
1.129129721918200602e-01
8.993571530176325268e-03
1.324590085042931520e-02
6.050854121611148884e-02
5.876578788665387520e-02
5.566641762440571739e-02
3.159767235133337238e-03
2.263423884435056266e-02
4.678109733872481968e-02
2.564928826622558944e-02
1.584178602151098403e-02
6.385881376909896545e-02
6.766866409837923868e-03
2.474817719109809744e-01
2.174223872102043487e-02
1.094119350451654427e-01
3.398238102879247435e-02
1.495581622956336787e-01
1.494541450752251421e-01
5.464190544078917355e-02
4.002965922393553200e-02
1.009846485404528593e-01
3.352462705726910741e-02
3.054178009328456511e-02
8.695247921203641539e-02
5.388142172084720016e-03
3.613171693161554288e-03
6.328654731999794336e-02
1.411412630487518527e-02
9.095245578872201975e-02
3.884365971191083844e-02
7.430385064930256078e-02
1.392642668155765762e-01
1.261631813039238992e-01
6.428707028583069416e-02
2.531227675532878862e-01
1.124757222355388109e-02
4.664103258010410258e-02
4.364721573475982552e-02
1.145322480705690538e-02
2.013775948637546165e-01
3.300265039069039119e-02
1.525755399617354513e-01
1.265188951079387891e-02
1.009332107954392654e-01
6.306129121683401451e-02
1.350219704049138159e-02
8.471697429020430548e-03
9.965202515511517589e-02
1.264602976362958486e-01
5.331525007917381487e-02
1.981104080769569009e-03
7.586836646431116549e-03
2.848433022608531928e-02
4.637639234157910906e-01
1.788544117438970460e-01
1.534478593735677521e-02
2.597601118628656280e-02
6.250790551961316055e-03
2.413973705615291010e-02
8.450350268743633819e-03
1.399409734028367325e-02
6.955622692277074748e-02
2.122121227210360672e-02
7.277883953577468645e-02
9.963591320378917260e-02
9.384193955691344513e-03
5.815076608982039374e-02
2.985080358905296549e-01
2.008206680069246630e-02
1.187423290729103798e-01
5.179865913306169745e-02
2.142170047205382843e-02
3.487424224394963801e-03
3.075903935402113376e-02
4.201105056963161388e-02
8.918907876450976602e-02
1.507467629843279866e-01
7.876188044477316907e-03
8.271026489023647343e-02
2.349300075885718542e-02
7.694128712575576401e-03
1.016191744890182491e-02
4.257451586103133678e-02
2.775993742199656111e-02
3.247164888238085467e-02
2.394241264095064992e-02
1.948328157068246469e-02
7.316723783933909431e-02
1.753331548805014961e-02
8.852310208683000781e-02
1.157504209198814138e-01
1.303856839638841691e-01
2.118681884347850541e-01
3.284746233941238103e-02
3.669737571235121010e-02
8.398133920112460515e-02
3.869644651198012042e-02
0.000000000000000000e+00
8.282368755618474410e-02
2.764230911134024637e-02
5.462923402076924617e-02
9.038131862801179750e-02
1.841034846828470961e-02
1.031671940014673439e-01
3.029542567574061707e-02
2.709224033843504742e-02
1.191546289998246522e-01
6.969200180516388343e-03
1.126091639134205735e-01
2.653247249218892989e-02
2.156899784140087206e-02
1.354463287589613429e-01
4.496675649792081231e-02
2.935162189467099836e-02
9.787674368947829606e-02
1.878978214840376637e-02
3.971947005617693094e-02
1.168437199901264378e-01
5.361842214128387241e-03
1.588951343856059850e-02
1.618595279124335207e-02
7.191333949458833530e-02
3.663159258021053688e-02
4.806850182799582427e-02
2.202227799130618280e-02
3.617906577386440503e-01
1.302211467140779177e-02
1.645714757089944413e-02
1.017850761653082969e-02
1.573520105127457214e-02
4.938877396171204026e-02
7.374813888946185614e-02
1.357302580725150420e-02
2.082368456644969612e-01
2.961418042637919967e-02
3.271475804921752939e-02
0.000000000000000000e+00
3.612840489928892396e-02
2.768494679435740125e-02
4.518456658598957176e-02
2.036053197222997824e-03
1.026798512675517472e-01
9.340466649121914600e-03
1.375164012641292288e-01
3.034862634076018750e-01
7.064703589821252905e-02
2.139143158565737224e-02
2.938343318982283847e-02
1.628094385083844742e-02
1.519876838981115696e-02
3.468099820564241043e-02
6.661988333050139488e-02
6.203556349810401827e-02
5.616483175253517146e-02
2.015405623996358031e-01
7.038544725086115506e-02
1.341442708360292002e-01
8.455339039882225904e-02
4.535278144112009358e-02
1.511339807049694173e-02
4.019478106146134877e-02
1.024751581926608424e-02
4.839012998899328011e-03
1.275860402070785327e-01
1.860023187590709171e-02
2.880187880387907740e-03
1.299000506147329759e-02
0.000000000000000000e+00
1.232377631863368350e-02
8.373356387267172352e-02
0.000000000000000000e+00
6.304569519179814563e-02
4.386109600268550679e-02
2.353456952678687486e-01
1.182503899671605296e-01
4.369394689767602813e-03
9.776983300738883997e-02
4.894181006264464173e-02
2.553839566337678946e-02
8.899967466063340993e-02
2.166749206009388473e-02
2.939730189342437683e-02
4.644478555253783725e-02
2.811828574259500613e-02
4.019925262824664003e-02
2.017995059942689906e-01
5.010333981028658457e-02
1.313283012225774371e-02
3.145784041439991796e-02
2.490321140906548436e-02
9.623394828161657699e-03
4.369760800561195424e-02
4.473130625970078711e-02
1.950844445636104041e-01
5.350372921691892714e-02
6.750031444295068184e-02
9.282870708361290468e-02
1.498153943308011549e-02
3.250013671850648933e-02
1.104714381280693658e-01
2.575814641674600836e-02
1.809865928836895677e-02
4.623384930773877244e-02
1.935046236370219219e-02
5.625617487852352383e-02
5.009869100823483024e-02
2.388349570463699223e-02
1.407126794447233209e-02
3.908817687292387433e-02
2.120209032984554653e-02
2.249558235150228569e-02
1.230609601695409339e-02
1.929107639080474002e-02
1.165046735228800756e-01
5.816930523545593701e-03
4.972725185364357259e-02
2.030532386398000710e-01
1.041156729475263276e-01
5.570997092601892575e-03
5.021368377926282989e-02
2.034180289249505336e-01
7.106369120413624785e-03
1.974541195986034836e-02
1.057082700037348388e-02
1.946557703279161444e-02
4.832430639183371568e-03
6.863708255640066369e-02
2.319281694617547629e-02
6.341432079118192178e-03
3.921172242147994424e-01
9.582409451684981150e-03
6.576045811181883138e-01
8.746061526327864044e-02
1.305665480842179704e-01
7.951730434388792901e-03
6.257562995782084414e-02
2.142229300482991761e-01
1.173999021369116491e-01
3.984267953947373542e-02
1.961195491661360535e-02
2.345220290415257480e-01
1.194124997699281820e-01
7.064869165246356886e-02
8.596681139982731423e-02
9.007129503417132810e-02
1.814639597773970436e-01
2.219599658804582987e-02
2.854706314378585574e-02
3.702040713271514960e-03
3.065167752176733984e-02
3.819245475161725523e-02
5.899527925800285288e-03
1.102795925369530750e-01
1.578853905467925145e-01
9.496297759006910866e-02
2.733907621780318209e-02
5.422019421722001908e-02
3.374565552255059941e-02
4.944700591302275683e-02
1.468910253985384884e-01
2.191673826383864210e-01
6.084112776195294003e-02
3.124620396267197009e-02
9.340719884459502964e-03
4.335122774705979509e-02
1.233539527546767545e-02
2.129043694507348761e-02
1.862876165117262062e-01
5.576741041083277395e-02
4.564383698112095544e-02
1.437118493490530113e-02
1.561782856264111174e-01
3.735834403661186798e-02
4.765391963993330648e-01
3.708874685341889688e-02
9.758446428946765394e-02
1.608957576188636551e-01
7.664925809833622594e-02
1.198409230913011214e-01
2.143261418339568181e-01
2.661828085505213437e-02
1.137875060031046104e-01
7.267001243139681321e-02
6.063082657022000888e-02
3.386328839666408186e-02
4.844187571825475658e-02
3.357035799204144411e-02
1.323728471200258383e-02
5.227553248317651224e-02
7.240646941290673766e-02
1.540885027251519546e-01
2.384421031491701370e-02
4.449751858257400272e-02
2.387232520649007483e-02
5.413892291128608036e-02
2.775150458071973247e-02
5.770437309810372284e-02
1.955306693250946637e-02
7.747224976546807085e-02
1.571285327932869791e-02
3.116205038130548388e-01
1.785362583684690918e-02
8.492943529849306117e-02
7.661565332306974341e-02
0.000000000000000000e+00
1.144122633990862781e-01
1.972336925128290730e-01
1.030250617909507227e-01
1.085742161903464620e-01
1.867833025374920908e-02
1.082518389500899403e-01
8.216827538775284268e-03
3.087809431697721152e-01
2.230599217252127175e-02
8.009987988338185261e-02
5.498207033899493723e-02
4.480288592593062447e-02
1.606036794668606049e-01
2.772454544349045591e-02
0.000000000000000000e+00
3.001360216951010074e-02
4.099270213609162994e-02
1.825002679662901528e-02
9.667667590995421278e-02
3.921762133773132319e-02
4.593534217431827216e-02
7.106331032213475396e-03
1.461508065090537656e-01
2.495702930016552301e-02
1.552197544787139449e-01
1.784164933005705223e-03
4.491664132561190570e-03
1.434859947639530731e-01
7.440034138452222834e-02
2.375204685463039311e-02
6.879463364480553622e-02
1.401841225762172627e-01
1.107666709755568135e-01
5.097443468838491754e-02
5.574609656545614911e-02
1.597425272452568379e-02
3.066528362459575163e-02
9.183809728107839021e-03
6.910085569597157473e-02
2.778798260863890590e-02
5.820469093261237958e-02
3.064230554848990096e-02
3.239346893731021026e-02
1.044451991578299044e-01
3.062599828078127473e-02
7.191813148725501037e-02
1.157183421147678359e-03
3.103920527783632366e-02
0.000000000000000000e+00
1.214427887538152007e-01
4.069641087782027711e-02
3.639378421521044515e-02
2.499026391356462540e-02
2.304322023889682214e-02
1.518868677849845028e-01
4.522118528276042326e-02
5.906477206106508504e-02
9.743501312254565505e-02
6.330321992860987734e-02
3.631091802285535408e-02
4.040679149640720169e-01
3.136460786233472575e-01
2.019421237519782864e-01
2.871619406469427815e-02
1.625472511070213955e-02
4.693241817609994371e-02
5.349054731147440123e-03
1.685016326139407994e-01
9.528286182585610220e-03
5.461960702758617003e-02
7.069043511182293571e-02
2.861049239426094459e-02
3.402817446836792215e-03
3.132725042297490603e-02
3.032174558316835800e-02
4.930427236147227887e-02
1.630628174423831567e-01
8.206810905675343548e-02
1.320371977805532282e-01
0.000000000000000000e+00
2.853115243101633780e-02
5.981788641230778580e-03
1.127810985772397245e-01
1.483308283555002660e-01
2.048119283933402812e-02
5.795945708465044532e-02
8.126971706128394146e-02
3.167477929820083915e-02
2.663919200780906493e-02
1.301295589426576527e-01
4.863935141792818939e-02
5.813373746254235641e-03
3.734260985404347366e-02
1.285789098220089244e-01
8.877172585767922897e-03
2.301862341928018196e-02
4.606570381775743073e-02
7.697330205767016764e-04
2.103954741926283845e-02
2.963287394730507174e-03
6.554512504354370606e-02
4.928677260779501523e-03
5.467919956934341741e-02
1.305077635024574079e-01
4.281782404842182643e-02
4.373915116084337029e-02
2.799615327637372530e-02
1.104914947074862042e-01
1.664134766480795946e-02
1.296753563191810343e-02
1.051136930439344752e-02
7.677301055195862034e-02
2.253635370413507033e-01
1.198315682534660809e-01
1.668763151901959674e-01
4.292325689622344953e-02
0.000000000000000000e+00
1.617406710291025007e-02
6.355615633994560199e-03
1.236082529185900114e-02
3.271855494094033645e-02
6.553030460609488017e-02
6.953885375977897354e-02
8.246508383373374329e-03
6.770646314666173282e-03
1.731552431998295560e-02
2.735574058687628707e-02
3.216330075305862124e-02
5.619906923366890794e-03
1.933521441625085657e-02
4.269196670348929246e-02
6.108684532735608741e-03
5.248039832787183556e-01
4.032594948533052559e-02
1.035384003441865985e-01
1.055617481125104007e-02
3.687148451231410107e-01
1.400860554213094744e-01
1.325595466908691122e-02
6.002670130094145406e-04
7.610978754701136495e-02
1.422788149313225503e-01
4.091299197018027911e-02
7.156894628126675428e-02
5.266425054119583393e-02
2.337925520428552062e-02
9.992567146839981262e-02
0.000000000000000000e+00
3.435521481388370546e-02
7.297770466990272098e-02
1.157564854554928857e-01
1.154278259344652113e-01
8.351908672444174897e-03
2.720784795317499061e-02
1.576571789890390818e-02
3.484723644018394850e-02
2.046523198923910769e-02
1.975601232219403869e-02
8.193280261688418165e-02
3.673531687675879454e-02
2.608220548163853181e-02
2.322423079323243655e-02
2.294061141915211266e-01
3.268809292874674810e-02
4.347305996094341651e-02
2.583683988374474438e-02
7.614964015572844858e-02
7.797537916444774453e-02
3.554937066336183449e-02
0.000000000000000000e+00
3.213221457564330308e-02
2.181034675520177046e-02
4.548115545830100359e-02
4.563000393016736211e-02
4.225347932593770395e-03
5.352253171431442524e-02
1.055568308535370647e-02
1.177665972713048959e-01
1.096423099678673907e-01
1.704535441082821734e-02
2.080696500983147956e-02
4.002547821632962410e-02
1.644825330468266955e-01
1.652745991289306104e-01
1.059203305037517140e-01
4.034290126581119296e-02
6.543612359559247693e-02
9.887988282154758224e-03
9.143917063614281915e-03
2.797733813323421970e-02
5.241449040106882507e-02
1.874924579434633642e-02
3.726226366508296195e-01
1.614899434955434643e-01
8.224651520596193421e-02
2.419982274347454165e-02
6.262196492692773120e-02
7.150189492466374475e-02
2.586529749789701071e-02
2.598248559038474070e-02
4.855383473089691648e-02
1.639870056981962421e-03
1.345284804234552212e-01
2.407841632077110106e-01
5.180940631996389101e-02
1.695466377320897777e-02
2.063787281661868533e-01
2.859123108045658057e-02
4.668440323793277003e-02
1.126722930717427573e-02
3.197347598871846941e-02
7.499110690304355842e-02
6.079886037293036338e-03
3.071413336597919042e-01
1.935845427061604340e-01
7.237085617659744230e-02
4.596291980115019271e-02
3.991542529560261343e-01
7.932091703990451492e-03
1.270774345042813280e-01
0.000000000000000000e+00
1.052343352165072687e-01
1.100151208906385847e-01
1.132664514098884467e-01
1.928676879342132722e-01
0.000000000000000000e+00
3.378639604100097671e-02
2.652814582333729021e-02
4.560635009660707340e-02
1.582528936362681549e-02
1.284205625702687925e-01
2.669547603175566053e-01
9.131246791613012448e-02
7.995769619168591191e-03
3.277812534142974243e-01
1.588540771311821587e-01
2.732514673489880863e-01
1.349480676514493993e-01
1.190221525936419056e-02
3.495361437084998357e-02
5.145021845937058913e-02
2.736420539149264641e-02
4.716920820796843827e-02
1.605319872086274913e-01
6.955623390452192467e-02
1.251122135809916713e-01
9.262481098256891698e-03
2.005250522442203476e-02
5.764956820118261049e-02
4.132709749581753300e-02
1.125043090738753193e-02
2.199610743706248428e-02
3.753584712094948372e-02
1.210398419744631582e-01
7.705462462239331956e-02
6.196333882907278934e-02
3.394692209967242746e-02
4.224649007936776002e-02
3.898895166307081439e-02
1.975788298838043744e-02
1.945238643464008987e-02
4.941983162582985756e-02
1.804611646303300176e-03
4.531532589008513412e-03
9.353089185317742249e-03
1.109813002665616111e-01
0.000000000000000000e+00
1.795738406471789617e-01
2.197324306096959390e-02
8.935883540314204510e-02
3.226527124901323873e-02
8.895727071727765889e-02
3.167125791301650395e-02
5.759167853042868046e-03
7.479031590029361354e-02
4.512353229239263186e-02
1.614393500551809524e-01
3.420783130198392641e-01
3.017252305598496775e-01
3.773319020854426498e-02
2.458800913419265655e-01
1.976458266210645576e-02
5.423579339690753898e-02
1.678703649732327108e-03
6.239038702865062902e-02
7.220414181047996038e-02
5.082347188583469233e-03
1.163731480270335794e-02
1.356762366297825650e-02
5.812183372812640414e-03
4.645888616962956519e-02
2.319020841719652282e-01
7.772127271120776726e-02
1.205632351452292639e-01
3.303386586839618388e-02
2.016622181252003543e-02
2.643572129956517358e-02
1.197343110547333112e-02
6.647854234059558109e-03
3.081216989037294240e-03
7.777819369749749967e-03
0.000000000000000000e+00
3.654995024241713963e-02
4.737053235254506944e-02
5.633258053023837419e-02
2.556828998672600051e-02
7.538756418373537826e-02
2.364433203580329490e-02
3.497759916381681933e-03
5.347837613290096215e-02
3.820357516610810578e-01
7.926975091058885425e-03
1.466472180353228794e-02
3.745047408892610008e-02
1.648010997241211584e-02
1.299498284169855467e-01
1.228180153268061403e-01
2.216436797074550213e-02
8.055943658533681884e-02
4.368398945573837011e-03
3.237713612399240048e-02
1.168262361490270962e-01
4.277245555298048174e-02
3.466310743415066398e-01
3.356580787415186506e-02
6.896957779015444601e-02
4.362416547034708714e-02
1.977567023285686787e-02
3.775864647486937287e-02
8.589844931965906483e-03
8.848104433591785778e-02
8.629898510622346919e-02
8.638662318049927791e-02
7.668041803799319212e-03
9.617378811423549223e-03
1.457860475387837695e-01
2.466621002701510079e-01
4.267604218289555718e-02
2.744018984036067366e-02
9.255285704019655668e-02
1.853867212230841943e-02
1.299398626718328842e-02
7.335279658794746638e-02
2.994116862025464343e-02
9.410408846203033306e-03
6.348918391878566325e-02
1.674884768382689515e-02
4.992685920113437703e-02
1.010057387792073769e-02
1.961301516508129339e-02
3.069335028571362756e-02
2.580427846178956486e-03
4.021697033520776898e-02
7.422304511326860421e-02
2.746720839584604335e-02
7.144173931773689645e-02
5.381942741267575769e-02
3.178439256393339463e-02
8.682861932798768834e-02
4.245557898731888713e-02
5.179350220935852178e-03
4.275812049458238562e-02
5.604599522736375405e-02
1.189905446485628460e-02
6.611344864546175870e-03
2.218634505994110384e-02
5.995646476467886288e-02
2.244873755649479108e-02
8.734932638194692345e-03
6.306836917837888024e-02
1.490380732870288938e-02
5.003364073226901354e-02
1.873748619407322735e-02
4.543169144423320205e-02
6.290076334567462624e-02
2.757856029447403046e-02
1.592421222644357925e-02
1.089981247501548012e-02
2.058738322441842072e-01
1.296917748388848324e-01
4.511822060790393607e-02
1.377881908230715879e-02
1.647699093337440246e-02
4.858270349981097525e-03
3.524804181481133725e-02
1.827874367064072914e-01
4.265204022086965807e-02
3.987724111024704143e-02
2.377198240840900922e-01
2.146926209247190798e-02
2.820124098960663517e-01
5.418121770230044376e-02
3.416132182325757327e-01
2.946026027975889860e-03
1.528367347655201769e-01
9.872601617354703762e-03
3.865029597948144158e-02
1.278510811236390765e-01
5.980399245986589563e-03
2.706398353798977752e-02
2.033115548117070404e-02
2.663942513820494185e-02
3.195893291051881135e-01
4.020185242960838679e-02
4.436514127193103008e-02
1.234001456586835133e-01
1.294732013713728591e-01
2.516381729407246581e-02
6.599505367085090057e-02
1.557696955964438246e-02
4.307719978794732896e-02
6.207983319228649322e-02
1.975664962136782776e-01
8.167936387108198915e-02
5.098356036765405719e-02
6.285392031680991920e-02
4.534484147624073813e-02
1.236725539383520811e-02
4.431851989690560600e-02
1.303187905408247360e-01
4.040678409726261577e-02
1.122972144938128025e-02
1.662685039432698630e-02
1.259007426137648267e-01
1.521470749928655053e-01
8.257927409809173724e-02
9.774834789963016135e-02
2.597266549200014651e-01
9.126147513347238061e-02
3.172823975083094439e-02
9.710916432275862320e-02
7.509132002902862979e-02
1.056134838810267595e-01
7.966326066680018414e-03
4.312175906730875141e-02
4.354021740790603445e-02
2.438915588779622112e-03
1.334140668011913888e-01
2.696342472890567166e-02
9.297678102459183691e-02
2.042744180330480219e-02
9.269690421756049403e-02
9.702263638735608708e-02
5.755856538918990850e-02
6.896997704669871609e-02
1.092286677196518951e-03
9.721038820079463960e-03
1.046780246560174987e-02
1.144007399295077221e-02
1.408605723356703976e-02
2.692393695545192145e-03
1.517123916203368950e-01
2.476150019872225272e-02
5.366647875068242257e-02
1.419507021641752686e-02
3.208503545176544236e-02
5.688084273465943141e-02
2.899751504149605807e-02
2.459945149466058467e-02
2.483756015841187548e-02
1.116699831614855754e-01
6.408178975422451629e-03
0.000000000000000000e+00
0.000000000000000000e+00
1.481519192572742227e-01
5.260575613794671312e-03
4.036062240340143603e-03
1.171515869606567506e-01
3.555956370982205073e-02
0.000000000000000000e+00
3.679698682161536283e-02
1.585335653606012585e-02
1.211614276806542989e-01
3.209349107979342364e-02
2.495087799588979749e-02
7.996526874727294398e-03
0.000000000000000000e+00
2.940581165340638847e-02
3.646196034681370435e-02
2.050924586423708007e-02
0.000000000000000000e+00
6.668719739937234436e-02
1.600049604365150202e-02
0.000000000000000000e+00
1.404329965924944190e-02
0.000000000000000000e+00
1.365321866280488905e-02
8.515870375161327388e-03
0.000000000000000000e+00
1.424877615845474566e-01
0.000000000000000000e+00
1.378115062964964110e-01
1.617040634363080542e-01
1.037020652186022573e-01
4.195371120191815351e-02
3.274705757743054946e-01
2.472976880529262900e-01
6.343541519979378762e-02
2.087253875075489873e-02
1.505945675964994734e-01
1.798351060185439110e-01
1.044960420869660567e-01
1.003821170724235046e-01
8.367385622899625730e-03
1.636492144854928554e-01
9.527317324889938988e-02
1.448902068427502243e-01
4.985696283295748543e-02
1.779986826211565898e-02
2.531998126524470649e-01
2.177377551536867628e-01
6.891658441364967302e-03
1.713319568829696493e-02
2.162597426741186268e-02
6.796345978730045090e-02
2.491908831000699820e-03
2.189636274474437982e-03
1.459476323725006353e-03
2.652912660625084129e-02
6.236364838403485322e-02
1.390887537798413121e-02
7.333792180577791697e-02
5.118785295042282968e-02
1.800437590842465241e-01
5.343809169986890595e-03
2.963529167916423290e-02
1.098292007567840400e-01
9.285357301025420895e-03
2.355443424929948293e-02
9.621627782732566914e-03
2.068382167422377904e-02
5.105690926507300276e-02
2.505188051017270823e-02
2.856245295792270156e-02
2.965362198994281329e-02
1.816109524982501000e-02
0.000000000000000000e+00
9.285921609742953109e-02
6.164678359292352638e-03
1.992160798138087330e-02
5.251456158783351924e-02
8.093191939300492521e-02
2.154714071514884921e-02
1.124776108147429454e-02
2.915091376912837262e-02
7.441891274230627573e-02
7.637433004717752993e-02
8.061619954923493481e-03
1.472190708307268281e-01
2.196336693065719103e-01
5.899718885376437072e-03
2.643362711291619149e-02
2.588119249775999720e-02
1.632908926640919134e-02
6.656557676272178981e-02
8.901557675380633583e-02
5.220131453376453123e-02
1.568258453584991940e-02
1.328474598365048109e-02
2.839243755115283818e-02
3.676522815167793112e-02
9.313025563757015846e-03
5.398196356011908392e-03
6.024704228960864327e-02
3.555512053510234693e-02
1.625391897454520063e-02
1.510536780378046728e-02
3.890236900899246564e-02
1.465473252217783795e-01
5.204170350969938852e-02
7.266685419102891785e-02
0.000000000000000000e+00
6.824152459170118590e-02
7.541356858973280453e-03
3.491705552436386029e-04
3.817958192369541592e-02
2.929210509152824216e-02
1.561888667512629780e-01
2.589105860821767635e-01
2.237337999123845123e-03
2.066280600595327144e-03
3.441825264472697654e-02
3.088614068297257376e-02
2.688564694162209889e-02
3.788807729913301614e-02
4.583846974544858455e-02
2.258174360691622695e-02
1.717287848693427321e-02
3.696130944454978362e-03
2.439894831197797487e-02
9.537061943015956444e-03
9.515482503859473695e-03
7.858752063842899815e-03
1.073470628291328666e-02
1.349605813395982068e-02
1.172650617166137721e-02
6.814051985897329189e-02
2.530710774168820620e-02
7.337336149535378382e-02
4.884038869450435527e-03
4.391538372915970712e-02
1.958170139392896303e-01
2.800242752117210188e-02
3.806402180128820589e-02
8.846724000406425148e-04
6.356197414468045537e-02
0.000000000000000000e+00
1.030177867369417299e-01
5.369278466320182019e-03
1.593432022820806537e-02
4.518515122755788482e-01
1.178158629890457831e-02
1.056381300154907166e-02
3.327896841591737598e-04
4.843166364660866918e-03
2.500079768127694280e-02
6.599292242860155255e-02
8.181283727074273315e-03
3.117477246028066418e-03
9.580009194544558682e-02
4.930409295882132170e-02
2.711797762589363003e-02
0.000000000000000000e+00
8.078165402004255924e-02
3.562947086242029826e-02
5.100202026231848151e-02
1.185154365038521007e-03
7.293032468535187718e-03
3.034278416676094992e-02
8.397239154783431303e-02
8.041818118379051583e-02
6.256180752272211265e-02
2.772153186269399328e-02
5.974254294159120349e-02
3.217916448874458268e-02
3.274104306397607189e-02
0.000000000000000000e+00
8.385859757480407239e-02
8.576765253470952644e-03
2.313619435580349659e-02
5.235978459908530169e-03
1.019080982294289228e-01
0.000000000000000000e+00
7.175824718827605864e-03
7.324703091224016305e-03
4.487948083921544651e-02
2.207143072862560729e-02
1.947164002092982571e-02
7.578683168859789987e-03
7.952717724184132919e-02
0.000000000000000000e+00
1.213919922341464286e-01
1.678318103338671818e-02
8.776566637730631726e-03
7.720353103281585305e-02
1.778522133988769127e-02
1.947643183177927284e-02
7.772159528255606631e-03
6.970155450906645456e-02
3.358957808468421291e-01
1.161232406573731168e-02
1.457974285676293391e-01
8.017274004522079167e-02
3.457931943893655102e-03
8.455354875787080005e-03
7.526110858114964941e-02
8.414551953042526122e-03
5.811866936492560143e-02
1.004492527221660936e-01
9.358081574005083780e-03
2.002295656261354750e-01
6.276897734857289635e-02
2.264538278728069898e-01
2.649605974807496267e-01
3.385101536607493244e-02
4.306656675448028437e-02
8.838343124070568990e-02
4.377074173604800222e-02
6.352348925968342996e-02
1.322082960304271637e-01
1.478266053739396568e-02
5.629618414056203335e-02
1.555577728737489451e-03
1.664762859466417666e-02
1.026568785610226797e-02
2.949178911836281003e-02
5.074838105255885523e-03
2.677516082917286155e-02
4.775732644812524796e-02
9.372514651941354913e-02
2.149854046421850740e-02
2.800880660016424883e-02
3.856730946978359498e-03
9.628899752208663898e-02
1.598024754643390111e-02
2.151012439870214621e-02
9.708671598539364567e-02
2.227397220546567524e-02
1.121301979450342046e-01
7.308973642929039727e-03
4.731324576549500449e-02
6.366424936724612849e-02
2.719422557239816740e-01
2.001616488004076544e-01
9.903400144629337376e-02
4.713929552826456870e-04
3.240548332087289651e-02
2.395163077902662252e-02
6.344476358065076482e-02
1.963475616411791691e-02
3.022292936579518141e-02
1.392207666329969840e-02
5.326923600174993112e-02
4.283372325910139722e-02
9.839970019789312516e-03
4.787765926249232251e-02
2.051746383323305167e-02
2.396118116838952261e-02
3.723898878700815374e-02
2.737809274927460734e-02
3.874847035385098337e-02
4.247932168116461682e-01
1.221841206070717334e-02
6.094933177793571133e-02
8.168193930162992444e-03
8.349993913648301458e-02
5.585472154640935827e-02
2.497045978243583875e-02
1.009798218430484340e-01
5.221342604973511214e-02
8.341851289441315487e-03
7.956217575229018735e-04
5.243403389085798949e-02
2.441215898855375599e-03
4.222105390070307607e-02
1.536384804796586678e-02
9.910094281339709710e-03
7.211747016611980143e-03
1.568123313455460632e-01
2.214288317280930229e-01
1.287660554423082360e-01
1.682915877107040714e-01
1.518777119014975696e-01
3.592136158382341904e-02
6.977826643872475643e-05
5.541399069425434476e-02
1.795323943146787116e-02
1.919585715808302950e-02
7.552967393291254439e-03
5.179343405522818244e-02
4.124300830950478058e-02
8.299958754487146706e-02
7.155509720558494990e-02
1.621616679636694869e-02
7.429995994557181405e-03
1.286235117836476149e-02
3.549458363286905893e-02
3.302935049249366983e-02
1.591001200345232292e-02
1.909377083814423059e-02
1.407282810294852027e-01
6.803297978603506380e-02
5.210822343577614646e-02
2.771221931735912136e-02
9.207539646186013726e-02
5.099328320708629292e-02
7.937740248422642253e-03
1.940965291558338635e-02
2.649503596062263711e-02
1.099354596485913049e-02
4.087855652880723056e-02
1.298337162001921286e-01
5.979592566148639321e-02
8.442710914254458743e-02
1.247147704822104686e-02
5.424446118825798635e-02
3.136164896745619046e-03
4.050753686129127118e-02
0.000000000000000000e+00
3.311119888238360787e-01
1.052521967760560173e-01
2.467317170358747092e-01
5.996569867799728115e-02
9.600497695095455697e-02
9.681991498884290337e-02
1.929518173238786716e-02
1.148849089604775386e-01
9.080217930118372749e-03
9.966542691324686842e-02
2.754943377461938070e-02
8.567328189361678170e-02
9.774782361417244658e-02
2.529691134176914602e-02
1.257992974369948058e-02
4.546056116731538310e-01
7.597664517355084968e-02
2.528335331654743001e-01
1.919938560860590115e-02
2.917783744444459870e-01
2.288463990099476320e-02
2.776034941292238045e-02
1.691694882122263266e-02
1.023581192304705567e-01
1.534571062537004593e-02
1.401921865227251374e-03
1.386807269151368871e-02
2.493405864738562627e-04
6.475009705925849346e-03
4.057112547461549923e-03
1.504847353644258590e-01
1.358763266082707588e-02
1.053720773476154449e-01
4.599667753300273887e-02
1.170462276433070770e-02
1.782269960122206953e-02
7.186463876784898730e-05
1.521617898137694880e-02
1.153557585587110523e-01
4.242919193984739934e-02
2.217865504475913241e-02
3.306591335186848113e-02
5.146975250018037684e-02
3.885104285527773982e-02
2.356333780291564040e-02
0.000000000000000000e+00
3.841987550898906534e-02
1.217597309796936145e-02
1.951221783670131771e-02
7.097014228550513337e-02
7.289331868676640624e-03
6.887178593194853704e-02
1.126952562591565510e-02
0.000000000000000000e+00
3.748558528732637285e-02
1.698000590432346968e-01
1.087483939787148302e-02
6.206480609277065241e-02
1.900618475693898191e-01
1.139994719068821993e-01
1.165748658836003315e-01
6.978380886761392787e-02
7.857806838102554536e-03
2.197145127599702263e-01
1.894417708186857396e-02
6.904789777824138497e-02
4.022988019052586850e-02
4.794307114286411320e-03
1.182402727280340571e-02
5.173920503441742369e-02
2.222310884329736780e-02
1.823309013149794211e-01
3.248375948896597976e-02
6.606453661181266312e-02
9.578259096694807795e-02
1.160636424639704956e-02
3.890911574864031053e-02
7.830824984053208482e-02
7.600453743395085837e-02
1.879786635740732237e-02
4.452939576557479739e-02
4.808438117259239419e-02
1.565311218978404639e-02
5.726287198327462136e-03
7.385499988871302435e-02
9.782956676924658979e-02
5.487434396846069262e-03
1.845148356026706793e-01
7.448659680761693380e-03
2.577441032320555436e-01
2.169607459201907673e-01
1.802436291233799892e-02
6.413108001368961197e-03
1.091699274001296516e-01
5.074110658723718359e-02
5.816069078819463556e-02
6.921210656774157144e-02
7.409587216075763649e-03
4.242777432859057285e-03
2.791148109607828331e-01
4.410045322260813805e-02
2.419485692412681743e-02
6.365419588068998991e-02
5.033685423735168030e-02
3.048711482073418466e-02
4.560171906602938918e-02
3.164652403955869886e-02
9.054393049647480041e-02
2.646651924628251606e-02
6.203383607932622112e-02
3.114131339009418298e-02
8.643888068780469780e-03
2.175904203179523932e-02
6.911882546807124328e-02
1.798677726867214943e-02
1.282518837267909717e-01
1.219341560247730882e-01
7.325512801000222396e-02
2.004044211685318544e-02
1.218700467382909380e-01
7.497511509158449883e-02
6.105948067809308100e-02
1.368008445576984755e-01
6.299558322801157573e-02
4.797043519375598919e-03
2.229086584351680500e-02
1.233879506923329927e-02
3.459588677043790028e-02
4.989581021836020369e-02
3.018652848948111256e-02
9.014658789536245109e-02
7.310026257312252085e-03
1.812100538026051311e-03
1.750233457710947960e-02
2.332681228258692840e-04
7.058860390772903060e-02
3.054622037662353407e-01
5.937295257812280624e-03
7.181535729453081274e-02
1.100421351424030192e-01
2.152447489295461480e-02
9.766375700533469484e-02
1.586136950786292132e-01
5.319824437983022847e-02
4.949304883760419216e-02
1.282416547603304480e-02
3.346080934011741448e-02
2.337402414991434085e-01
1.981556558782138211e-02
2.854188630207055155e-02
3.795787314542131696e-02
5.357149869897881445e-04
1.212746108417128710e-02
4.649239254252357512e-02
0.000000000000000000e+00
2.610682490338653849e-01
2.995479142606782830e-02
3.495204075014957112e-02
4.270505853741557445e-02
2.307988850138364967e-02
6.923964432743900943e-02
5.851185513533341265e-02
1.915352856546697069e-01
4.641644617875506640e-02
2.864410756850723772e-01
1.688017854892684966e-01
6.311293944133566924e-02
6.407929235775799981e-02
1.786260615586865441e-01
1.581353355352685952e-01
1.597566632299329825e-02
1.981085145456003005e-01
2.478935677405136317e-02
4.063304284218638429e-02
6.889633528379235372e-03
3.259499295783649941e-01
6.314830073245136788e-02
7.343310365420041563e-02
3.390394495312332168e-02
1.098736045164194763e-02
7.413278298020120616e-02
2.629506700162309585e-02
4.158690082920202258e-02
6.596114446799994369e-02
2.318230131115672776e-02
3.048328326132043742e-02
2.576914234265563763e-01
1.371435523202189088e-01
3.996822625375795468e-02
9.253731946311649637e-02
4.785617361398664116e-02
2.624263501171064661e-01
3.329159139222159780e-02
1.358201922323143407e-02
6.110398974753294965e-03
2.355807335098702993e-02
1.871514679011632154e-02
9.230302846162441455e-02
3.121624375267995077e-02
2.004589995262895386e-01
7.507033477929070386e-02
1.924054379230266676e-02
7.306017510265050419e-03
0.000000000000000000e+00
1.156768696719723266e-02
1.953302103121394850e-01
8.070210540209732386e-02
7.366132296939209567e-02
5.048005390747878351e-02
6.456370534820177198e-02
1.608849053000032114e-01
1.992745729633682572e-02
7.559956435845371914e-02
4.697751166436425763e-02
2.649081661448171587e-03
1.378406425645293254e-01
6.821370419838324040e-03
2.649033678500067879e-02
6.727060396426587374e-02
3.178438929525828627e-02
2.971054914055404339e-02
2.225859812019592709e-02
6.900313998224660850e-03
1.236382690471238277e-02
2.226912011412274239e-02
1.063553954372675747e-01
5.908614003662826519e-03
2.816771604812462471e-02
8.289025323203524920e-03
1.753164070675241604e-01
5.018652501072562444e-02
2.305504160817584136e-02
1.063544596679992793e-01
4.751310148255516452e-02
3.777610470867642789e-02
2.695985478671953928e-01
6.662685658136435762e-02
7.031848177427502122e-02
2.972644372274846347e-02
7.034935127323560522e-02
1.146844497429668763e-01
2.347250734261230320e-03
5.530387934126324012e-02
4.661724563097369156e-02
2.445104055632452145e-02
1.266196623583111247e-01
3.057588931865584669e-02
6.357805390765935982e-02
2.803316370322939122e-02
3.778967766268870321e-02
1.172142020884425762e-02
4.092430686955772501e-02
3.086299021816341082e-02
3.274709247187423955e-02
3.810645848413685144e-02
4.803690590064135790e-02
1.719702449465998484e-02
1.325447751554325038e-01
7.985177324082037842e-02
7.143367553112422996e-02
7.162123749646376325e-02
1.057379676833747340e-02
1.813992739579450841e-02
4.094759823475513372e-03
1.164875531743616577e-01
2.318158709339712686e-03
2.863482682781182120e-02
4.744266746153869008e-02
1.189282442717720656e-01
6.102680047490594006e-03
6.506948042484150818e-02
1.181026908321136659e-02
1.258448448611027004e-02
1.243875980400765968e-03
0.000000000000000000e+00
2.852534306458220925e-02
5.483620610250206084e-03
0.000000000000000000e+00
0.000000000000000000e+00
7.013249366599083601e-03
5.263727636394310849e-02
1.958482991309846710e-01
1.852844052455715484e-02
6.724972713808341496e-03
9.111067981433684793e-02
4.501452316388210306e-02
5.632069696793617908e-02
1.372979630292636699e-02
1.242477236188053169e-01
4.244856114571859962e-02
2.166767559124931353e-01
7.638405212913035314e-03
4.918056653014257762e-02
7.137117277737647925e-02
5.646183876047938810e-02
1.093553243362688221e-02
2.312929681815694138e-01
4.805757595289783524e-03
4.174230186989369429e-03
3.432918429178144493e-02
1.576171048404804154e-01
1.745670948313193804e-02
4.990506944325900918e-02
4.405534888336237742e-02
6.321588054741589247e-02
2.859882321413209638e-02
1.190147893144946067e-01
2.822513397552128822e-02
5.497270961746192341e-02
7.140355630360151196e-02
0.000000000000000000e+00
5.975124298327649797e-02
1.966775667996856214e-02
1.500845804408257322e-02
5.596078087641842558e-03
1.868511964594077313e-02
4.315872009695631561e-03
1.419547225180739503e-02
1.212115114027501050e-02
3.751690785437578057e-02
2.838807378287100391e-02
6.491098977582421270e-02
3.002050810601097908e-02
8.875997364763854591e-03
6.516365089223263851e-03
9.755523637933194436e-03
2.076890047768733538e-01
1.109184916760685979e-02
6.824227730362508737e-02
3.104058261488349402e-01
2.425880904574126973e-01
4.116646786354749565e-02
1.664759146306060700e-02
1.783053320106198214e-03
1.632074547481998650e-02
7.624465919543688130e-03
6.736392694189241581e-03
7.423650098574263723e-03
5.258566873144410181e-03
4.359285856989014718e-02
7.499387936233237184e-02
1.492089167755139556e-02
5.165196652262427079e-02
2.038653118783981810e-01
8.581044784341074205e-03
5.863671284991944788e-02
1.833138463187120593e-01
3.446488317173113103e-02
7.657499825342028998e-07
5.572163250880546315e-02
2.917006764571183908e-04
1.272157987531485901e-02
1.442233097263780905e-01
2.257832625339633026e-01
3.148584662398068446e-02
6.684454609522116897e-02
1.058200409847049883e-01
2.525209960363650197e-02
3.916240038939200474e-03
2.938709161723718211e-02
2.258387132841921385e-01
1.654980511053256720e-01
1.254812910248492841e-02
0.000000000000000000e+00
5.133679461113871412e-03
0.000000000000000000e+00
6.614084989962520922e-03
1.349956308228517088e-02
1.436850911524327756e-01
5.345350196195663983e-02
2.420456689046535104e-02
3.272742947803664038e-03
5.187425017324720500e-02
1.366036762997699938e-01
5.570187607914611760e-03
4.832604407360374665e-02
1.620684562232099779e-02
1.017097081568518746e-02
5.174614284621981142e-02
3.818275899896583780e-03
2.544219667910585514e-02
2.654645552724499424e-02
1.845612390917317214e-02
1.402190895244181945e-03
4.233423040399175719e-01
4.243883904734957468e-02
7.657261789240799033e-02
1.788057992748708358e-01
1.131140336403211322e-01
5.254257646215521049e-02
6.186931358342917520e-07
2.351493806242110907e-03
4.532149964779019768e-02
1.250748314579555043e-01
4.177799457961128837e-02
1.647169510711776752e-02
2.211376881809314909e-01
3.297796580790901544e-02
2.230671995035748978e-02
8.277599400043911260e-03
0.000000000000000000e+00
1.039433997135130738e-02
5.427853749316646770e-03
2.993195599047826505e-02
4.331388643984190878e-03
1.065997267275786697e-02
2.681301980562267318e-03
2.772718950024888329e-02
3.774235555316529656e-03
1.478656912569320525e-03
1.125814524791373117e-01
1.521925047961358857e-01
2.747827471547736877e-02
8.426494650516325180e-02
5.337103244991858730e-02
8.131714435111359052e-02
5.554911067640055933e-02
0.000000000000000000e+00
6.548054247491652546e-02
1.485269113599052559e-02
4.502224540636046157e-02
1.869386185403598688e-02
2.873508417315928654e-02
4.763472230089327297e-03
1.003416630649915930e-01
7.288549068987570934e-03
3.057273825244344323e-03
2.960784710238861805e-02
9.468371461873736905e-03
5.925739306213984037e-03
1.099041669353262307e-03
3.031019744685004014e-03
3.553382871162469314e-03
6.441853681028675283e-03
5.396465091100921541e-03
2.883891204889188487e-03
3.168607889704322389e-02
5.680831208448644531e-03
2.180492446347592761e-02
5.135486561315172338e-02
0.000000000000000000e+00
4.312481676097768002e-03
3.134293567062496066e-02
2.687601222609270479e-02
7.456019474964215021e-02
2.563925397127864159e-02
7.985672316074499122e-03
1.125276798063667982e-01
1.129002885332486272e-02
8.568322317819898615e-03
1.027182753257438463e-02
1.974001515995027489e-03
7.006751475035244425e-02
1.465076612880356066e-02
2.615624008466355122e-02
4.237155794039715317e-03
5.119643541631191397e-03
7.661626128274257042e-03
7.233058277302095718e-02
4.935094192549804859e-02
6.192206149229129153e-02
5.947010365542126920e-03
1.035771709580313171e-02
3.969011892052698443e-02
1.373965841975053337e-01
1.262311472285126968e-02
0.000000000000000000e+00
1.523813434023413294e-02
1.419656510907518765e-02
4.093115134044378323e-02
5.383434239739326443e-02
4.282642792483049021e-02
2.435457130099845102e-01
6.554957760872959227e-02
2.558766066537465633e-02
8.710156602409835358e-02
3.440496349265576015e-02
1.392671930077771236e-02
3.550797691265294986e-02
5.515186205754929460e-02
3.642228382740420045e-02
1.023827484998474091e-01
1.598769585701225182e-01
7.655814791627868487e-02
3.029724184400173215e-03
2.935893589198697029e-01
4.177974366340642121e-02
7.750285882013674410e-02
1.098781267234576475e-01
4.430046583074167543e-01
1.277323111189536675e-01
1.503670554118929914e-02
7.409012778344425953e-02
2.960797359003475293e-02
5.633083042829412079e-02
2.129375967811864001e-02
4.791293321403333749e-02
5.076439955158207340e-02
4.725243162335246438e-03
1.516497729930055272e-02
3.120220459445821604e-02
0.000000000000000000e+00
3.841350385125696931e-02
5.463909346559248092e-02
5.328524058489847448e-02
2.015434425304629684e-02
2.785468028395765572e-02
8.122600352391362577e-02
1.348990169721542287e-02
1.249847717307366324e-01
1.083612530347721759e-02
1.718189912406220543e-02
1.146160049878108822e-02
2.523714845412605712e-02
8.718047813900042797e-02
1.309237239856022583e-01
2.273946557417971803e-03
1.845981392452378245e-01
2.565942423366429637e-02
4.350946226240193226e-02
4.327774232399583809e-02
2.926499907983215465e-01
1.090656949488977290e-02
1.498090340776947471e-02
8.294100249101798994e-02
0.000000000000000000e+00
8.297689193038415567e-03
2.780658222947884894e-02
5.648375557277329762e-02
7.867532113526554127e-02
1.011976657680424552e-01
2.123627619044752279e-01
1.349086121927092208e-01
2.234583420323499325e-02
7.152153275955974721e-03
2.581898738923191772e-01
1.209741899165948098e-01
2.827605064087990172e-02
4.562833808403610192e-02
3.593675998321366194e-02
1.859056749547161047e-02
6.042999746318500343e-03
1.942195557255743665e-01
1.438459011627557516e-02
9.966805498879516279e-03
4.240102341086071647e-03
1.767170272460880653e-01
2.652397482470281176e-02
1.793630941985213667e-02
0.000000000000000000e+00
1.045344955391058761e-01
1.900670097690948523e-02
2.944975222091503753e-01
3.915683758622581223e-01
1.136765291569652447e-02
1.889910320229937213e-02
1.960928478104291273e-01
1.885782958013741961e-01
1.548984038751530790e-01
9.615468344976285664e-03
