4.046660209082730830e-03
7.738658376060403299e-02
6.213199015004011727e-02
4.987933169681291190e-02
3.246270168909859422e-02
2.762332411991863523e-03
7.562389818159154231e-03
3.979477165837685959e-02
3.021585188030417868e-02
2.755346420765292237e-02
1.116783809228127922e-02
3.906494982635955182e-03
4.037451614807086031e-02
1.039129944085104285e-02
3.529490570442916919e-02
4.706988028178216155e-02
2.074752226383758114e-02
1.406395143411689475e-01
7.078411096762327048e-02
4.833807367546771872e-02
6.584041946711671756e-02
4.286025316276198538e-02
4.170413003749740000e-02
1.544982680687922993e-02
7.897877383934392981e-02
1.060208978361165677e-01
1.081940873221753918e-01
3.053051935537975936e-02
1.975844556618433501e-02
2.686647258743057876e-02
2.132081057348553799e-01
1.172128267393741652e-01
9.324242024603179857e-02
1.047762154706877169e-01
9.439193835357961859e-02
9.599002231769837579e-02
2.400653285568665751e-02
3.765113234250820895e-01
6.749595124692930881e-02
8.125311535701218446e-02
1.703197183991278507e-01
1.285910117110589113e-01
1.604855851935482747e-02
3.855087477524499207e-02
4.068000936310767202e-03
1.730748344417243345e-02
1.532338297942548166e-01
1.734956925731090394e-02
3.964955261916536244e-02
4.466200446184060979e-01
4.625087879051736905e-02
6.468650701415512572e-02
1.194530255571217836e-01
5.076212965317772330e-02
0.000000000000000000e+00
9.347912547823966634e-03
3.373248952420366820e-01
4.511696795992925502e-02
4.387917220403014795e-02
1.714016304557164361e-01
1.013738377616180131e-01
1.293216297251120750e-02
1.855307680509810098e-02
1.507185909221497866e-02
2.918574814402319362e-02
6.027167456556270508e-02
1.212265902990861122e-02
3.802756003797558293e-02
9.935218483189167671e-02
1.452839600594817426e-01
1.206312227707861950e-02
2.127619055908525070e-03
0.000000000000000000e+00
1.185429605543752984e-02
9.091010533866050736e-02
1.702997887990775894e-02
5.404364295354469050e-02
1.552734257913002125e-02
2.137227109590966734e-02
9.551141762128967372e-02
4.715888024473802176e-02
4.408386116638940422e-02
1.052253100534894514e-01
2.725467202412668044e-01
2.680968032166317627e-01
7.142282321159321157e-03
6.305087645577778233e-02
1.389722116958242992e-01
1.220198902214661985e-01
9.092166092941056377e-03
2.067636466955402597e-02
3.599104258296037528e-02
8.979660697589775253e-02
1.505423615485668165e-02
3.313851145097679307e-02
3.564988796910295576e-02
4.886712063986387022e-03
2.533937725165458232e-02
4.271578246239471355e-02
4.260147079066900488e-02
4.890223387462366844e-02
6.777302405337781721e-02
8.434620791311076005e-03
4.261032419262011928e-02
1.385511969068442539e-01
7.574650480601796687e-03
0.000000000000000000e+00
7.397743094508602013e-02
1.945550806927531795e-02
2.369773937912231787e-01
3.520917133716316982e-02
1.909122730385082178e-02
7.128966353030286029e-03
3.139355921562181351e-02
4.096914182793831571e-02
2.561633069381308303e-02
1.116111985423922093e-01
6.904384812411734629e-04
8.606880610227740647e-03
3.921052326472640459e-02
4.556719196625103052e-02
5.329986524619023669e-02
5.572679691213089370e-02
1.631171178797430343e-02
2.593983398659460704e-02
4.363827647819906730e-02
2.083275570276548194e-01
6.208499453231475229e-02
4.706383581933426541e-02
8.570998946323182821e-02
1.017874392150730500e-02
3.252514481496859844e-02
2.161511489795548968e-01
1.206718086188942607e-01
1.972883748809284299e-02
8.076153195421298392e-02
1.449616093120820182e-02
2.415064964467790176e-01
2.241872083948770467e-03
1.084247617491893578e-01
8.864420427361352495e-04
2.308260962374841796e-02
1.425202365881714783e-01
3.113879379652129131e-02
3.873356964748708720e-02
3.527660965111412139e-02
3.032805782280512119e-02
3.478017788282361522e-02
3.753903523589752211e-02
3.062849489950814075e-02
1.429746006432885963e-02
3.817797207342099597e-02
1.679256521714211914e-02
5.546478166902346629e-03
4.478979608155331249e-02
0.000000000000000000e+00
8.090029497430428762e-03
1.120209872176758381e-02
4.751419954464708439e-03
4.051516654475140200e-02
5.779195580373475138e-02
3.445777000783767363e-02
3.305023017977859467e-03
2.265982787047970959e-01
1.868799416480131370e-01
3.139428490543227923e-02
2.288527890161571321e-01
3.556248660201566381e-01
2.329713212478736750e-01
2.133157458854819666e-01
4.020488077407025074e-01
2.788449365859335671e-01
2.929968961606554956e-02
2.972724207823951303e-02
4.960198784026470520e-02
1.155217777867445506e-02
4.772079873754719870e-02
2.698827994259467289e-03
1.573680428393107178e-01
2.495858325272362066e-01
1.703020173858948993e-02
3.626184358326867141e-02
2.590438277485631602e-01
4.590773490379618238e-03
8.759603398109661043e-02
1.060056431295421930e-01
6.100032491706741666e-02
1.546359105135826084e-01
4.348988759469207821e-02
3.678343087178337356e-02
1.976110778813140456e-01
4.831574173594344046e-02
1.062771468711973810e-01
7.836052653260860978e-02
2.116018771015690803e-01
3.209049218151349692e-03
7.718229503838625050e-02
3.706618299898600810e-02
5.530344974398371249e-02
1.047863299690821037e-02
1.029323761367368917e-01
1.370414403631050604e-01
5.645913947017078272e-03
1.696451613560556737e-01
1.390292721592434333e-02
1.168913788731895664e-01
1.278493675880270075e-01
9.343557079499653639e-02
9.646487465915409842e-02
9.470945719706413968e-02
1.555410750251668972e-01
6.819617346044104522e-02
1.266942684996328339e-01
1.437278225281701793e-02
1.245494599579188844e-02
7.023216263035259033e-03
5.107405945044884987e-02
0.000000000000000000e+00
1.205764819946786304e-01
3.570299634391638222e-02
4.768511552105803020e-02
8.043599358282804701e-04
1.047721505149903365e-01
2.556832606912111672e-01
1.027250204104106501e-01
1.606478631595944506e-01
6.585176665548342356e-02
4.326891372374497280e-02
1.347984914013595770e-01
5.749987853437854568e-02
7.463256504985960049e-02
1.903056913453111676e-01
1.377584459311735898e-01
2.308607919887579740e-01
4.522558698437872948e-01
2.601142367212361250e-02
1.500437797558706876e-02
2.744578737309488758e-02
1.090886639120940416e-01
8.915209813883429035e-02
6.322927735817351902e-02
2.836681341094493547e-02
8.996744363346742546e-03
1.372997377917695161e-01
9.503768159917225233e-02
2.553968725971866860e-02
2.036621886112754964e-02
3.441824983752894695e-02
3.519564251077245132e-02
3.083930012740054849e-02
3.257853958345791057e-02
1.378854785050540599e-01
3.388207467595982791e-02
2.981486799680155286e-02
9.635808366629650124e-02
9.540786854382776738e-02
3.786244604986066520e-02
3.114042761701263373e-02
5.028676817396959819e-02
1.811106390398009580e-02
2.495581831497650782e-01
2.988496965735354394e-02
1.845869889849360845e-02
5.773562938645593334e-02
4.042649633091244255e-02
3.277325582415446803e-02
8.453743122569967738e-03
2.396478688900547382e-01
1.975492527768629714e-03
2.693579424174252779e-02
2.578504259688862987e-02
6.645568203955587450e-02
1.100985037402235633e-02
4.780788136762836871e-02
1.864682453207944235e-02
2.621294086229930542e-02
4.041746297459702930e-02
1.196687176900468330e-02
5.390004807867132541e-02
3.374408846145016128e-02
3.638885071163411311e-02
1.970639139464669398e-02
4.470324857193830326e-02
2.461865321407685769e-03
1.497682879072570472e-02
1.279821704312045227e-02
5.732942834014043143e-02
1.465819147056430793e-01
8.099071948883818095e-04
9.428143239726516356e-03
9.644393868368794642e-04
2.241989612568939805e-02
1.552372877271590568e-02
2.193985957630761874e-02
2.433026669556470623e-01
7.216609695968045912e-04
6.375953399115452669e-03
5.684627990094970329e-02
2.386493371993836377e-02
1.089422811963949300e-01
4.575022905845749221e-02
7.121826987227297678e-02
3.893418930323910843e-03
2.515178592665057167e-01
5.716511363770493404e-03
3.903201170336334513e-02
1.959112157732612047e-02
6.361093157814945442e-02
2.039393299281577754e-02
1.332556932689499263e-02
7.813229008428734801e-03
9.107237715130445110e-03
6.833969570223530354e-03
1.005485686624716379e-01
9.620919822975348978e-02
1.295201033450155137e-03
4.471559553366244444e-02
2.080085395618631594e-01
1.433242878715006441e-01
0.000000000000000000e+00
1.799119348659212747e-01
5.046928738229361500e-02
7.888622830544900211e-02
4.215201201469653824e-02
1.109453692540567360e-01
9.539154165304619681e-02
4.175694827833620337e-02
4.011533990661053650e-02
4.256876628074568458e-02
4.472658728353184898e-02
2.664088370427641905e-02
7.324954429475827311e-02
5.414957777487039436e-02
0.000000000000000000e+00
2.866173768057160842e-01
3.564346201970458594e-02
3.840128295120592838e-02
1.159505097565460829e-02
5.647753745371453249e-02
2.573411651629786689e-02
1.141306492233518100e-02
1.428203804596961390e-03
1.776906317300763760e-02
2.294072071639252641e-02
2.298354595189522342e-01
4.446341791619623507e-03
1.187482902965317777e-01
1.736302290240558932e-01
5.656172568447637161e-03
2.414225976785733252e-02
1.112041714824183458e-01
7.582447603407249659e-02
6.094188982050496861e-03
4.154393951583745803e-02
9.509562625540368686e-04
1.286997028148206823e-01
5.067444681071719970e-02
8.429754029519820335e-02
1.637623835287307372e-01
1.051734109913367021e-01
9.558708594457598906e-02
2.935217250480182116e-02
2.217301430041018762e-02
8.239830984962281946e-03
8.823984613974555913e-02
1.799919239632519208e-02
6.532506813874405793e-03
3.384078414102020815e-02
6.214100068019856593e-02
1.253632907545352282e-01
2.540042804390285625e-02
2.427788828158030654e-01
1.475702871350810241e-01
9.319341803018499348e-02
2.458927422252354944e-02
0.000000000000000000e+00
6.093010097157680605e-02
1.132879457519120336e-02
4.864334043796159079e-02
1.965746456927419672e-02
2.599573171275517680e-01
6.341214046609700006e-03
1.490292226441525258e-02
5.015578230837824947e-02
3.900913004979944532e-02
2.522973461043864774e-02
1.262519103709980328e-02
0.000000000000000000e+00
1.036772643145589257e-01
3.989495993192626599e-02
9.578129285726610931e-02
3.366331547055256834e-02
8.939215485122886662e-03
7.981854139428889994e-02
9.157429332018285351e-02
7.912375802072180164e-02
2.109903480759278693e-02
1.656533623911427000e-01
6.232476885819515644e-03
7.280059522932269545e-02
3.312778892874135295e-02
1.972772821721768821e-02
4.173530594476471123e-02
9.581494267176005053e-02
1.097926041813570563e-01
3.957251583479148849e-02
0.000000000000000000e+00
5.291494727733336845e-02
3.931717144360824534e-02
1.119190531101921238e-02
7.010928223439183427e-02
5.222952410843006987e-02
4.605650703510120181e-01
7.591665806841607633e-02
1.250971985256486008e-01
1.626639801020095533e-01
0.000000000000000000e+00
3.027685124225154567e-02
2.228901222430277329e-01
2.390147198128680373e-01
8.369187559367219365e-02
1.544114700629739545e-01
3.696306673539684340e-02
8.411519150318813587e-02
9.627280670736837465e-02
3.223664308140605783e-02
1.524541345472041343e-02
2.339561552317181992e-02
4.001626160992710624e-02
2.191155502550570233e-01
2.046634974801033735e-01
3.309354815191145605e-02
1.166626647641155756e-01
7.383580422732904935e-04
1.308873295714017004e-01
1.048491313226129762e-02
1.192466184188489819e-02
7.457384571148661934e-02
2.203696446960279332e-02
1.678382291451985253e-02
1.099956785543909632e-02
7.217173927392117605e-02
1.118216682420758445e-01
1.174226383410212904e-01
1.071348195956733917e-02
5.495882841182186951e-03
1.749021839528275279e-01
2.345681523435869664e-01
1.043698206942691442e-01
1.099130670499892659e-02
6.381432953120658169e-03
4.975852381814771519e-02
3.611808089796220145e-03
7.993270110918437865e-02
1.082384424568267889e-01
9.736453494832364441e-02
7.179498976195741733e-02
1.132626588207035212e-01
3.883773550770008853e-02
2.074477939485142031e-01
2.271188648240585195e-02
4.495221196616494552e-02
1.912661842589002958e-02
9.431123989442724564e-02
4.762124396088474043e-03
2.363632790265768335e-02
3.147964334075581405e-02
1.525687951452159297e-02
8.253838559267201447e-02
9.545608144715167498e-03
5.702974860226728282e-02
6.265989657588999506e-02
5.969993376187687772e-02
7.593317474203331585e-02
1.494758674268048537e-02
9.031230855851113404e-03
3.489165688076134586e-02
3.321723394259290529e-02
2.093579587671179354e-02
3.243687072614243050e-02
2.694301086870698470e-02
6.418006196024084176e-02
2.008985548709851798e-02
1.353148318497661151e-01
6.157066542547440235e-03
1.252632100124362324e-01
4.374526183355964548e-02
1.587972717371242126e-01
7.589029316009465731e-02
3.570383924457676272e-02
2.113263655382713324e-02
6.255304652072180005e-02
9.511422899423660482e-02
1.373247118168325898e-01
5.446136813941659938e-02
4.396742763378647112e-03
5.464702001940313636e-02
2.581499451683555435e-02
1.281376093093626878e-01
2.655437130540505564e-03
1.718649528496563050e-02
5.247780170809512867e-03
3.584578185720221910e-02
4.025493656406275989e-02
2.818863726442000228e-02
1.073137222479214614e-02
3.095508215405651242e-02
4.632662707872992058e-02
1.652010068260008069e-01
9.328376027189921871e-02
2.263673597694548789e-02
3.950552760570946731e-02
3.414236222872713000e-02
2.697612980741315170e-02
2.147586593725669957e-01
2.603248855212747515e-02
1.444608792691095545e-01
8.457198247311037420e-02
5.512193490496652970e-02
2.277682293587979245e-02
7.541461239036006958e-02
1.443184473754044461e-02
2.003657133833414150e-02
5.375810452775642290e-02
8.171528787544346528e-03
1.614476865045340048e-01
7.004810474350708915e-02
1.837319817473748174e-02
5.616393010529030505e-02
1.151232696924351373e-01
5.792196283539219337e-03
1.415571075806454360e-02
2.449849684200877675e-02
2.955383824243540403e-05
5.366511241802562893e-02
4.822057696249970604e-02
6.271040819911544162e-02
2.540875458829017219e-02
0.000000000000000000e+00
1.483717624458780193e-02
4.711559667566067588e-02
3.521593265535383210e-02
3.569255217779776501e-02
4.389227884751445430e-02
1.359484361728391377e-02
1.508486091274363616e-02
5.357655064525967958e-02
3.363513530175143984e-02
1.671810175128092268e-01
1.362820553917121202e-02
3.704150385402371626e-02
4.306013470010761068e-02
1.219770184590283080e-01
4.893427003276329401e-04
1.123316496816251231e-02
2.821103524356782799e-02
8.241313617689804971e-02
2.756952444004046043e-02
5.120494174559730993e-03
1.094843347041809523e-01
3.551177412829797930e-02
9.044979036875311351e-02
5.214757166302685931e-02
6.038944403047974419e-02
2.459252965613245578e-02
2.126021248177156764e-02
4.384292426183300506e-02
1.076072430011594250e-01
1.265288222688987219e-02
7.329279975546487691e-02
4.184470081407720699e-02
4.003219486612596967e-02
8.831527752668844045e-02
1.017655035259590335e-02
3.286155554765635145e-02
8.195387202007520244e-02
2.029457445866356124e-02
1.007451526331859526e-02
1.482286870163944670e-01
5.268354953886689174e-02
3.235817224041070972e-02
4.573361366484807178e-02
3.035329967619837532e-02
2.288434103283254473e-02
1.753155137516593243e-02
3.759239723021234880e-02
4.795240449063609134e-02
3.982989643328682661e-02
1.239555755798171788e-02
8.345951574364462999e-03
3.668977423367802970e-02
6.472763125150038377e-02
2.460044083368257972e-01
4.545606127577261901e-02
5.109018779938434562e-02
3.873156733259452977e-02
7.423410516967976491e-02
4.955983132339536468e-02
1.761817743974107842e-01
1.224005328087525157e-01
1.673443484616843335e-02
4.419460893934790136e-02
4.579612751344530608e-02
8.745199608433118499e-03
1.823182072489437644e-03
3.399984182784265840e-02
1.444909484224332630e-02
2.941501968480686457e-02
2.418474600537834363e-02
8.896286471420911113e-02
1.339927807422496286e-01
1.395880817373384986e-01
7.279214519817767126e-02
5.061597798723838082e-03
1.181254185836246862e-01
1.435366807628568608e-02
1.519908781746259763e-02
6.039629723686257279e-02
1.927262037393528971e-02
1.085624648323415542e-01
7.786580401321074874e-02
0.000000000000000000e+00
4.362651051042032435e-02
2.311255577653970050e-02
6.139210163663566533e-02
1.109471158557981951e-01
1.452383338224336740e-01
3.079300824944031234e-02
2.667715116705871026e-02
1.071248902926313917e-03
0.000000000000000000e+00
1.533950404998840611e-01
3.314043211419193113e-02
4.013357424359043080e-02
8.054774728588398602e-03
2.429063271415898839e-03
7.892495166440394172e-02
4.325482741046826618e-03
1.195663629024013019e-01
1.963100733093385841e-01
8.282309995566539129e-02
2.360269538510451071e-02
9.001128281170167611e-03
6.744741689839539589e-02
4.254118769751791262e-02
1.789953797037036054e-02
6.082372579753858588e-03
6.706044537949651385e-03
2.186028612444790298e-02
2.294872368673228635e-02
8.257915244866964599e-04
1.671349975783789077e-01
1.811116310934490770e-02
2.328630278878307536e-03
1.324115519359114757e-02
7.975153175204141576e-02
3.787112109794588122e-02
3.069598086118663360e-02
5.891096071884671659e-02
6.790352744514205341e-02
0.000000000000000000e+00
1.130434029395210871e-02
9.407520985211803577e-02
4.019150176103103433e-02
3.943025112653231190e-02
4.514288640529606766e-02
6.003621422150828835e-03
1.235276583655533500e-01
8.823051610603371842e-02
1.024794772441977031e-01
3.568327680149696590e-02
4.540776883641495232e-02
1.156043931123651447e-01
5.542376966482187584e-02
3.348590961459940729e-02
1.343894351097052464e-01
1.751459509380248747e-01
6.815146723608034307e-02
2.123909252291511507e-02
8.073347335817437909e-02
1.115445286660143864e-02
1.411239721403774183e-01
5.078635827069755138e-01
1.667469018714022866e-01
1.169922401258656208e-01
1.826434243439960525e-01
1.028179026890523318e-01
1.430065439265160165e-01
4.226070515660218518e-02
6.986976076124218338e-02
3.197662168547577011e-02
5.611360730208403425e-03
4.372626377644728279e-02
6.002818570818302391e-02
1.050694594136025728e-02
7.512748428445625848e-02
1.012467353951063131e-02
2.905678819708157334e-03
1.193004381165403416e-01
2.934308901013071846e-02
3.983445690372544590e-02
4.392635982182824250e-02
7.286659273459328290e-02
5.955486410954335952e-02
6.495514208166053294e-02
2.196891484122520666e-02
2.146956526355836559e-02
6.587334523362375904e-02
9.227876182941230354e-02
3.221310830745593989e-02
4.300883479800265974e-02
7.215184603018620635e-03
2.999428795208203269e-03
8.276955290996923509e-02
4.885889085608496885e-03
1.044633890108777052e-01
6.250236415077470298e-02
8.661252980066080909e-02
8.618368652239993821e-02
4.394213856718920397e-02
5.205350489044135998e-02
6.811683130612689041e-02
1.663451323453823960e-02
1.979906262170327835e-01
1.794611686806479867e-02
5.319667062546162839e-02
2.094933694754956832e-01
4.956285210771316230e-02
7.068267984159604111e-03
1.130262366749512637e-02
7.042514928377396899e-02
4.404264480677433369e-03
3.663524969094122952e-02
8.553410001481331904e-02
2.966066774003284223e-02
6.618701928765435838e-02
1.348657754868121117e-02
9.777257662535809857e-02
5.605573910756067590e-02
4.188233473251923300e-02
2.793853951443381334e-02
6.146302824033877954e-02
5.720354108160652373e-02
1.311027541467826296e-01
3.314274771082725835e-02
6.453673445534935382e-02
2.827832677631292313e-02
9.976361564049263109e-02
6.858213198748419615e-02
1.941876001148390429e-02
4.386432901201597900e-02
1.506643993581970875e-01
4.794593816571968148e-02
8.074768713563518219e-02
1.131468069397545406e-02
9.825360349362810553e-02
2.670246208399351673e-02
2.149333879886583532e-02
7.617985027260498754e-02
6.184330155096873227e-02
1.379463805626457429e-02
0.000000000000000000e+00
6.573867674258071503e-02
6.396725371429212714e-03
4.376046470874683791e-02
5.503745082808197964e-02
6.059237960196028894e-03
2.975633273870226247e-02
4.021645297569076405e-02
3.215355534441233232e-02
2.934467220883529848e-02
6.388408033802761565e-02
9.143922182755215289e-02
2.668195181595223175e-03
4.513144711581595914e-03
3.279312167448047433e-01
2.733321960728405386e-01
1.377740845256640867e-01
1.235053611787302330e-01
8.181502771783755179e-03
3.649513461629210198e-01
5.801979946714830305e-03
3.938233830336113073e-02
5.207281205002800561e-03
1.006920521551641912e-01
2.246311947790591290e-02
1.233155075588614480e-01
1.175190358097992771e-01
8.945655543469133164e-02
3.505391011141067992e-02
2.254408196262058794e-02
8.996563972681226318e-02
1.797356605829429910e-01
1.573098332625724183e-01
1.211926932321105710e-02
1.827552183178173806e-01
4.131586400963449535e-03
7.343176902150361229e-03
1.623760116664278996e-01
7.628376728451780053e-02
8.023200236050520573e-03
1.750815711373832073e-02
1.167495715302475645e-01
4.357523660970397117e-02
4.632218275115995709e-02
3.960622662041313191e-02
1.152043466932806126e-02
0.000000000000000000e+00
9.686063069939265802e-02
8.600779185439222374e-02
3.880546790554095793e-02
4.277774127850442198e-02
5.429150783717684448e-02
1.432702271918806503e-02
1.433404211143241014e-03
1.123214053515857458e-01
1.475297874431369394e-02
2.314777255900137831e-01
5.782471187341275964e-02
1.997822995077314090e-02
1.177211508209943247e-01
1.538410033224320017e-01
1.069532700808331072e-01
2.903740007011990087e-03
5.221782925384665930e-03
6.205006205652452422e-02
1.146860597890189126e-01
4.354860675610083831e-03
2.895980728317137931e-02
9.027868073149480921e-02
3.414641215893521320e-02
3.849104215975085452e-02
1.254370475274058094e-02
6.478399870208928490e-02
2.496641067781091294e-02
3.548998797629554502e-02
5.240416580383744360e-02
7.728607834860312664e-02
3.385201600970155766e-02
4.910665984382411864e-02
2.622879536349564944e-02
3.634993562972255177e-02
5.387811223277694239e-03
8.422018975391143414e-02
9.715428148906468664e-03
3.190679355645453796e-02
1.112684864483250990e-01
1.061344107611716936e-02
3.716899014988150896e-02
3.132442313811862888e-01
9.384079590786775782e-02
7.789728558107889000e-03
2.053456557799027138e-02
2.166115059202944337e-02
5.281593296306397178e-03
9.836164421137105762e-03
1.911708502454096958e-01
1.616939212044190555e-01
1.571661237353438878e-02
1.317914031125848595e-01
2.752833897022455290e-02
3.828528813581044687e-02
3.096930548944687445e-02
7.176636675553460520e-03
3.033888740483270396e-03
1.357763174778900961e-01
2.163615961371423424e-02
4.433588766067320108e-02
8.874649705193871085e-02
5.138429699058022493e-02
7.897313658429361283e-02
1.948443160243762406e-02
3.728536071226455917e-01
2.357088603319201781e-02
1.462794158139146816e-02
1.225681815898838067e-02
3.624732445275924420e-02
1.260636932927621245e-01
1.066981590286770754e-01
2.742212706682511936e-02
1.116568390200729510e-01
8.685560326736219139e-02
6.412817093487532816e-02
6.693977940964668250e-02
1.465446441763873509e-01
1.521393042123628803e-01
2.835827070242213921e-02
4.738759616251542184e-02
6.614540307360350369e-02
7.706356699915239972e-02
1.728551382957999039e-02
1.900525110113449045e-02
7.833035423953305099e-03
2.991024179406576167e-02
5.095225811224946000e-02
1.827687257590948633e-02
1.062840605329800070e-01
8.390584318030924749e-02
2.100904416504523198e-02
3.997915747238511841e-02
2.607513105957082189e-03
7.916041609715751548e-02
2.320354244525368870e-02
1.150161799017839215e-01
8.435852608050620205e-02
3.370134842423322397e-02
8.194277950298101132e-02
2.971587171959377827e-02
4.852042136994683119e-02
8.197623137535714477e-02
2.107648642073733924e-02
8.379618906686925328e-02
4.884196612468194587e-02
2.213469854523983926e-01
6.557467812679185215e-02
2.097708886427529507e-01
6.549622806343702308e-02
1.235987506802116442e-01
4.129486550052607896e-02
1.059995500556620840e-02
1.307724484520100816e-03
1.154502121823863803e-02
1.081593729643426371e-02
1.689793563107144792e-02
6.466919760009659512e-02
1.111711120485443516e-01
2.441861189615934791e-02
6.616209672396333730e-02
3.414629682966463520e-02
1.889893349988014393e-03
7.445449766212419718e-04
8.690776173808423266e-03
1.749755401555042056e-02
1.316676633103419647e-02
1.699021834036251732e-02
1.955853432949528070e-02
1.486346654675330115e-02
2.093033894848250753e-02
1.451511465448529492e-02
2.905335843743817037e-02
2.802538402484167079e-02
2.439024193393191098e-02
3.613390527617621473e-02
2.651015906685838530e-02
3.508579433467495790e-03
1.795983458846350800e-03
1.420250808711909229e-02
2.007363837795494987e-02
1.202071226112622071e-02
1.097895408826587982e-02
5.025308715439713581e-03
2.296168466081383031e-02
1.529403818561014816e-02
1.246397690701428473e-02
1.600504991607465399e-03
1.905443439935439187e-02
6.634092469859353969e-03
1.277458853844404274e-02
2.138373049938024906e-02
1.591814873479435732e-02
3.141285892315641703e-01
5.974774887062217488e-03
6.719504713731616619e-03
4.154493129969516474e-03
1.296258476292333484e-02
1.037915201919696884e-01
2.381911572536017374e-01
1.418150047338242459e-01
3.479745758696140001e-02
2.105794303004824286e-01
2.891740723860625195e-02
1.247000055826497089e-02
0.000000000000000000e+00
3.713909943387934121e-01
2.432164424021774352e-01
1.330451678862498710e-02
9.213026007274471851e-03
3.474124833434899529e-03
3.953896736995865524e-02
5.334769034643365160e-01
3.605015712558694574e-01
4.899835894739039688e-01
2.676917192716778970e-01
2.703165540419236734e-01
1.911069792284170177e-02
4.934466144049132197e-03
3.571957494474897743e-02
2.516031836365772989e-02
9.070990223282127118e-02
1.868577107427560335e-01
6.600880428146105317e-03
4.421697534184509948e-02
3.371111909756914216e-01
3.086527438721899941e-01
4.714946075586823326e-02
1.224434432633803027e-02
5.551073546014517746e-02
2.566457319743342680e-02
8.806800181716578635e-02
3.490329482794152227e-02
3.306334786519649072e-02
3.639372842722554680e-02
1.740636719644594876e-02
1.124897269978459846e-01
6.501758522326639422e-02
2.885352380406747130e-02
4.949298051563477685e-02
2.997676541497273917e-02
8.402881462558298153e-03
3.049421109846850442e-02
2.088893672407348134e-01
4.146459471631036564e-02
4.772122962049429873e-02
2.881000066681238536e-04
3.015485673074635997e-03
8.404003087739653211e-02
5.346056671087584533e-02
2.816642850242701002e-02
1.483645254296463989e-01
6.275193515086918694e-02
3.414501529703350968e-03
1.636952122229118345e-02
3.875090042585505046e-02
1.303724526776335324e-01
5.163788261399382407e-02
1.676478425753469281e-02
9.468723298652115261e-03
9.425374981715428646e-02
1.292725167275490250e-01
1.683125240039702319e-01
8.027134784639322618e-02
6.412710376681118873e-03
4.135610159790559237e-02
2.330041214363465230e-02
0.000000000000000000e+00
3.670543724162556032e-02
7.983511369257456636e-03
3.388412789182648766e-02
8.913244869348524446e-03
1.294345427704808316e-01
4.376666820006835934e-02
2.104023052976868868e-01
6.560616301816413198e-02
2.798980512640003582e-02
2.814014436776623995e-02
2.924419736683603332e-02
8.484041483714310772e-02
3.353332622307103605e-02
9.830538372132391345e-02
1.253742617843442986e-01
8.490449429304547380e-02
5.362795067814563055e-02
1.122564956971494610e-02
5.128315651452020063e-02
1.748690559397925171e-02
9.112095442158896219e-02
4.515867178857213560e-02
4.023111401296741718e-02
2.225154099031572130e-01
5.974766662851571652e-03
1.734133904201584642e-02
1.511181835839536802e-02
2.658247386833672010e-01
4.644472106560311175e-01
7.465702629971815441e-03
1.503364377240838934e-01
1.035141076725221154e-01
8.252399865848936145e-02
6.850853856744798520e-02
8.922904172354595431e-02
2.849526816269243312e-02
3.185471937266370901e-02
8.033049924647706064e-02
1.563562325452494406e-02
5.347044851923943298e-02
6.246291260270897538e-02
5.234987040387295565e-02
1.324911496961078683e-02
1.536891542989664572e-01
2.527971334124314851e-01
2.167736934627324530e-01
2.121597927525584737e-01
1.093005721435691413e-02
6.758953123894073656e-03
5.214236705657349091e-03
2.114204515226703052e-04
4.601905149956220242e-02
9.512300990414424007e-02
5.077492794414961708e-02
2.602851089573743337e-02
6.792550730977264806e-02
7.612011266787366282e-02
1.564472662554727833e-02
1.019041059068479527e-01
2.574318048729562491e-02
3.037769800156375766e-02
5.278784245162437827e-02
3.734714367857971951e-02
1.251672477672913786e-01
1.296737474488303121e-01
1.228818304858450006e-01
3.857521549286690998e-02
4.800943985681094262e-02
2.203792949068716922e-02
4.759078021081109000e-02
4.406656141606557497e-02
2.623088478997104289e-02
6.294613490052114457e-02
9.836764875130743491e-02
3.519194933888236676e-02
8.576658032562889389e-02
8.942378112270077395e-02
2.802851643465409381e-02
1.637134915610793939e-02
9.801633601841430732e-02
1.124221867868868685e-03
2.763224874081959825e-02
7.139419723066353640e-02
2.143427439481904173e-02
0.000000000000000000e+00
4.963597149514775708e-03
2.324055554641013543e-02
1.670648954718094714e-01
6.771419688816315841e-02
8.405550201468958704e-02
2.148094675247769203e-02
9.465057907477625321e-02
1.322147889761042805e-01
4.900221440103091908e-02
7.620283930974025566e-03
2.458637716531164585e-02
7.948751108998841630e-03
3.174612464070136753e-02
1.894957053351031817e-02
2.236176250098065310e-02
3.932763505038572305e-03
6.570149723926910212e-02
6.503344026958934876e-02
4.544673011847244481e-03
3.148605956986294530e-03
1.753988868072653418e-03
1.606178132888569365e-02
4.955114997746346006e-02
5.883497195911679967e-02
3.164206888223741743e-02
1.539476067291118966e-01
3.560211625751019682e-02
8.255572679173983630e-02
3.799337312287267565e-01
9.812869381472566488e-02
4.718337006557060676e-02
1.416419122783976192e-01
2.925849455277074185e-03
2.749964505706081752e-02
5.141999158032994899e-02
4.985807135966524584e-03
3.824084525040838400e-02
4.133737509236290464e-03
2.279366917991065833e-02
2.911769063771609822e-01
4.251965465453810822e-02
1.472456737294258744e-01
2.321620468447438412e-02
1.181232893559513997e-02
1.673022714579390779e-01
2.240365254634024694e-02
1.186459685017382526e-02
1.008824644707839724e-02
2.200493157899874319e-02
5.601628460882501770e-02
9.308057821203696847e-03
2.812750343043024515e-02
2.426645184059905702e-01
8.399420608019347867e-03
7.160434229002277107e-02
7.253604117487100211e-03
4.461968791371972998e-02
1.153758171001175725e-01
4.146516599203664555e-02
7.939394698024848651e-03
3.908328831593799180e-02
7.898802150203110273e-03
1.632297097103041494e-02
8.347852514821241243e-02
0.000000000000000000e+00
3.914065632001673123e-02
0.000000000000000000e+00
1.833599505676364316e-02
1.715238451778233753e-03
2.139524864195925247e-01
2.290405711920051601e-02
4.159860958906591577e-02
4.801732052079632496e-02
2.052385896831232515e-02
1.007942189202930550e-01
3.492223687287854261e-03
5.376042670264258305e-02
2.781278480975029055e-01
5.455315293468654403e-02
5.460205068883894342e-03
2.587743398911879211e-02
5.159534327420445265e-03
1.343346217932683828e-02
2.606287015155306364e-02
2.827243933022938194e-02
2.480865095975737233e-02
1.218563826920702198e-01
5.718286683276119220e-03
3.007017507941966983e-02
3.200761819297959221e-03
6.038581388728037069e-02
2.356800585016305405e-02
1.245312050580063001e-01
1.820908529632507822e-01
0.000000000000000000e+00
6.604891803381640614e-03
8.242055464720010605e-03
2.159829608071994755e-02
1.722366099432548481e-05
2.338945672352821248e-02
2.366005238145341139e-03
1.422982933028560382e-02
5.359257970541797533e-02
1.803398771073210227e-01
1.720872853239621136e-01
7.782071128786771652e-02
5.518943204107795708e-02
1.201176348361698842e-01
6.176219255431725230e-02
2.028337121852787917e-01
2.075475825941541785e-01
3.207498989539114831e-02
5.512877514077807461e-03
1.875417707429960501e-02
0.000000000000000000e+00
0.000000000000000000e+00
1.232878830100192502e-01
2.836529851972535710e-02
3.446983986612028872e-02
1.069670971993197384e-02
1.211245390129622734e-02
8.625154633490872413e-02
5.170230437517631117e-02
7.848172428633226616e-03
2.573423589298418079e-02
4.751123490570297037e-02
1.226662052122406976e-03
9.632808028648298659e-03
1.131519997099452723e-01
1.225699611161612523e-02
7.864848784954237004e-02
9.823360383076185087e-03
1.502450736923170993e-01
2.373957079517658997e-01
3.921543643264602252e-02
9.244326530069013614e-02
1.795690944029848524e-01
1.977194270421644973e-02
7.973814961627390119e-02
3.968433264619086742e-02
4.941847203810212363e-02
2.565446153643247129e-02
1.258478796206841110e-02
1.886613950810911433e-03
4.389876385789142077e-01
6.940514089207017179e-02
2.046861519000131580e-03
2.119070763507302502e-02
1.050208497526323725e-01
1.871441281259045297e-03
8.894042663768253476e-03
5.840704710899480290e-03
8.977995469090682690e-02
5.327519593009810706e-03
4.187548677103247741e-02
7.070054961208604993e-03
1.686179220615358076e-02
8.994230033033012717e-03
2.947917725424176183e-02
6.964672273917393852e-03
1.165483275205669855e-02
1.552559854320811894e-02
9.601912632808407011e-03
2.111026410277281329e-01
9.395707692078758555e-03
2.799654505124049564e-02
4.004981525028217249e-02
6.015881948728374340e-02
1.782512694020841337e-01
3.921602289582182266e-02
5.423658771986250571e-02
7.046521716446552119e-02
1.271204975335571419e-02
5.868319427147561385e-02
3.745376675004319367e-02
3.558186186761780334e-02
4.763987201321207010e-03
1.292916178362126800e-01
1.447404365979565455e-03
0.000000000000000000e+00
2.978236061360384213e-03
3.806933410964754572e-01
6.594679827349025913e-02
1.608966742366950697e-01
4.087977235679129961e-02
8.396140027635290437e-02
8.550138362775161482e-02
1.576178820869955644e-02
2.488783978324526913e-03
2.971139833032143684e-02
1.796146882839551040e-01
3.424622105037489206e-02
2.955361025839486899e-02
6.174518728863098715e-03
2.882684040821725802e-02
3.564790494487901640e-02
1.070463268739541007e-02
1.408216000697670722e-02
4.105207077198969046e-03
2.116442411175967209e-02
2.075619864183249064e-01
7.603622848566438108e-02
2.536369773101387892e-02
1.204365447625752594e-01
0.000000000000000000e+00
1.068901531467325583e-02
6.909828247289429015e-02
5.768581776223680180e-02
5.580451314721912581e-02
1.943089419089716330e-04
1.567754986903580061e-02
3.665781369835485748e-02
2.533017091895128914e-02
1.627108565262069817e-02
5.862186964721161075e-02
1.146958941920495079e-02
2.502462131549139102e-01
1.342243315344848753e-02
1.187262986588875080e-01
3.422372625598146811e-02
1.444281847214492487e-01
1.559198842231115378e-01
5.889400130146427159e-02
3.709774334850646227e-02
9.682941454571647455e-02
2.471375214053495029e-02
3.990050841373005142e-02
9.325889914705065564e-02
7.065114240520031785e-03
0.000000000000000000e+00
6.116880992183215682e-02
1.767465726946415572e-02
9.704016609684895656e-02
2.490418519877390935e-02
6.904748727152121290e-02
1.255610306982646307e-01
1.365132705405098790e-01
7.048836899395638511e-02
2.541793807239365321e-01
8.843030935084428279e-03
4.744077917101829911e-02
4.667071973674463692e-02
8.126665697843371561e-03
1.971689496399653407e-01
2.897902735088120352e-02
1.426930986790031497e-01
1.212560282445629412e-02
1.115584513775074171e-01
6.910234975951290437e-02
1.349528634677010785e-02
1.447297825266513627e-02
9.557200504671037322e-02
1.165062340934506224e-01
5.573582922740794032e-02
7.018258410136368752e-04
1.255934881950615534e-02
3.870046334776233721e-02
4.658848670472810483e-01
1.718212657960878076e-01
1.965265068374666413e-02
2.592607184449668978e-02
4.839203396894475873e-03
2.218706496170419484e-02
2.104909588920822472e-02
7.555763569575546512e-03
6.297225828121444380e-02
1.151336507839317846e-02
8.458674885173778080e-02
1.053613396481054565e-01
5.647763646789982772e-03
5.653275105567612258e-02
2.944126471713541804e-01
1.379410603154873627e-02
1.224392120604163026e-01
5.143089802597522464e-02
1.582983793179781884e-02
3.933965737825673159e-03
3.037232099328157631e-02
4.152134013093267129e-02
9.332568780455918755e-02
1.461656744795787333e-01
7.426892707809606975e-03
7.930426695418191230e-02
3.685869260132257352e-02
1.087941785244783688e-02
1.164114538042415603e-02
3.532248557657524657e-02
3.022111914964753510e-02
3.295855604021902252e-02
1.983617391848646605e-02
2.172025622224982300e-02
6.777543090776116941e-02
1.040659129883803047e-02
8.051986074625983036e-02
1.081098775462949746e-01
1.351524978583764636e-01
2.077181813579889180e-01
3.814249430461025270e-02
3.809425134047295103e-02
8.781363624178428751e-02
3.448005520129271417e-02
0.000000000000000000e+00
7.712745141710453112e-02
3.261316283319715126e-02
6.174184217401545993e-02
9.551961212941328938e-02
1.608866654558038789e-02
9.892266978880748240e-02
2.223901976436604144e-02
2.347196384289151894e-02
1.170134356027476841e-01
1.781995443464534645e-02
1.128499130335534062e-01
2.473828701771374483e-02
2.119115977442653787e-02
1.281538849774346289e-01
3.818182257720170725e-02
2.472674922357231964e-02
9.581227282253745869e-02
1.802612630924116388e-02
3.450760877331582321e-02
1.027752287806409370e-01
3.285506622017209111e-03
1.080957476094646097e-02
2.122099850112935115e-02
7.539190168690179661e-02
4.174915017209901436e-02
4.341671876199537650e-02
2.594241368754257593e-02
3.522466684316585273e-01
1.398171037364726033e-02
2.101913114949205408e-02
1.158112198260852210e-02
1.336457124409307085e-02
3.286876546759831541e-02
7.086281703533714449e-02
1.158421723291791494e-02
2.186050030194905958e-01
3.796369443463021298e-02
2.833472046138396649e-02
0.000000000000000000e+00
3.749666147623731405e-02
2.509887982217584579e-02
3.582486391048878005e-02
7.038202403372828542e-03
9.972637811512541361e-02
1.188282430909204379e-02
1.288173234526377442e-01
3.103612866465095266e-01
7.790018758552186284e-02
2.628532640380587537e-02
4.088884162942019174e-02
1.987185930082624452e-02
1.550515854352330081e-02
3.746987205502971818e-02
7.410333926395384907e-02
5.822091941028784134e-02
6.118286413933926582e-02
2.080852392136991469e-01
7.692574803988883048e-02
1.300659714857808069e-01
8.882316604256690340e-02
4.901316391605448075e-02
1.124276335233354018e-02
3.908783029725793057e-02
8.124855567106514798e-03
5.725517206479402432e-03
1.192753087875395579e-01
1.972113289947952097e-02
7.851170866742585019e-03
1.853532954778014386e-02
0.000000000000000000e+00
5.504535450140402020e-03
7.606354340608767473e-02
5.738994085780824150e-03
6.767381173822073492e-02
4.540876850820119159e-02
2.439470666549752309e-01
1.160714212052562644e-01
1.406207772999579220e-02
9.050094893707161248e-02
5.428220791932414357e-02
2.180088911095889870e-02
8.298808415090785928e-02
2.391909435933392558e-02
3.217257049001975844e-02
4.343743163435220822e-02
2.319309709134653730e-02
3.391649867396928641e-02
2.059860631481207349e-01
5.193313095453966355e-02
9.132818255386254691e-03
3.712800720513076413e-02
2.912843353853400430e-02
4.920591744554947411e-03
3.671039474779647094e-02
3.650091091025142731e-02
1.879797776013596433e-01
5.444843846235691842e-02
6.881119340947794427e-02
9.070990420586078073e-02
1.973457172339010413e-02
3.135990682315181743e-02
1.091352316469915706e-01
1.774334074704064790e-02
2.267953251674903470e-02
4.072546210847871606e-02
2.530571740252085533e-02
5.600874602431815674e-02
5.286701004391680669e-02
2.041142182705524277e-02
1.395916590468093688e-02
4.173758378586889251e-02
2.034869417806461911e-02
2.378515599408359549e-02
1.920700064620817216e-02
2.259917032126157466e-02
1.222285656467070325e-01
8.354828792107582558e-03
5.576039754556916250e-02
2.161810718245815721e-01
1.161217297669985271e-01
1.194585062945385801e-02
4.821499953138008721e-02
2.079183376021926932e-01
6.083382402254144949e-03
2.107602281300380298e-02
2.022677412190887480e-02
3.602059347946795498e-02
4.281693041671807975e-03
6.254184750036184681e-02
1.998932860824620406e-02
0.000000000000000000e+00
3.898550542145580167e-01
1.324467946843110866e-02
6.494030716674163983e-01
7.560727861965332863e-02
1.449702124010610049e-01
6.281765059473087831e-03
6.387322291926711415e-02
2.235952127501734665e-01
1.149310225321311663e-01
4.806666753217392341e-02
1.490260050432290484e-02
2.259319909614001531e-01
1.164903758095121589e-01
6.875403064759844085e-02
7.698397276095914066e-02
9.289695251980756296e-02
1.829337181176686755e-01
2.361503335850034802e-02
2.959120436674655963e-02
6.663973667837552739e-04
3.008289052238222183e-02
4.324745544708363809e-02
1.201396132587184695e-02
1.109975323823420013e-01
1.545443048737205061e-01
8.618704693582124321e-02
2.255260514734480637e-02
4.763699624746209338e-02
3.007444645021362106e-02
4.908466984144599365e-02
1.578349265640470733e-01
2.244055586871622765e-01
5.537234382438871449e-02
1.403990213647343666e-02
2.962840559798785023e-03
4.311828071971923748e-02
6.283545613110952388e-03
1.745373076757328334e-02
1.776092278598122576e-01
5.505070122393096455e-02
4.438944679979783814e-02
2.154047819580995338e-02
1.515774853420870372e-01
3.258974697090621930e-02
4.765680973039962964e-01
3.183849421287909820e-02
9.921821349101289655e-02
1.573076390688683546e-01
7.830707022301464093e-02
1.201342731972703248e-01
2.176417823522713846e-01
2.792333293963356056e-02
1.070914131977476202e-01
7.408655883349268834e-02
6.939846716734976440e-02
3.112431179360530820e-02
3.679873520368914797e-02
3.331879634202294937e-02
1.224497047147998785e-02
6.020595926517646745e-02
7.314443841183670969e-02
1.559683311146420337e-01
1.787685849719622411e-02
5.094519452566270701e-02
2.967497811791375284e-02
6.418478735047017381e-02
2.761995786986481960e-02
6.305083192917315671e-02
1.063280995973681087e-02
6.741135186411728597e-02
1.122459759740035423e-02
3.172219912448266399e-01
1.577737355567609967e-02
8.009891110285582982e-02
7.057865825036913066e-02
7.568475741019042857e-03
1.041593902632271806e-01
1.812198040225396767e-01
1.081086780152205051e-01
1.131214569141665294e-01
1.871229306189192698e-02
1.094781566454932076e-01
1.102333279327982751e-02
2.971189845538635410e-01
2.147066962330246298e-02
7.921555605358854280e-02
5.688773633432209209e-02
5.352058446344543086e-02
1.583807110021231424e-01
3.287804669643268340e-02
2.535595603148088628e-03
2.514111868990021037e-02
5.130872984730050490e-02
2.694717311827066197e-02
9.316062644750733313e-02
3.528090675836015322e-02
4.555617454315363801e-02
1.241955731138855157e-02
1.471043363778328228e-01
2.187510903244049842e-02
1.551375906265501925e-01
7.035353064468452544e-04
5.740695535158657492e-03
1.415922538054994462e-01
7.538057992217961356e-02
2.431487937806942057e-02
7.441879777027793352e-02
1.430228919111016239e-01
1.196186337288809298e-01
5.876487709207545151e-02
7.076197201068890053e-02
1.223241397216856541e-02
3.711084802341346744e-02
1.290749078640018865e-02
6.389223906235574901e-02
2.702473846394237711e-02
6.943118610479537267e-02
2.655327732418744091e-02
3.354294739051155716e-02
1.065739364696893787e-01
3.271102486513299823e-02
7.726200763689661244e-02
2.364087302620276887e-03
3.439163097233954858e-02
4.326637258849963530e-03
1.196992196689974364e-01
4.357692332173535021e-02
3.589039129100157766e-02
3.110706902568338705e-02
2.315471253688183850e-02
1.546199508886232366e-01
4.895805354320792446e-02
5.963205483776867766e-02
1.012270948482143496e-01
5.908583126256949924e-02
3.800476013613085513e-02
4.044038435729850889e-01
3.033253774660966684e-01
1.958708671426432346e-01
2.701585341389289852e-02
6.029155651771311852e-03
4.958868792629012034e-02
3.087273142271307336e-03
1.722023040114954995e-01
2.016988879534231671e-02
5.794525321072896418e-02
5.955895634861008148e-02
3.456364556342528260e-02
0.000000000000000000e+00
2.587359823151302862e-02
2.092951062204395640e-02
5.593527473977477626e-02
1.522722243470679970e-01
7.998619244334914669e-02
1.299989918706900838e-01
8.838768278254249822e-04
2.919239207068535791e-02
1.360108179832764108e-02
1.119630176247046194e-01
1.359561132345312728e-01
1.050945403888281504e-02
5.801670489041832468e-02
8.211605822025536128e-02
3.126021671723044904e-02
2.980927767058894062e-02
1.286310981189267011e-01
5.451341548651722491e-02
4.048062388373629972e-03
3.205682545683519180e-02
1.239501008210988076e-01
1.646283900662748323e-02
2.817247748244344763e-02
4.400332524652306176e-02
0.000000000000000000e+00
2.611420400564679056e-02
9.901243295440842473e-03
6.498869825408437606e-02
4.204406165969842846e-03
4.089120079049379797e-02
1.478534644853768398e-01
3.825250090945786496e-02
4.168415297123218011e-02
2.500206271687499537e-02
1.080261977570460274e-01
2.413498079034326338e-02
1.029228087782652068e-02
9.739337076508647328e-03
5.997520749695528508e-02
2.198097728839174536e-01
1.254868204923891284e-01
1.611880828225036311e-01
4.235975895829469096e-02
4.654027263697457784e-03
1.964220943114369788e-02
2.134913730198917392e-03
2.175319914272666466e-02
4.315395444706027206e-02
6.805979421967567333e-02
7.204891000348911945e-02
1.461276820418966338e-02
1.127433911200359518e-02
2.868381060763169899e-02
2.975539227185741709e-02
3.433623300785981769e-02
5.944389410043271482e-03
1.769449832213609852e-02
3.966111892537238504e-02
7.836933523940103896e-03
5.239752175783367605e-01
5.721068438776466536e-02
1.023621260398099864e-01
1.151536538282460498e-02
3.671178296679524777e-01
1.346745057024394399e-01
1.527833289105995362e-02
2.807243388600610956e-03
8.049053126892680154e-02
1.451509515278619489e-01
5.019639521262853066e-02
7.331788592283317030e-02
4.281655236858572522e-02
2.074432869252440526e-02
9.986583893629763509e-02
2.528447351275886490e-03
2.960283524011142475e-02
7.372157077351371157e-02
1.242718037321317581e-01
1.120886268265746111e-01
1.181202316503693339e-02
2.786644698973805845e-02
2.201486277123620994e-02
2.667760205728164635e-02
1.639889819139028759e-02
1.922566948240955753e-02
7.608523261084343403e-02
2.660424059518895490e-02
3.379049016914414949e-02
2.459588395823253393e-02
2.306508357322538671e-01
4.046588077029245056e-02
4.142185585793889402e-02
3.360367571680900056e-02
7.978433326598999287e-02
6.515614521537749226e-02
4.226426389737092393e-02
3.058980687471901661e-03
2.304967161034454648e-02
1.365553685520204397e-02
4.386738500634912441e-02
5.102285246129323326e-02
9.076164449899337683e-04
5.616921084407699993e-02
6.712019593540397011e-03
1.164171857265037247e-01
1.086197817869338778e-01
1.358764724448757732e-02
2.543651967804994030e-02
3.937316199952078932e-02
1.642957165026608379e-01
1.637128022503855362e-01
1.057400829415895416e-01
4.031938703175708127e-02
6.876823976316792653e-02
6.465945641576098524e-05
1.163996401085132248e-02
2.712987242749420602e-02
6.373517095124814347e-02
1.877865718908289239e-02
3.771120038510868966e-01
1.560771566763854423e-01
8.156356230714933986e-02
2.016793747300127393e-02
6.645210860168138112e-02
7.206124151586301707e-02
2.506477532234807626e-02
1.835928034851086466e-02
5.139193999700619742e-02
1.904508240176738809e-03
1.341553505835566540e-01
2.437752886031958610e-01
5.385117316116616593e-02
2.608366963270913885e-02
1.960656506510547459e-01
3.815238731694492458e-02
3.852231209451417726e-02
1.248014828315824332e-03
3.097539434798957103e-02
7.158704749755528951e-02
0.000000000000000000e+00
3.135655643044890084e-01
1.989507194030437631e-01
6.257551811009776088e-02
4.125688987636433325e-02
4.015377672948696741e-01
1.121742764105970735e-02
1.315085694905864244e-01
6.894142581987949825e-04
1.017809001477694153e-01
1.100059639143795565e-01
1.223358104499991938e-01
1.916046183684221305e-01
0.000000000000000000e+00
3.517346838926993513e-02
2.976839086209981389e-02
4.790672405025997449e-02
2.058384036006355444e-02
1.214769922195744201e-01
2.708218232333967634e-01
9.148172914137830958e-02
1.953522449279088136e-02
3.315732559498414389e-01
1.605425322170352942e-01
2.851847841918093707e-01
1.337091020253007301e-01
4.496110226040350710e-03
4.354949177090094992e-02
4.620013764889474572e-02
2.512223654064715817e-02
5.383013133628100633e-02
1.532049893676399321e-01
6.386795510685594479e-02
1.317703284955324960e-01
4.104620796043789710e-03
1.434716876659880569e-02
6.124083908275324006e-02
4.728313605667722186e-02
1.282026810061687172e-02
2.020166188783623085e-02
4.314233600425598780e-02
1.232917122574974655e-01
7.300974741656407474e-02
5.742594498497410882e-02
3.556863178314628726e-02
3.898339801891026468e-02
3.837618566211986604e-02
1.760908007686801113e-02
1.818652115177599171e-02
5.290860076708181481e-02
7.438396978752592759e-03
5.108766898261229983e-03
1.282104737271794193e-02
1.080630219196194730e-01
2.417771943814095437e-03
1.730798194344975727e-01
2.921367656714490835e-02
9.361599037887025077e-02
2.483400898861898298e-02
9.209851756918840948e-02
3.306292041472946863e-02
1.065084708805841274e-02
7.632626734125924628e-02
4.095071376585401879e-02
1.643102280239778779e-01
3.436083578520978676e-01
3.059510836098260356e-01
3.645168201896709093e-02
2.429310884245339253e-01
7.686149276379339312e-03
6.107953332694915360e-02
6.578193775439444835e-04
5.707182509540320581e-02
7.858330296886251176e-02
7.532261740108125991e-03
2.806762377214599979e-02
8.401856041882815873e-03
1.499991389236932093e-02
5.576508046076433800e-02
2.415741506953024142e-01
7.861005857159497623e-02
1.270834572657832950e-01
3.649637771481906157e-02
2.764970247747733367e-02
1.347113495217300283e-02
1.194684064906237353e-02
7.089437585627855754e-03
2.595207121016684937e-04
6.444100331943758420e-03
1.626629555467218324e-03
2.470342429369587478e-02
3.819387608811286583e-02
6.600823137707489963e-02
1.697213816917741980e-02
6.411151734382158907e-02
2.484994549185337576e-02
3.254297435382191850e-03
4.812257551988974313e-02
3.843227066542045378e-01
1.546452310296952959e-02
1.199656038522345369e-02
3.975816817597888075e-02
1.282380769407431842e-02
1.311813953200422489e-01
1.239107787783426673e-01
3.038562330556615620e-02
1.008024401458698094e-01
0.000000000000000000e+00
2.895610864300568466e-02
1.182696206033320152e-01
5.286383414884276988e-02
3.506783547581733274e-01
2.935937040655822727e-02
6.516547660368043893e-02
4.562476582107954926e-02
1.590888574241766662e-02
4.612986595704349213e-02
1.993052791558369563e-03
8.598022539097627259e-02
8.775343960263715104e-02
8.154651858239958528e-02
3.310826316102577493e-03
7.080904009635347052e-04
1.476640431548856824e-01
2.442422914028306025e-01
5.068715506973919815e-02
2.135141450309774314e-02
8.818708869384828120e-02
9.760749964100590148e-03
9.753255113097658580e-03
7.756301571419488283e-02
3.704424367176883948e-02
2.235869432632142662e-02
6.488436702098088205e-02
1.705659281356375345e-02
4.997648496962625586e-02
1.446181221566700259e-02
2.227492034383349306e-02
3.239750331940260963e-02
8.385950562268540409e-03
3.293674226156628748e-02
7.221324314634447461e-02
3.282593637776809459e-02
7.197229194746945780e-02
5.094161893752602310e-02
2.529798018720086361e-02
8.392586634167820137e-02
4.005368769310990729e-02
4.509909190342220597e-03
3.686690762324040804e-02
5.966930069781817281e-02
1.538885665981037931e-02
6.056930890996348182e-03
2.628882634623952441e-02
5.410295416504240507e-02
2.055805653314290993e-02
3.703520743329136167e-03
6.951643473770641179e-02
1.453309937158486775e-02
4.749953927782968321e-02
1.894543099743106751e-02
4.934278066372499438e-02
7.168978037884166099e-02
3.171746781825302008e-02
1.291327307063028229e-02
1.573580237004179594e-02
1.984418316497738033e-01
1.339150663590231716e-01
3.478299038452536962e-02
9.277038810944659986e-03
2.005637030133744503e-02
1.383515690836301104e-02
3.178026742890871503e-02
1.733947015709764727e-01
4.452995475649412782e-02
5.589891474969110874e-02
2.327430198001589901e-01
2.180560125700381491e-02
2.698664252891971316e-01
6.496783353245749737e-02
3.449561556491644865e-01
0.000000000000000000e+00
1.533959636218744649e-01
4.898261784615165482e-03
3.475080008025166478e-02
1.359022350091452225e-01
5.677227043286769970e-03
2.094610790188333738e-02
1.456761906178627441e-02
2.925036650913170888e-02
3.165716660825417250e-01
4.419880348841065398e-02
4.577891679853074436e-02
1.352899982713253735e-01
1.333651988768291830e-01
2.252420468714788626e-02
6.151562831131585085e-02
8.973443010113157925e-03
3.833633487985643740e-02
6.285221959766484900e-02
1.944097046023669506e-01
8.671394963335998796e-02
4.864912073820182314e-02
5.769123953675592276e-02
4.577657900651477263e-02
1.012552119231457937e-03
4.767981917785757418e-02
1.332351690035045166e-01
4.307240774995868549e-02
9.837461074651443482e-03
2.570784202017684095e-02
1.197271381650324429e-01
1.584599733879237249e-01
8.817258178414544290e-02
9.996409030230068993e-02
2.682335027876634470e-01
9.277604658738702881e-02
2.700329070107354568e-02
9.540053496759259843e-02
7.461501029259309803e-02
1.131025214447660687e-01
0.000000000000000000e+00
3.571117960203551434e-02
4.527423322767099023e-02
2.517282548753385640e-03
1.357268482836682111e-01
2.721017890603416589e-02
1.038806880615545936e-01
1.761398574049444221e-02
9.222642607528630521e-02
8.622371580208465502e-02
5.929098112738628856e-02
6.999976950983821666e-02
0.000000000000000000e+00
1.534909909437054409e-02
5.378144693937159104e-04
1.427497670840960353e-02
7.818779119202368122e-03
6.671283517962756093e-03
1.378399221579460487e-01
1.808818411393975367e-02
5.965480457757266208e-02
1.139333568768208238e-02
3.166451620676369316e-02
5.794991931870985269e-02
1.643862148465036199e-02
3.040692458831006917e-02
2.552829223351160692e-02
1.071158349978533764e-01
1.241484585499552651e-02
5.910392882624293520e-04
0.000000000000000000e+00
1.532830549849437674e-01
7.388063096818164865e-03
3.205930317658811646e-03
1.073396299714470814e-01
4.649079180986426252e-02
0.000000000000000000e+00
4.113532518719242859e-02
1.520283804031130614e-02
1.219180508772330640e-01
2.467592294140708020e-02
3.476916115858497136e-02
5.821139790764817690e-03
2.184325804905462576e-03
2.457205793351935341e-02
3.044910417079105258e-02
1.519144559471552469e-02
0.000000000000000000e+00
6.199745282240609612e-02
1.617654363631348957e-02
1.161036348904964655e-03
1.210574941105413416e-02
7.445803074963563972e-04
1.111086181410847473e-02
0.000000000000000000e+00
1.092413431233296706e-02
1.348984794975089940e-01
0.000000000000000000e+00
1.468616691940258789e-01
1.620818783754325310e-01
1.044337605133112135e-01
4.007471134846340988e-02
3.399578657493638190e-01
2.419725905531810994e-01
5.963385770836460154e-02
1.864422550334410289e-02
1.458661987069893584e-01
1.845110878296809531e-01
1.095142279204743829e-01
1.087102761955911490e-01
7.704870887835113535e-03
1.781296248293093853e-01
9.775835167173863027e-02
1.323958799526714358e-01
5.976722185793015285e-02
2.061393997680749379e-02
2.490952640748274050e-01
2.127391191957759276e-01
1.721398613244140563e-02
1.143441492101882062e-02
1.746796514559090241e-02
6.384922086624023052e-02
9.523808868712180242e-03
0.000000000000000000e+00
1.198786141877850042e-02
2.511597238490903550e-02
5.611187064826417270e-02
2.003073726291937362e-02
6.956652390235618100e-02
5.379377401605278664e-02
1.747794159954558779e-01
1.123641893470406217e-02
3.669646215991573257e-02
9.936671512800288042e-02
1.237170765672335193e-02
3.698721059778087294e-02
1.335767311993762974e-02
1.842962259602209940e-02
4.351158397965715352e-02
2.053286754577765549e-02
3.766927035859080064e-02
2.882559128877204557e-02
2.647764008985920015e-02
0.000000000000000000e+00
8.140781022675191991e-02
4.999822713370072336e-03
2.698029692258252510e-02
5.716302621611024648e-02
7.647156958601719623e-02
1.789602610761775736e-02
3.999553964649571469e-03
2.334058401715211062e-02
6.808466292456483160e-02
8.877461708701961385e-02
8.163369373478168711e-03
1.484693148467552959e-01
2.114188892297255151e-01
4.227163891718177524e-03
3.533635947802160615e-02
3.398783821920670078e-02
2.416515291095855389e-02
6.957193677976647450e-02
8.835686089166561175e-02
5.057275036285702186e-02
1.375536362052631745e-02
9.535811289950402170e-03
2.261654526871925697e-02
3.268864736419008210e-02
3.076258972371626044e-03
3.936099479284749236e-03
5.694028622051128252e-02
3.860257526344312851e-02
2.494354829497602566e-02
1.278745012544746373e-02
3.299803020730873726e-02
1.522115435327657806e-01
4.819896967440762126e-02
7.216772258114811933e-02
4.088675622408999288e-04
6.850695394944938954e-02
4.631084172235233609e-03
0.000000000000000000e+00
3.631059840760109125e-02
3.003241993630556550e-02
1.626101189342721298e-01
2.705172564060038809e-01
9.552897055925768655e-03
5.551873444295196691e-03
2.760493923369544689e-02
2.654030859741496329e-02
4.246646473082282824e-02
3.466686816254682668e-02
4.178190046096830201e-02
2.434944847316078409e-02
1.685515713159091433e-02
5.252581320070781601e-03
3.152761405526049998e-02
6.862544850303464727e-03
4.565155711833135399e-03
1.053290704035969583e-02
2.891730959841964932e-03
6.540728283678021171e-03
1.871484916689869493e-02
7.426360667201947763e-02
2.222828408252208732e-02
8.073334627324868507e-02
1.335166097001927454e-02
4.241812557480439949e-02
1.892440704736930712e-01
2.660443290698299990e-02
2.606785091682706224e-02
6.853314224495754559e-03
6.912893498738714726e-02
2.170324775008225515e-04
9.804235885408907336e-02
5.745852080484503688e-03
2.143353561722793899e-02
4.478640321379101508e-01
1.503004883143432835e-02
3.442696954923718522e-03
8.016303855826301117e-03
3.004563121220549249e-03
2.603056676210524500e-02
7.378007726146407208e-02
1.508836473738295325e-02
5.696614819230561011e-03
9.679530882055331631e-02
5.954745226648583412e-02
3.767562370926480497e-02
4.794724902769331720e-03
7.742138287756983317e-02
3.340386261897787534e-02
4.834469504670568796e-02
3.362845507775880094e-03
9.274556420204582707e-03
2.133552603723387620e-02
8.057682043411062978e-02
8.013161309090310880e-02
6.756658503842061236e-02
3.358062809980921770e-02
4.214931371558705564e-02
2.904959769275805570e-02
3.724874000879641045e-02
0.000000000000000000e+00
8.077625495158624602e-02
4.506242245119196355e-04
2.416571222236552074e-02
1.116902641191064305e-02
9.698738249456262395e-02
3.236709921721647731e-03
9.102308978220285951e-03
0.000000000000000000e+00
4.809036736849492399e-02
2.520899279656863001e-02
2.508563169814070903e-02
1.428686910057042070e-02
8.049131376007867544e-02
4.998128038121940619e-03
1.304448930297370524e-01
1.529498947022034372e-02
1.418895740804160255e-02
8.430632659289294395e-02
2.003620950585727201e-02
3.034130823317404690e-02
8.172654037933213544e-03
6.495103372292110322e-02
3.367377466674463804e-01
1.064991769228562646e-02
1.429762115041413040e-01
7.280372830151016217e-02
8.906844297886351569e-03
1.143005611952574441e-02
7.370816312581229823e-02
3.498964420190375790e-03
6.032488078189235381e-02
1.037074634296084596e-01
1.605621029073578399e-02
2.016529068965215998e-01
6.721144576861082243e-02
2.209812948387117615e-01
2.588891430372273206e-01
3.309477270062455290e-02
4.229340624241739732e-02
9.148269807125064546e-02
3.878283849535524297e-02
6.328276805594423848e-02
1.423743976881644002e-01
1.442528991109792713e-02
4.973206066289570515e-02
4.884656389946506749e-03
2.536958635037844800e-02
2.445060953002453630e-03
2.595481948027611452e-02
4.896843952044704906e-03
3.430221153693313596e-02
4.713038413660708414e-02
9.267050059403647566e-02
1.667403351104468356e-02
2.215096570246455343e-02
4.758400091251502317e-03
9.590115212132488409e-02
1.908826054668733008e-02
2.085965997902938796e-02
1.003564205068281368e-01
2.149405284807404115e-02
1.149760357404465694e-01
4.609459555293682342e-05
4.333149097900168556e-02
7.918969591123570240e-02
2.706408808786990861e-01
2.049152493767847361e-01
9.392617843735262539e-02
5.882357908904012334e-03
2.764992995993598157e-02
2.507961307530415240e-02
6.449626057291357739e-02
2.061479924142073372e-02
3.755398150303523863e-02
1.063294357850264049e-02
5.207052181778148991e-02
3.644992705634120256e-02
1.971701682739812611e-02
5.202151495209772492e-02
2.598310437967032982e-02
2.425314503303876990e-02
4.938497255526019813e-02
2.523690809822376480e-02
3.624630932030914465e-02
4.267093841918621067e-01
1.170905212461725853e-02
6.004609202853927741e-02
1.069847767036513631e-02
8.792268175731532409e-02
4.928535176410875351e-02
2.834025108062476761e-02
1.049405472080469082e-01
5.989128165779966650e-02
9.814410584214172673e-03
0.000000000000000000e+00
5.029216099930344797e-02
0.000000000000000000e+00
4.584142102742472247e-02
2.217108910406651034e-02
1.472758078922264957e-02
1.482199699534625381e-02
1.678439604709263122e-01
2.151316351628160817e-01
1.368149259591593392e-01
1.736511994211831222e-01
1.529932125748318938e-01
3.073845719930368148e-02
2.379256717839339785e-04
4.747199714195904363e-02
2.081915634637709900e-02
7.454178007916922866e-03
3.404107169968639823e-03
4.817143549769475896e-02
3.017012036825228449e-02
8.657580933985720151e-02
7.590014751570528517e-02
1.882246238864393462e-02
3.721620957639615312e-04
2.718829758963536847e-03
3.070143589581064703e-02
2.928745803971466444e-02
1.887119367589562557e-02
1.259598702016617722e-02
1.343549231428902146e-01
6.264946333779430887e-02
5.403261043948681674e-02
3.651398124130089684e-02
8.870995031591455415e-02
4.820998337493254127e-02
0.000000000000000000e+00
2.075298961878768722e-02
3.447316154181656600e-02
1.096592871172763495e-02
3.947337240422932325e-02
1.281426334023230140e-01
7.063902404414701408e-02
8.557495498876033224e-02
1.268212998641082834e-02
5.380305489454073609e-02
1.387145390611710383e-02
3.202087963986599561e-02
2.856975465430622307e-03
3.321382086238537923e-01
8.963818793155109432e-02
2.422237772257798127e-01
5.505057055253459453e-02
9.304056643120173220e-02
1.056392401027181904e-01
9.386551322816849563e-03
1.073070441592030022e-01
1.338349123886928282e-02
1.027268429575238784e-01
2.748987058768381786e-02
8.713476818331322704e-02
1.012394230181161703e-01
2.242263196356386601e-02
1.589450040067230674e-02
4.586566265433846823e-01
7.834126761389814675e-02
2.511356796637036481e-01
2.171616845216828295e-02
2.957151071491752603e-01
2.385054563910848913e-02
1.867293977403949867e-02
2.423498730518236499e-02
1.055760018379103826e-01
1.158880296457809322e-02
6.895425635270235887e-03
1.203481314986731832e-02
0.000000000000000000e+00
1.400890392924480921e-02
2.626617408616027660e-03
1.541058735041254124e-01
9.129624647473910670e-03
9.474421719238801387e-02
4.480015290484828938e-02
1.399616828620064979e-02
2.330716830084966773e-02
5.141905312387784477e-03
1.855212643883330514e-02
1.153501612060772175e-01
5.230249286143795473e-02
2.180151946268615859e-02
2.903222152926332456e-02
5.169674906955457061e-02
4.560582590539485892e-02
1.589219136832387136e-02
0.000000000000000000e+00
2.946423831943079108e-02
9.136641543900481111e-03
2.190589838569501069e-02
7.301286574581222766e-02
1.404553806643171754e-02
7.509499594041724180e-02
9.270959933689759680e-03
1.189741307811242876e-02
3.237079879823490103e-02
1.679283681597185662e-01
1.254309867379355126e-02
7.010174611635999753e-02
1.929746349736634059e-01
1.108318532861352068e-01
1.043482474761656675e-01
6.352150660237221302e-02
1.292299114631134671e-02
2.183240646314414946e-01
1.970087617328175611e-02
7.229351698706665275e-02
3.805375570848568145e-02
3.523085450036766986e-03
1.065503452874061452e-02
5.940127636860026428e-02
1.969677768222233283e-02
1.759101925258761412e-01
3.701027134334822222e-02
6.457198848597922591e-02
8.991331580002359658e-02
1.342781585701224856e-02
4.653149007146861749e-02
7.871526320165589397e-02
7.450308087670354240e-02
1.836490819310121481e-02
4.477975622718766147e-02
4.830996315653290907e-02
1.716356453881040522e-02
8.388581842167397440e-03
7.624502771249730415e-02
9.841304211371237898e-02
9.684278913439925418e-03
1.829595101469747576e-01
1.541882516166204198e-02
2.750191730860045425e-01
2.201268971931211738e-01
9.957972085216759695e-03
7.363795544420348449e-03
1.015810728360113657e-01
4.980090519919233571e-02
5.817537872027322976e-02
6.534961114356985235e-02
9.673734284636026359e-03
1.236022427614891228e-03
2.768559492732469707e-01
4.568964484483828414e-02
2.191337063746967573e-02
6.724114137930392587e-02
5.427904265493932456e-02
2.851598906177610360e-02
5.548559018044674218e-02
2.723256529314443952e-02
1.002600708221086379e-01
2.319216132509893669e-02
5.252392970855979115e-02
2.612196192557014740e-02
7.695395844660168905e-04
2.788758709079086628e-02
6.790527630690235128e-02
2.567072953795879187e-02
1.317667768354775504e-01
1.227057340278907560e-01
6.493296916786750472e-02
3.088306206031621315e-02
1.158383743970610169e-01
7.561237392609676533e-02
6.257047561630901811e-02
1.377646191270365250e-01
6.441149937071610765e-02
6.755043222146817072e-03
2.299475712956677853e-02
1.063527856916746117e-02
3.268631264630084132e-02
5.609424899583270729e-02
2.878419216414584980e-02
8.593165573327254947e-02
7.231064232033013184e-03
4.524298196588283361e-03
1.562122486535599819e-02
8.263626007378732652e-03
7.557512269912347591e-02
3.028447586530127467e-01
8.656492518552383331e-03
7.343733623043480208e-02
1.067321432228105493e-01
2.315795067810455521e-02
9.908434206204042027e-02
1.592656266471097481e-01
5.600182690567567789e-02
4.673090354438791394e-02
6.469973129276773705e-03
3.361782113090505675e-02
2.351230982026004668e-01
1.651143225744444720e-02
3.742303025174198439e-02
3.709403832236279897e-02
0.000000000000000000e+00
1.023285272305241023e-02
4.797482245487572072e-02
0.000000000000000000e+00
2.565797190957237461e-01
1.322349891870810978e-02
3.869857809299936946e-02
4.541271723913897773e-02
2.900372505002835055e-02
7.516335272512364440e-02
6.020978043542157820e-02
2.008808294331032585e-01
4.670541884137957567e-02
3.003350312341712680e-01
1.574534448870323899e-01
6.094589833523134104e-02
6.495665127437533215e-02
1.816540927513381476e-01
1.541930415384857866e-01
1.684755209533683740e-02
1.991883314288500628e-01
3.014018405634200093e-02
4.238680734584132637e-02
5.448670583132475542e-03
3.338025372890349729e-01
6.236416769589947506e-02
7.534288695611301989e-02
3.263308400804909581e-02
1.251490276829514414e-02
7.572814010630679604e-02
2.597941391260416566e-02
5.169952428579893677e-02
5.974083765103266330e-02
2.732897394774980171e-02
2.651299630763048754e-02
2.651473106086594811e-01
1.368317755977983552e-01
4.074346141359885820e-02
9.519183364602401554e-02
4.691438870288955343e-02
2.660059096086646591e-01
3.185827117153650079e-02
2.410310687059791235e-02
5.349335944856647984e-03
1.031465731094094451e-02
1.934663393973234946e-02
9.421468906167795865e-02
4.047470676862285899e-02
1.986331989593494995e-01
7.804570864885818082e-02
2.248026395626467888e-02
7.269759311493650955e-03
7.327731013269556115e-03
0.000000000000000000e+00
2.015850150281091047e-01
7.897821722256193056e-02
7.264801228950457102e-02
5.108271779452788763e-02
6.371182764227611983e-02
1.637647085219633425e-01
1.567939051717281984e-02
7.485532035406627926e-02
4.879750270967875281e-02
3.695648534166373622e-03
1.362348339719847701e-01
9.554909873531691744e-03
1.781848417156872699e-02
7.359446939938063537e-02
2.967135273478671564e-02
2.086422061935877537e-02
2.240824151004261466e-02
3.618856405466885917e-03
1.718735771793689082e-02
1.904385719324164228e-02
1.024227430101429803e-01
6.247454420842402101e-04
2.399945744053777474e-02
1.096930480133373464e-03
1.655519524886637228e-01
5.314659371254215614e-02
3.148333380239520807e-02
1.072472064127545366e-01
4.482368577027795453e-02
3.887632699358434252e-02
2.680488647829619708e-01
5.465777188729958880e-02
6.798771168410677745e-02
3.575663001000251029e-02
7.666512295202654315e-02
1.147407731208556214e-01
0.000000000000000000e+00
5.484409037614579319e-02
4.389675386453184558e-02
2.541779392166443330e-02
1.331403247072087126e-01
2.682102363403782164e-02
6.118097414259970890e-02
1.741313524784082745e-02
3.654812879219981880e-02
1.116295956426860414e-02
3.609443286613256419e-02
3.069145006762497019e-02
2.132298573045865453e-02
3.814633213358309405e-02
5.483488718559836883e-02
1.019990490016198237e-02
1.299054479660304295e-01
7.268004199689404032e-02
6.748021523866931659e-02
7.505792990835224998e-02
1.544849366116629596e-02
1.148854617791528199e-02
1.121251464830663735e-05
1.187322725046602301e-01
8.013781815415121912e-03
3.073796813026152819e-02
4.578822415162608905e-02
1.172178117163786837e-01
1.414021901346895760e-02
6.059535747197397626e-02
8.684986765548075027e-03
8.141027747077700383e-03
1.798706321995524604e-03
0.000000000000000000e+00
2.478884440266426736e-02
0.000000000000000000e+00
1.220691469274282071e-02
9.120958630061792860e-03
9.359839563911620530e-03
5.083855026470018856e-02
2.026214313392991073e-01
1.491425705056048656e-02
9.426418982737772012e-03
8.324540447986183977e-02
4.114649662177871647e-02
4.948496201489493984e-02
1.580532242429377732e-02
1.268084227880681425e-01
4.073541820055393003e-02
2.248070357085980575e-01
1.604113255022987516e-02
4.495592463651920667e-02
7.011222647032955280e-02
5.299875717370383654e-02
1.542713254794225719e-02
2.424680230446067952e-01
9.428164722496745753e-03
7.661070886361365240e-03
3.580333424933002107e-02
1.638130360895884152e-01
1.984551959194202908e-02
4.790544704423371769e-02
3.824706994228765922e-02
6.608083218663107772e-02
2.564718646439256844e-02
1.126359717525717841e-01
2.657762530773322140e-02
5.114633831949788600e-02
7.093453986523279298e-02
7.091510648251642124e-03
5.099638863464850402e-02
1.207236876433093187e-02
3.506055275522612646e-03
1.147755082048895758e-03
2.278312021747108673e-02
0.000000000000000000e+00
1.915601045491932553e-03
1.060563730252894743e-02
2.293515254672318093e-02
3.131378878240909103e-02
6.837995286682385654e-02
3.494458996215143998e-02
1.298462767576324950e-02
4.092575980054746765e-04
9.474794165057254247e-03
2.072976722865238486e-01
1.540117465327650592e-02
7.210538663735821530e-02
3.002420588115040090e-01
2.354428891816695568e-01
3.616819918598679351e-02
9.438772521618510325e-03
0.000000000000000000e+00
2.123843019670079713e-02
3.393593854674747945e-03
1.371887604218535728e-02
1.118887817240388216e-02
3.913016642617783702e-03
4.434063131816223802e-02
7.044116740223937967e-02
1.140396592518744256e-02
4.739115567798624085e-02
2.029437563744558304e-01
3.453706822606150695e-03
6.833606399271285881e-02
1.822102925373005888e-01
2.870752888202066089e-02
1.087756325340816232e-02
6.080924221518557715e-02
1.596817394845295723e-03
1.276271918343852008e-02
1.470645452374812479e-01
2.182612778337231774e-01
3.228600792615488047e-02
7.699679254568714271e-02
1.017625452245409789e-01
2.916670337172355687e-02
1.057680157558227307e-02
2.878157277947313020e-02
2.149179934133806924e-01
1.715343723235607243e-01
1.012624005521267634e-02
0.000000000000000000e+00
1.428472324974539021e-02
0.000000000000000000e+00
8.528257301162689430e-03
3.048600282311575427e-03
1.480666364535059287e-01
4.967947447137355255e-02
1.663041958852051749e-02
6.338962016603666427e-03
5.781026984828852022e-02
1.307777572073192118e-01
7.920999111248328006e-03
4.459994242806608611e-02
2.127895480858743582e-02
1.990983072133190035e-02
5.083651096140684444e-02
4.514490619905053848e-03
2.104218974738891745e-02
2.540563758450975484e-02
1.885669378598731072e-02
6.660377535103734203e-04
4.257818404387387901e-01
3.807947381523035801e-02
6.872268988289675917e-02
1.855401306023569674e-01
1.015686652759590913e-01
4.680329385286174926e-02
7.511184518680380506e-04
5.064902296529893988e-04
4.780196950708415216e-02
1.192439263070905753e-01
2.732613961572472050e-02
7.698432825899992338e-03
2.229078219912494774e-01
3.574663337847550082e-02
1.572646235413532878e-02
0.000000000000000000e+00
1.550442832977338981e-03
6.888984476336901253e-03
4.560725177733537805e-03
2.321641506453708814e-02
6.407139698156427698e-03
1.191762746698366016e-02
1.887275002486532571e-03
3.015225639707797001e-02
9.551768739029853350e-03
7.443537486979678874e-03
1.069074997411476602e-01
1.636698982790916190e-01
2.914947375698684340e-02
8.161518341569529156e-02
5.208889729437160554e-02
7.347113213486888839e-02
5.495279828635624142e-02
5.293646591599809881e-03
6.074892794089326031e-02
1.698986716654271589e-02
4.677627200212963743e-02
2.010069574056405628e-02
2.774809697204450032e-02
1.438104549825602874e-02
1.064653782719862107e-01
3.472410983925477979e-03
0.000000000000000000e+00
3.747303852581751471e-02
1.495904624438093578e-02
6.726768604250921157e-03
0.000000000000000000e+00
1.971284149392182883e-03
3.455329475316126775e-03
2.582085498725739114e-03
4.593870026168289655e-03
3.308193558214433949e-03
2.410871647293610920e-02
8.166374331088022132e-03
2.493349374710263078e-02
4.420454377926308354e-02
0.000000000000000000e+00
0.000000000000000000e+00
2.427716989021710958e-02
2.895951976207733480e-02
6.560213293877570351e-02
3.039692570925911497e-02
1.781995987606688203e-02
1.125783568103351229e-01
1.129614203170969944e-02
5.337256618936692121e-03
1.041678656765920863e-02
7.439926004888519628e-03
7.575871844039028247e-02
2.790761433791644208e-03
2.404803785205444910e-02
0.000000000000000000e+00
7.636214086957693326e-03
9.417437399494410499e-03
6.806350370899405533e-02
5.549988783359438571e-02
6.912750361792685538e-02
8.366965448324492627e-03
3.632131691650997141e-03
4.131245693069374170e-02
1.370401181640321653e-01
1.978437754255768510e-02
3.810705608773723441e-03
1.375121370981702285e-02
2.114854652241682231e-02
4.163313353075093204e-02
5.305576728362648709e-02
4.773685876570965547e-02
2.392796112110104900e-01
7.018260767853501392e-02
2.937375925728780146e-02
8.287794902674949782e-02
3.567272361827367178e-02
1.537838450742423646e-02
4.270721744160077549e-02
6.481871785618587012e-02
4.183452582231428352e-02
1.095739427297219848e-01
1.530612129109334418e-01
7.347530560620185724e-02
6.785329453795618804e-03
2.920643629985653078e-01
4.104877611590040942e-02
8.820998147979253190e-02
1.103719327707137765e-01
4.423309954360199470e-01
1.289427771955686808e-01
1.018336613358705733e-02
7.853901635285698291e-02
2.973485520902041657e-02
6.539104664206174533e-02
2.541660612607010705e-02
5.043053285630172411e-02
5.400199130697824756e-02
8.464067225120608384e-03
1.625439968731701157e-02
2.456400884820464370e-02
1.152806097181979794e-02
2.552596909548476845e-02
5.054546216947475301e-02
5.284252496692420920e-02
2.213434648398138194e-02
3.913411940746680528e-02
8.186921386721479621e-02
4.821914061505339077e-03
1.301979854141652737e-01
2.669103709029840843e-03
1.130024154718167750e-02
1.035116229618981976e-02
1.525417767018399928e-02
8.940714507662139710e-02
1.188935472071470656e-01
4.095298878571185242e-03
1.833566403324971006e-01
2.449572291799739787e-02
4.190769107225644774e-02
3.964952524265363820e-02
3.035925091457380987e-01
8.707705561000089745e-03
1.437492108248328293e-02
7.750701802729587087e-02
5.340478927105429818e-03
1.655155221032877932e-02
2.880287576946027883e-02
6.241988054149150145e-02
7.337496564842371782e-02
9.610863668316582675e-02
2.231693850788980527e-01
1.360500450364563463e-01
3.218224029505378780e-02
8.532655466595429061e-03
2.525581872696474051e-01
1.121436822295667213e-01
3.479892800088713045e-02
4.336802798338901255e-02
4.485876351251238958e-02
2.443366242017930290e-02
6.305084974707497736e-03
1.854852846668872957e-01
1.604133907924421010e-02
1.183226362208689153e-02
4.146208302282516911e-04
1.712794341576904245e-01
3.162639059413230314e-02
1.230943055355560034e-02
4.682814904778176412e-03
1.127693130385205578e-01
2.536019344054896152e-02
3.065257322282128882e-01
3.980844813486159595e-01
5.806151186019903321e-03
1.684957164273459540e-02
1.971291271816273394e-01
1.936496149628004204e-01
1.500407099923073417e-01
1.476870910511873802e-02
